110.000000 ,29.070000 ,1.000000 ,1.000000
110.000000 ,28.560000 ,2.000000 ,1.000000
110.000000 ,28.050000 ,3.000000 ,1.000000
110.000000 ,27.090000 ,4.000000 ,1.000000
110.000000 ,26.310000 ,5.000000 ,1.000000
110.000000 ,25.850000 ,6.000000 ,1.000000
110.000000 ,25.070000 ,7.000000 ,1.000000
110.000000 ,24.070000 ,8.000000 ,1.000000
110.700000 ,32.120000 ,9.000000 ,1.000000
110.700000 ,30.650000 ,10.000000 ,1.000000
110.700000 ,30.260000 ,11.000000 ,1.000000
110.700000 ,29.450000 ,12.000000 ,1.000000
110.700000 ,28.830000 ,13.000000 ,1.000000
110.700000 ,27.970000 ,14.000000 ,1.000000
110.700000 ,27.060000 ,15.000000 ,1.000000
110.700000 ,25.170000 ,16.000000 ,1.000000
110.700000 ,24.700000 ,17.000000 ,1.000000
110.700000 ,24.190000 ,18.000000 ,1.000000
111.400000 ,30.650000 ,19.000000 ,1.000000
111.400000 ,30.260000 ,20.000000 ,1.000000
111.400000 ,29.540000 ,21.000000 ,1.000000
111.400000 ,28.800000 ,22.000000 ,1.000000
111.400000 ,27.840000 ,23.000000 ,1.000000
111.400000 ,27.180000 ,24.000000 ,1.000000
111.400000 ,26.700000 ,25.000000 ,1.000000
111.400000 ,25.110000 ,26.000000 ,1.000000
111.400000 ,24.310000 ,27.000000 ,1.000000
112.100000 ,30.650000 ,28.000000 ,1.000000
112.100000 ,30.160000 ,29.000000 ,1.000000
112.100000 ,29.540000 ,30.000000 ,1.000000
112.100000 ,28.800000 ,31.000000 ,1.000000
112.100000 ,28.220000 ,32.000000 ,1.000000
112.100000 ,27.740000 ,33.000000 ,1.000000
112.100000 ,27.200000 ,34.000000 ,1.000000
112.100000 ,26.580000 ,35.000000 ,1.000000
112.100000 ,25.850000 ,36.000000 ,1.000000
112.100000 ,25.280000 ,37.000000 ,1.000000
112.100000 ,24.770000 ,38.000000 ,1.000000
112.100000 ,24.290000 ,39.000000 ,1.000000
112.800000 ,29.100000 ,40.000000 ,1.000000
112.800000 ,28.550000 ,41.000000 ,1.000000
112.800000 ,28.010000 ,42.000000 ,1.000000
112.800000 ,27.530000 ,43.000000 ,1.000000
112.800000 ,27.020000 ,44.000000 ,1.000000
112.800000 ,25.640000 ,45.000000 ,1.000000
112.800000 ,25.130000 ,46.000000 ,1.000000
112.800000 ,24.590000 ,47.000000 ,1.000000
113.500000 ,31.320000 ,48.000000 ,1.000000
113.500000 ,29.940000 ,49.000000 ,1.000000
113.500000 ,28.610000 ,50.000000 ,1.000000
113.500000 ,28.130000 ,51.000000 ,1.000000
113.500000 ,27.590000 ,52.000000 ,1.000000
113.500000 ,25.850000 ,53.000000 ,1.000000
113.500000 ,25.130000 ,54.000000 ,1.000000
113.500000 ,24.590000 ,55.000000 ,1.000000
113.500000 ,24.010000 ,56.000000 ,1.000000
114.200000 ,29.180000 ,57.000000 ,1.000000
114.200000 ,28.430000 ,58.000000 ,1.000000
114.200000 ,27.860000 ,59.000000 ,1.000000
114.200000 ,25.130000 ,60.000000 ,1.000000
114.200000 ,24.620000 ,61.000000 ,1.000000
114.900000 ,30.890000 ,62.000000 ,1.000000
114.900000 ,29.940000 ,63.000000 ,1.000000
114.900000 ,28.910000 ,64.000000 ,1.000000
114.900000 ,28.430000 ,65.000000 ,1.000000
114.900000 ,27.860000 ,66.000000 ,1.000000
114.900000 ,27.290000 ,67.000000 ,1.000000
114.900000 ,25.380000 ,68.000000 ,1.000000
114.900000 ,24.890000 ,69.000000 ,1.000000
115.600000 ,30.440000 ,70.000000 ,1.000000
115.600000 ,28.790000 ,71.000000 ,1.000000
115.600000 ,28.010000 ,72.000000 ,1.000000
115.600000 ,27.410000 ,73.000000 ,1.000000
115.600000 ,26.900000 ,74.000000 ,1.000000
115.600000 ,25.810000 ,75.000000 ,1.000000
115.600000 ,25.310000 ,76.000000 ,1.000000
115.600000 ,24.810000 ,77.000000 ,1.000000
116.300000 ,32.690000 ,78.000000 ,1.000000
116.300000 ,30.440000 ,79.000000 ,1.000000
116.300000 ,29.660000 ,80.000000 ,1.000000
116.300000 ,29.000000 ,81.000000 ,1.000000
116.300000 ,28.490000 ,82.000000 ,1.000000
116.300000 ,27.830000 ,83.000000 ,1.000000
116.300000 ,27.200000 ,84.000000 ,1.000000
116.300000 ,26.720000 ,85.000000 ,1.000000
116.300000 ,26.030000 ,86.000000 ,1.000000
116.300000 ,25.050000 ,87.000000 ,1.000000
117.000000 ,32.780000 ,88.000000 ,1.000000
117.000000 ,30.470000 ,89.000000 ,1.000000
117.000000 ,29.660000 ,90.000000 ,1.000000
117.000000 ,28.910000 ,91.000000 ,1.000000
117.000000 ,28.430000 ,92.000000 ,1.000000
117.000000 ,27.890000 ,93.000000 ,1.000000
117.000000 ,27.200000 ,94.000000 ,1.000000
117.000000 ,26.330000 ,95.000000 ,1.000000
117.000000 ,25.080000 ,96.000000 ,1.000000
117.000000 ,24.440000 ,97.000000 ,1.000000
117.700000 ,32.380000 ,98.000000 ,1.000000
117.700000 ,30.770000 ,99.000000 ,1.000000
117.700000 ,30.240000 ,100.000000 ,1.000000
117.700000 ,29.620000 ,101.000000 ,1.000000
117.700000 ,28.970000 ,102.000000 ,1.000000
117.700000 ,28.460000 ,103.000000 ,1.000000
117.700000 ,27.830000 ,104.000000 ,1.000000
117.700000 ,27.200000 ,105.000000 ,1.000000
117.700000 ,26.600000 ,106.000000 ,1.000000
117.700000 ,25.930000 ,107.000000 ,1.000000
117.700000 ,25.380000 ,108.000000 ,1.000000
117.700000 ,24.660000 ,109.000000 ,1.000000
118.400000 ,-56.625000 ,110.000000 ,0.000000
118.400000 ,32.780000 ,111.000000 ,1.000000
118.400000 ,31.390000 ,112.000000 ,1.000000
118.400000 ,30.690000 ,113.000000 ,1.000000
118.400000 ,29.530000 ,114.000000 ,1.000000
118.400000 ,28.850000 ,115.000000 ,1.000000
118.400000 ,28.310000 ,116.000000 ,1.000000
118.400000 ,27.800000 ,117.000000 ,1.000000
118.400000 ,27.320000 ,118.000000 ,1.000000
118.400000 ,26.780000 ,119.000000 ,1.000000
118.400000 ,25.700000 ,120.000000 ,1.000000
118.400000 ,25.080000 ,121.000000 ,1.000000
118.400000 ,24.570000 ,122.000000 ,1.000000
119.100000 ,32.660000 ,123.000000 ,1.000000
119.100000 ,31.740000 ,124.000000 ,1.000000
119.100000 ,30.880000 ,125.000000 ,1.000000
119.100000 ,30.060000 ,126.000000 ,1.000000
119.100000 ,29.500000 ,127.000000 ,1.000000
119.100000 ,28.940000 ,128.000000 ,1.000000
119.100000 ,28.450000 ,129.000000 ,1.000000
119.100000 ,26.930000 ,130.000000 ,1.000000
119.100000 ,25.350000 ,131.000000 ,1.000000
119.100000 ,24.850000 ,132.000000 ,1.000000
119.800000 ,34.170000 ,133.000000 ,1.000000
119.800000 ,33.670000 ,134.000000 ,1.000000
119.800000 ,32.250000 ,135.000000 ,1.000000
119.800000 ,30.660000 ,136.000000 ,1.000000
119.800000 ,29.810000 ,137.000000 ,1.000000
119.800000 ,29.100000 ,138.000000 ,1.000000
119.800000 ,28.600000 ,139.000000 ,1.000000
119.800000 ,27.810000 ,140.000000 ,1.000000
119.800000 ,26.360000 ,141.000000 ,1.000000
119.800000 ,25.470000 ,142.000000 ,1.000000
119.800000 ,24.800000 ,143.000000 ,1.000000
120.500000 ,35.350000 ,144.000000 ,1.000000
120.500000 ,31.170000 ,145.000000 ,1.000000
120.500000 ,30.660000 ,146.000000 ,1.000000
120.500000 ,29.900000 ,147.000000 ,1.000000
120.500000 ,29.140000 ,148.000000 ,1.000000
120.500000 ,28.330000 ,149.000000 ,1.000000
120.500000 ,27.780000 ,150.000000 ,1.000000
120.500000 ,27.050000 ,151.000000 ,1.000000
120.500000 ,26.330000 ,152.000000 ,1.000000
120.500000 ,25.850000 ,153.000000 ,1.000000
120.500000 ,25.160000 ,154.000000 ,1.000000
120.500000 ,24.680000 ,155.000000 ,1.000000
121.200000 ,35.830000 ,156.000000 ,1.000000
121.200000 ,34.210000 ,157.000000 ,1.000000
121.200000 ,32.410000 ,158.000000 ,1.000000
121.200000 ,31.870000 ,159.000000 ,1.000000
121.200000 ,31.390000 ,160.000000 ,1.000000
121.200000 ,30.910000 ,161.000000 ,1.000000
121.200000 ,30.150000 ,162.000000 ,1.000000
121.200000 ,29.600000 ,163.000000 ,1.000000
121.200000 ,28.720000 ,164.000000 ,1.000000
121.200000 ,27.960000 ,165.000000 ,1.000000
121.200000 ,27.420000 ,166.000000 ,1.000000
121.200000 ,26.420000 ,167.000000 ,1.000000
121.200000 ,25.600000 ,168.000000 ,1.000000
121.200000 ,25.070000 ,169.000000 ,1.000000
121.900000 ,34.180000 ,170.000000 ,1.000000
121.900000 ,33.380000 ,171.000000 ,1.000000
121.900000 ,32.150000 ,172.000000 ,1.000000
121.900000 ,31.520000 ,173.000000 ,1.000000
121.900000 ,29.660000 ,174.000000 ,1.000000
121.900000 ,28.860000 ,175.000000 ,1.000000
121.900000 ,28.300000 ,176.000000 ,1.000000
121.900000 ,27.730000 ,177.000000 ,1.000000
121.900000 ,27.240000 ,178.000000 ,1.000000
121.900000 ,26.450000 ,179.000000 ,1.000000
121.900000 ,25.980000 ,180.000000 ,1.000000
121.900000 ,25.420000 ,181.000000 ,1.000000
121.900000 ,24.820000 ,182.000000 ,1.000000
122.600000 ,33.670000 ,183.000000 ,1.000000
122.600000 ,32.420000 ,184.000000 ,1.000000
122.600000 ,30.410000 ,185.000000 ,1.000000
122.600000 ,29.720000 ,186.000000 ,1.000000
122.600000 ,29.240000 ,187.000000 ,1.000000
122.600000 ,28.390000 ,188.000000 ,1.000000
122.600000 ,27.820000 ,189.000000 ,1.000000
122.600000 ,26.960000 ,190.000000 ,1.000000
122.600000 ,26.480000 ,191.000000 ,1.000000
122.600000 ,25.850000 ,192.000000 ,1.000000
122.600000 ,25.270000 ,193.000000 ,1.000000
123.300000 ,35.280000 ,194.000000 ,1.000000
123.300000 ,32.550000 ,195.000000 ,1.000000
123.300000 ,31.910000 ,196.000000 ,1.000000
123.300000 ,30.990000 ,197.000000 ,1.000000
123.300000 ,30.350000 ,198.000000 ,1.000000
123.300000 ,29.780000 ,199.000000 ,1.000000
123.300000 ,29.110000 ,200.000000 ,1.000000
123.300000 ,28.520000 ,201.000000 ,1.000000
123.300000 ,28.040000 ,202.000000 ,1.000000
123.300000 ,27.420000 ,203.000000 ,1.000000
123.300000 ,26.930000 ,204.000000 ,1.000000
123.300000 ,25.680000 ,205.000000 ,1.000000
123.300000 ,25.150000 ,206.000000 ,1.000000
124.000000 ,33.040000 ,207.000000 ,1.000000
124.000000 ,32.420000 ,208.000000 ,1.000000
124.000000 ,31.810000 ,209.000000 ,1.000000
124.000000 ,31.250000 ,210.000000 ,1.000000
124.000000 ,30.740000 ,211.000000 ,1.000000
124.000000 ,29.990000 ,212.000000 ,1.000000
124.000000 ,28.550000 ,213.000000 ,1.000000
124.000000 ,27.920000 ,214.000000 ,1.000000
124.000000 ,27.080000 ,215.000000 ,1.000000
124.000000 ,25.850000 ,216.000000 ,1.000000
124.000000 ,25.240000 ,217.000000 ,1.000000
124.700000 ,35.800000 ,218.000000 ,1.000000
124.700000 ,34.760000 ,219.000000 ,1.000000
124.700000 ,32.640000 ,220.000000 ,1.000000
124.700000 ,31.610000 ,221.000000 ,1.000000
124.700000 ,30.820000 ,222.000000 ,1.000000
124.700000 ,30.310000 ,223.000000 ,1.000000
124.700000 ,29.690000 ,224.000000 ,1.000000
124.700000 ,29.140000 ,225.000000 ,1.000000
124.700000 ,28.520000 ,226.000000 ,1.000000
124.700000 ,27.860000 ,227.000000 ,1.000000
124.700000 ,25.910000 ,228.000000 ,1.000000
124.700000 ,25.420000 ,229.000000 ,1.000000
125.400000 ,35.830000 ,230.000000 ,1.000000
125.400000 ,35.280000 ,231.000000 ,1.000000
125.400000 ,34.610000 ,232.000000 ,1.000000
125.400000 ,31.220000 ,233.000000 ,1.000000
125.400000 ,30.620000 ,234.000000 ,1.000000
125.400000 ,30.090000 ,235.000000 ,1.000000
125.400000 ,29.200000 ,236.000000 ,1.000000
125.400000 ,28.610000 ,237.000000 ,1.000000
125.400000 ,28.100000 ,238.000000 ,1.000000
125.400000 ,26.180000 ,239.000000 ,1.000000
125.400000 ,25.360000 ,240.000000 ,1.000000
126.100000 ,36.130000 ,241.000000 ,1.000000
126.100000 ,33.870000 ,242.000000 ,1.000000
126.100000 ,33.360000 ,243.000000 ,1.000000
126.100000 ,31.810000 ,244.000000 ,1.000000
126.100000 ,31.030000 ,245.000000 ,1.000000
126.100000 ,30.380000 ,246.000000 ,1.000000
126.100000 ,29.880000 ,247.000000 ,1.000000
126.100000 ,29.110000 ,248.000000 ,1.000000
126.100000 ,28.580000 ,249.000000 ,1.000000
126.100000 ,27.860000 ,250.000000 ,1.000000
126.100000 ,27.110000 ,251.000000 ,1.000000
126.100000 ,26.010000 ,252.000000 ,1.000000
126.100000 ,25.390000 ,253.000000 ,1.000000
126.800000 ,37.630000 ,254.000000 ,1.000000
126.800000 ,34.210000 ,255.000000 ,1.000000
126.800000 ,32.550000 ,256.000000 ,1.000000
126.800000 ,31.670000 ,257.000000 ,1.000000
126.800000 ,30.990000 ,258.000000 ,1.000000
126.800000 ,29.660000 ,259.000000 ,1.000000
126.800000 ,29.190000 ,260.000000 ,1.000000
126.800000 ,28.410000 ,261.000000 ,1.000000
126.800000 ,27.800000 ,262.000000 ,1.000000
126.800000 ,27.180000 ,263.000000 ,1.000000
126.800000 ,25.660000 ,264.000000 ,1.000000
126.800000 ,25.010000 ,265.000000 ,1.000000
127.500000 ,38.500000 ,266.000000 ,1.000000
127.500000 ,37.330000 ,267.000000 ,1.000000
127.500000 ,34.210000 ,268.000000 ,1.000000
127.500000 ,33.730000 ,269.000000 ,1.000000
127.500000 ,33.090000 ,270.000000 ,1.000000
127.500000 ,31.930000 ,271.000000 ,1.000000
127.500000 ,31.390000 ,272.000000 ,1.000000
127.500000 ,30.830000 ,273.000000 ,1.000000
127.500000 ,30.000000 ,274.000000 ,1.000000
127.500000 ,29.500000 ,275.000000 ,1.000000
127.500000 ,28.860000 ,276.000000 ,1.000000
127.500000 ,28.370000 ,277.000000 ,1.000000
127.500000 ,27.490000 ,278.000000 ,1.000000
127.500000 ,26.060000 ,279.000000 ,1.000000
127.500000 ,25.460000 ,280.000000 ,1.000000
128.200000 ,37.090000 ,281.000000 ,1.000000
128.200000 ,35.400000 ,282.000000 ,1.000000
128.200000 ,34.760000 ,283.000000 ,1.000000
128.200000 ,33.760000 ,284.000000 ,1.000000
128.200000 ,33.290000 ,285.000000 ,1.000000
128.200000 ,32.340000 ,286.000000 ,1.000000
128.200000 ,31.670000 ,287.000000 ,1.000000
128.200000 ,31.110000 ,288.000000 ,1.000000
128.200000 ,30.480000 ,289.000000 ,1.000000
128.200000 ,29.930000 ,290.000000 ,1.000000
128.200000 ,29.420000 ,291.000000 ,1.000000
128.200000 ,28.700000 ,292.000000 ,1.000000
128.200000 ,28.160000 ,293.000000 ,1.000000
128.200000 ,26.800000 ,294.000000 ,1.000000
128.200000 ,26.200000 ,295.000000 ,1.000000
128.200000 ,25.660000 ,296.000000 ,1.000000
128.900000 ,34.880000 ,297.000000 ,1.000000
128.900000 ,34.140000 ,298.000000 ,1.000000
128.900000 ,33.500000 ,299.000000 ,1.000000
128.900000 ,32.550000 ,300.000000 ,1.000000
128.900000 ,31.580000 ,301.000000 ,1.000000
128.900000 ,31.050000 ,302.000000 ,1.000000
128.900000 ,29.840000 ,303.000000 ,1.000000
128.900000 ,29.270000 ,304.000000 ,1.000000
128.900000 ,28.700000 ,305.000000 ,1.000000
128.900000 ,27.490000 ,306.000000 ,1.000000
128.900000 ,26.100000 ,307.000000 ,1.000000
128.900000 ,25.520000 ,308.000000 ,1.000000
129.600000 ,37.970000 ,309.000000 ,1.000000
129.600000 ,37.210000 ,310.000000 ,1.000000
129.600000 ,36.670000 ,311.000000 ,1.000000
129.600000 ,36.130000 ,312.000000 ,1.000000
129.600000 ,33.900000 ,313.000000 ,1.000000
129.600000 ,32.890000 ,314.000000 ,1.000000
129.600000 ,32.190000 ,315.000000 ,1.000000
129.600000 ,31.670000 ,316.000000 ,1.000000
129.600000 ,31.170000 ,317.000000 ,1.000000
129.600000 ,30.650000 ,318.000000 ,1.000000
129.600000 ,30.180000 ,319.000000 ,1.000000
129.600000 ,29.450000 ,320.000000 ,1.000000
129.600000 ,28.930000 ,321.000000 ,1.000000
129.600000 ,26.960000 ,322.000000 ,1.000000
129.600000 ,25.760000 ,323.000000 ,1.000000
129.600000 ,25.280000 ,324.000000 ,1.000000
130.300000 ,37.730000 ,325.000000 ,1.000000
130.300000 ,36.200000 ,326.000000 ,1.000000
130.300000 ,34.100000 ,327.000000 ,1.000000
130.300000 ,33.380000 ,328.000000 ,1.000000
130.300000 ,32.890000 ,329.000000 ,1.000000
130.300000 ,32.130000 ,330.000000 ,1.000000
130.300000 ,31.550000 ,331.000000 ,1.000000
130.300000 ,31.080000 ,332.000000 ,1.000000
130.300000 ,29.960000 ,333.000000 ,1.000000
130.300000 ,29.210000 ,334.000000 ,1.000000
130.300000 ,28.610000 ,335.000000 ,1.000000
130.300000 ,28.060000 ,336.000000 ,1.000000
130.300000 ,25.910000 ,337.000000 ,1.000000
130.300000 ,25.370000 ,338.000000 ,1.000000
131.000000 ,37.480000 ,339.000000 ,1.000000
131.000000 ,35.690000 ,340.000000 ,1.000000
131.000000 ,35.050000 ,341.000000 ,1.000000
131.000000 ,34.150000 ,342.000000 ,1.000000
131.000000 ,32.580000 ,343.000000 ,1.000000
131.000000 ,31.820000 ,344.000000 ,1.000000
131.000000 ,31.260000 ,345.000000 ,1.000000
131.000000 ,30.620000 ,346.000000 ,1.000000
131.000000 ,29.770000 ,347.000000 ,1.000000
131.000000 ,29.180000 ,348.000000 ,1.000000
131.000000 ,28.580000 ,349.000000 ,1.000000
131.000000 ,27.490000 ,350.000000 ,1.000000
131.000000 ,26.120000 ,351.000000 ,1.000000
131.000000 ,25.640000 ,352.000000 ,1.000000
131.000000 ,25.070000 ,353.000000 ,1.000000
131.700000 ,38.800000 ,354.000000 ,1.000000
131.700000 ,35.630000 ,355.000000 ,1.000000
131.700000 ,35.050000 ,356.000000 ,1.000000
131.700000 ,34.430000 ,357.000000 ,1.000000
131.700000 ,33.490000 ,358.000000 ,1.000000
131.700000 ,32.930000 ,359.000000 ,1.000000
131.700000 ,31.820000 ,360.000000 ,1.000000
131.700000 ,30.860000 ,361.000000 ,1.000000
131.700000 ,30.000000 ,362.000000 ,1.000000
131.700000 ,29.460000 ,363.000000 ,1.000000
131.700000 ,26.600000 ,364.000000 ,1.000000
131.700000 ,26.060000 ,365.000000 ,1.000000
131.700000 ,25.580000 ,366.000000 ,1.000000
132.400000 ,43.600000 ,367.000000 ,1.000000
132.400000 ,42.570000 ,368.000000 ,1.000000
132.400000 ,39.320000 ,369.000000 ,1.000000
132.400000 ,38.340000 ,370.000000 ,1.000000
132.400000 ,36.740000 ,371.000000 ,1.000000
132.400000 ,36.220000 ,372.000000 ,1.000000
132.400000 ,35.260000 ,373.000000 ,1.000000
132.400000 ,34.640000 ,374.000000 ,1.000000
132.400000 ,33.970000 ,375.000000 ,1.000000
132.400000 ,33.450000 ,376.000000 ,1.000000
132.400000 ,32.400000 ,377.000000 ,1.000000
132.400000 ,31.820000 ,378.000000 ,1.000000
132.400000 ,31.100000 ,379.000000 ,1.000000
132.400000 ,30.350000 ,380.000000 ,1.000000
132.400000 ,29.840000 ,381.000000 ,1.000000
132.400000 ,29.100000 ,382.000000 ,1.000000
132.400000 ,28.170000 ,383.000000 ,1.000000
132.400000 ,27.410000 ,384.000000 ,1.000000
132.400000 ,26.860000 ,385.000000 ,1.000000
132.400000 ,26.060000 ,386.000000 ,1.000000
132.400000 ,25.410000 ,387.000000 ,1.000000
133.100000 ,43.450000 ,388.000000 ,1.000000
133.100000 ,41.470000 ,389.000000 ,1.000000
133.100000 ,38.080000 ,390.000000 ,1.000000
133.100000 ,37.090000 ,391.000000 ,1.000000
133.100000 ,36.550000 ,392.000000 ,1.000000
133.100000 ,35.570000 ,393.000000 ,1.000000
133.100000 ,34.980000 ,394.000000 ,1.000000
133.100000 ,32.930000 ,395.000000 ,1.000000
133.100000 ,32.210000 ,396.000000 ,1.000000
133.100000 ,31.320000 ,397.000000 ,1.000000
133.100000 ,29.840000 ,398.000000 ,1.000000
133.100000 ,28.730000 ,399.000000 ,1.000000
133.100000 ,27.660000 ,400.000000 ,1.000000
133.100000 ,26.250000 ,401.000000 ,1.000000
133.100000 ,25.620000 ,402.000000 ,1.000000
133.800000 ,41.020000 ,403.000000 ,1.000000
133.800000 ,40.240000 ,404.000000 ,1.000000
133.800000 ,38.200000 ,405.000000 ,1.000000
133.800000 ,37.550000 ,406.000000 ,1.000000
133.800000 ,35.740000 ,407.000000 ,1.000000
133.800000 ,34.380000 ,408.000000 ,1.000000
133.800000 ,33.850000 ,409.000000 ,1.000000
133.800000 ,33.330000 ,410.000000 ,1.000000
133.800000 ,32.800000 ,411.000000 ,1.000000
133.800000 ,31.760000 ,412.000000 ,1.000000
133.800000 ,31.130000 ,413.000000 ,1.000000
133.800000 ,30.620000 ,414.000000 ,1.000000
133.800000 ,29.930000 ,415.000000 ,1.000000
133.800000 ,26.330000 ,416.000000 ,1.000000
133.800000 ,25.740000 ,417.000000 ,1.000000
134.500000 ,42.570000 ,418.000000 ,1.000000
134.500000 ,41.860000 ,419.000000 ,1.000000
134.500000 ,40.340000 ,420.000000 ,1.000000
134.500000 ,39.560000 ,421.000000 ,1.000000
134.500000 ,38.340000 ,422.000000 ,1.000000
134.500000 ,37.630000 ,423.000000 ,1.000000
134.500000 ,36.610000 ,424.000000 ,1.000000
134.500000 ,35.710000 ,425.000000 ,1.000000
134.500000 ,35.260000 ,426.000000 ,1.000000
134.500000 ,34.510000 ,427.000000 ,1.000000
134.500000 ,33.850000 ,428.000000 ,1.000000
134.500000 ,33.190000 ,429.000000 ,1.000000
134.500000 ,32.490000 ,430.000000 ,1.000000
134.500000 ,31.430000 ,431.000000 ,1.000000
134.500000 ,30.620000 ,432.000000 ,1.000000
134.500000 ,29.180000 ,433.000000 ,1.000000
134.500000 ,28.570000 ,434.000000 ,1.000000
134.500000 ,25.880000 ,435.000000 ,1.000000
134.500000 ,25.200000 ,436.000000 ,1.000000
135.200000 ,42.040000 ,437.000000 ,1.000000
135.200000 ,41.200000 ,438.000000 ,1.000000
135.200000 ,40.620000 ,439.000000 ,1.000000
135.200000 ,38.940000 ,440.000000 ,1.000000
135.200000 ,38.050000 ,441.000000 ,1.000000
135.200000 ,37.360000 ,442.000000 ,1.000000
135.200000 ,36.850000 ,443.000000 ,1.000000
135.200000 ,33.910000 ,444.000000 ,1.000000
135.200000 ,33.160000 ,445.000000 ,1.000000
135.200000 ,32.040000 ,446.000000 ,1.000000
135.200000 ,31.070000 ,447.000000 ,1.000000
135.200000 ,30.340000 ,448.000000 ,1.000000
135.200000 ,28.910000 ,449.000000 ,1.000000
135.200000 ,26.290000 ,450.000000 ,1.000000
135.200000 ,25.770000 ,451.000000 ,1.000000
135.900000 ,43.510000 ,452.000000 ,1.000000
135.900000 ,42.610000 ,453.000000 ,1.000000
135.900000 ,41.410000 ,454.000000 ,1.000000
135.900000 ,38.050000 ,455.000000 ,1.000000
135.900000 ,37.480000 ,456.000000 ,1.000000
135.900000 ,36.520000 ,457.000000 ,1.000000
135.900000 ,36.000000 ,458.000000 ,1.000000
135.900000 ,35.450000 ,459.000000 ,1.000000
135.900000 ,34.760000 ,460.000000 ,1.000000
135.900000 ,33.850000 ,461.000000 ,1.000000
135.900000 ,33.220000 ,462.000000 ,1.000000
135.900000 ,32.490000 ,463.000000 ,1.000000
135.900000 ,31.890000 ,464.000000 ,1.000000
135.900000 ,31.170000 ,465.000000 ,1.000000
135.900000 ,30.200000 ,466.000000 ,1.000000
135.900000 ,25.650000 ,467.000000 ,1.000000
136.600000 ,44.990000 ,468.000000 ,1.000000
136.600000 ,43.720000 ,469.000000 ,1.000000
136.600000 ,42.880000 ,470.000000 ,1.000000
136.600000 ,42.150000 ,471.000000 ,1.000000
136.600000 ,41.200000 ,472.000000 ,1.000000
136.600000 ,38.360000 ,473.000000 ,1.000000
136.600000 ,37.260000 ,474.000000 ,1.000000
136.600000 ,34.480000 ,475.000000 ,1.000000
136.600000 ,33.850000 ,476.000000 ,1.000000
136.600000 ,32.670000 ,477.000000 ,1.000000
136.600000 ,31.460000 ,478.000000 ,1.000000
136.600000 ,30.830000 ,479.000000 ,1.000000
136.600000 ,30.280000 ,480.000000 ,1.000000
136.600000 ,29.760000 ,481.000000 ,1.000000
136.600000 ,28.800000 ,482.000000 ,1.000000
136.600000 ,26.530000 ,483.000000 ,1.000000
136.600000 ,25.880000 ,484.000000 ,1.000000
136.600000 ,25.140000 ,485.000000 ,1.000000
137.300000 ,44.020000 ,486.000000 ,1.000000
137.300000 ,43.430000 ,487.000000 ,1.000000
137.300000 ,42.840000 ,488.000000 ,1.000000
137.300000 ,41.490000 ,489.000000 ,1.000000
137.300000 ,40.120000 ,490.000000 ,1.000000
137.300000 ,39.610000 ,491.000000 ,1.000000
137.300000 ,38.900000 ,492.000000 ,1.000000
137.300000 ,38.410000 ,493.000000 ,1.000000
137.300000 ,37.870000 ,494.000000 ,1.000000
137.300000 ,36.580000 ,495.000000 ,1.000000
137.300000 ,35.090000 ,496.000000 ,1.000000
137.300000 ,34.380000 ,497.000000 ,1.000000
137.300000 ,33.850000 ,498.000000 ,1.000000
137.300000 ,33.160000 ,499.000000 ,1.000000
137.300000 ,32.420000 ,500.000000 ,1.000000
137.300000 ,31.550000 ,501.000000 ,1.000000
137.300000 ,30.680000 ,502.000000 ,1.000000
137.300000 ,29.800000 ,503.000000 ,1.000000
137.300000 ,25.910000 ,504.000000 ,1.000000
137.300000 ,25.260000 ,505.000000 ,1.000000
138.000000 ,44.020000 ,506.000000 ,1.000000
138.000000 ,43.330000 ,507.000000 ,1.000000
138.000000 ,41.710000 ,508.000000 ,1.000000
138.000000 ,41.230000 ,509.000000 ,1.000000
138.000000 ,40.010000 ,510.000000 ,1.000000
138.000000 ,38.760000 ,511.000000 ,1.000000
138.000000 ,37.810000 ,512.000000 ,1.000000
138.000000 ,37.210000 ,513.000000 ,1.000000
138.000000 ,36.150000 ,514.000000 ,1.000000
138.000000 ,34.640000 ,515.000000 ,1.000000
138.000000 ,33.850000 ,516.000000 ,1.000000
138.000000 ,32.670000 ,517.000000 ,1.000000
138.000000 ,31.920000 ,518.000000 ,1.000000
138.000000 ,31.230000 ,519.000000 ,1.000000
138.000000 ,30.650000 ,520.000000 ,1.000000
138.000000 ,29.560000 ,521.000000 ,1.000000
138.000000 ,28.240000 ,522.000000 ,1.000000
138.000000 ,27.470000 ,523.000000 ,1.000000
138.000000 ,26.530000 ,524.000000 ,1.000000
138.000000 ,25.880000 ,525.000000 ,1.000000
138.700000 ,43.330000 ,526.000000 ,1.000000
138.700000 ,42.770000 ,527.000000 ,1.000000
138.700000 ,42.280000 ,528.000000 ,1.000000
138.700000 ,41.260000 ,529.000000 ,1.000000
138.700000 ,39.810000 ,530.000000 ,1.000000
138.700000 ,38.630000 ,531.000000 ,1.000000
138.700000 ,36.710000 ,532.000000 ,1.000000
138.700000 ,34.270000 ,533.000000 ,1.000000
138.700000 ,32.580000 ,534.000000 ,1.000000
138.700000 ,31.760000 ,535.000000 ,1.000000
138.700000 ,30.980000 ,536.000000 ,1.000000
138.700000 ,30.340000 ,537.000000 ,1.000000
138.700000 ,29.510000 ,538.000000 ,1.000000
138.700000 ,28.420000 ,539.000000 ,1.000000
138.700000 ,27.580000 ,540.000000 ,1.000000
138.700000 ,26.160000 ,541.000000 ,1.000000
138.700000 ,25.440000 ,542.000000 ,1.000000
139.400000 ,45.790000 ,543.000000 ,1.000000
139.400000 ,44.170000 ,544.000000 ,1.000000
139.400000 ,43.230000 ,545.000000 ,1.000000
139.400000 ,42.530000 ,546.000000 ,1.000000
139.400000 ,41.860000 ,547.000000 ,1.000000
139.400000 ,41.230000 ,548.000000 ,1.000000
139.400000 ,40.310000 ,549.000000 ,1.000000
139.400000 ,39.710000 ,550.000000 ,1.000000
139.400000 ,38.860000 ,551.000000 ,1.000000
139.400000 ,37.920000 ,552.000000 ,1.000000
139.400000 ,36.310000 ,553.000000 ,1.000000
139.400000 ,35.740000 ,554.000000 ,1.000000
139.400000 ,34.380000 ,555.000000 ,1.000000
139.400000 ,33.850000 ,556.000000 ,1.000000
139.400000 ,33.220000 ,557.000000 ,1.000000
139.400000 ,32.480000 ,558.000000 ,1.000000
139.400000 ,31.790000 ,559.000000 ,1.000000
139.400000 ,30.530000 ,560.000000 ,1.000000
139.400000 ,27.260000 ,561.000000 ,1.000000
139.400000 ,26.360000 ,562.000000 ,1.000000
139.400000 ,25.880000 ,563.000000 ,1.000000
139.400000 ,25.380000 ,564.000000 ,1.000000
140.100000 ,44.780000 ,565.000000 ,1.000000
140.100000 ,44.170000 ,566.000000 ,1.000000
140.100000 ,43.290000 ,567.000000 ,1.000000
140.100000 ,42.610000 ,568.000000 ,1.000000
140.100000 ,42.130000 ,569.000000 ,1.000000
140.100000 ,41.400000 ,570.000000 ,1.000000
140.100000 ,40.870000 ,571.000000 ,1.000000
140.100000 ,40.130000 ,572.000000 ,1.000000
140.100000 ,39.280000 ,573.000000 ,1.000000
140.100000 ,38.450000 ,574.000000 ,1.000000
140.100000 ,37.040000 ,575.000000 ,1.000000
140.100000 ,36.530000 ,576.000000 ,1.000000
140.100000 ,35.870000 ,577.000000 ,1.000000
140.100000 ,35.160000 ,578.000000 ,1.000000
140.100000 ,34.340000 ,579.000000 ,1.000000
140.100000 ,33.650000 ,580.000000 ,1.000000
140.100000 ,30.730000 ,581.000000 ,1.000000
140.100000 ,29.590000 ,582.000000 ,1.000000
140.100000 ,26.900000 ,583.000000 ,1.000000
140.100000 ,25.970000 ,584.000000 ,1.000000
140.800000 ,44.460000 ,585.000000 ,1.000000
140.800000 ,43.040000 ,586.000000 ,1.000000
140.800000 ,42.100000 ,587.000000 ,1.000000
140.800000 ,40.770000 ,588.000000 ,1.000000
140.800000 ,39.880000 ,589.000000 ,1.000000
140.800000 ,39.250000 ,590.000000 ,1.000000
140.800000 ,38.530000 ,591.000000 ,1.000000
140.800000 ,37.700000 ,592.000000 ,1.000000
140.800000 ,37.210000 ,593.000000 ,1.000000
140.800000 ,36.460000 ,594.000000 ,1.000000
140.800000 ,34.540000 ,595.000000 ,1.000000
140.800000 ,33.780000 ,596.000000 ,1.000000
140.800000 ,32.970000 ,597.000000 ,1.000000
140.800000 ,32.510000 ,598.000000 ,1.000000
140.800000 ,31.200000 ,599.000000 ,1.000000
140.800000 ,29.760000 ,600.000000 ,1.000000
140.800000 ,27.110000 ,601.000000 ,1.000000
140.800000 ,25.970000 ,602.000000 ,1.000000
140.800000 ,25.460000 ,603.000000 ,1.000000
141.500000 ,43.810000 ,604.000000 ,1.000000
141.500000 ,43.100000 ,605.000000 ,1.000000
141.500000 ,42.250000 ,606.000000 ,1.000000
141.500000 ,41.610000 ,607.000000 ,1.000000
141.500000 ,41.110000 ,608.000000 ,1.000000
141.500000 ,40.480000 ,609.000000 ,1.000000
141.500000 ,39.680000 ,610.000000 ,1.000000
141.500000 ,39.170000 ,611.000000 ,1.000000
141.500000 ,38.530000 ,612.000000 ,1.000000
141.500000 ,37.880000 ,613.000000 ,1.000000
141.500000 ,37.210000 ,614.000000 ,1.000000
141.500000 ,36.000000 ,615.000000 ,1.000000
141.500000 ,35.440000 ,616.000000 ,1.000000
141.500000 ,34.570000 ,617.000000 ,1.000000
141.500000 ,33.270000 ,618.000000 ,1.000000
141.500000 ,32.110000 ,619.000000 ,1.000000
141.500000 ,31.080000 ,620.000000 ,1.000000
141.500000 ,26.870000 ,621.000000 ,1.000000
141.500000 ,26.410000 ,622.000000 ,1.000000
141.500000 ,25.560000 ,623.000000 ,1.000000
141.500000 ,87.135000 ,624.000000 ,0.000000
142.200000 ,44.220000 ,625.000000 ,1.000000
142.200000 ,43.680000 ,626.000000 ,1.000000
142.200000 ,42.160000 ,627.000000 ,1.000000
142.200000 ,41.700000 ,628.000000 ,1.000000
142.200000 ,41.080000 ,629.000000 ,1.000000
142.200000 ,40.340000 ,630.000000 ,1.000000
142.200000 ,38.970000 ,631.000000 ,1.000000
142.200000 ,38.300000 ,632.000000 ,1.000000
142.200000 ,36.130000 ,633.000000 ,1.000000
142.200000 ,35.510000 ,634.000000 ,1.000000
142.200000 ,34.860000 ,635.000000 ,1.000000
142.200000 ,34.270000 ,636.000000 ,1.000000
142.200000 ,32.930000 ,637.000000 ,1.000000
142.200000 ,32.160000 ,638.000000 ,1.000000
142.200000 ,30.890000 ,639.000000 ,1.000000
142.200000 ,26.970000 ,640.000000 ,1.000000
142.200000 ,26.450000 ,641.000000 ,1.000000
142.200000 ,25.910000 ,642.000000 ,1.000000
142.900000 ,44.330000 ,643.000000 ,1.000000
142.900000 ,43.780000 ,644.000000 ,1.000000
142.900000 ,42.920000 ,645.000000 ,1.000000
142.900000 ,42.410000 ,646.000000 ,1.000000
142.900000 ,41.230000 ,647.000000 ,1.000000
142.900000 ,40.540000 ,648.000000 ,1.000000
142.900000 ,39.840000 ,649.000000 ,1.000000
142.900000 ,38.660000 ,650.000000 ,1.000000
142.900000 ,38.170000 ,651.000000 ,1.000000
142.900000 ,36.460000 ,652.000000 ,1.000000
142.900000 ,32.220000 ,653.000000 ,1.000000
142.900000 ,31.160000 ,654.000000 ,1.000000
142.900000 ,28.860000 ,655.000000 ,1.000000
142.900000 ,28.180000 ,656.000000 ,1.000000
142.900000 ,27.660000 ,657.000000 ,1.000000
142.900000 ,27.110000 ,658.000000 ,1.000000
142.900000 ,26.570000 ,659.000000 ,1.000000
142.900000 ,25.670000 ,660.000000 ,1.000000
143.600000 ,-19.185000 ,661.000000 ,0.000000
143.600000 ,43.960000 ,662.000000 ,1.000000
143.600000 ,43.110000 ,663.000000 ,1.000000
143.600000 ,42.620000 ,664.000000 ,1.000000
143.600000 ,41.980000 ,665.000000 ,1.000000
143.600000 ,40.870000 ,666.000000 ,1.000000
143.600000 ,40.330000 ,667.000000 ,1.000000
143.600000 ,39.280000 ,668.000000 ,1.000000
143.600000 ,38.270000 ,669.000000 ,1.000000
143.600000 ,37.630000 ,670.000000 ,1.000000
143.600000 ,35.620000 ,671.000000 ,1.000000
143.600000 ,26.780000 ,672.000000 ,1.000000
143.600000 ,25.700000 ,673.000000 ,1.000000
144.300000 ,44.200000 ,674.000000 ,1.000000
144.300000 ,43.720000 ,675.000000 ,1.000000
144.300000 ,42.680000 ,676.000000 ,1.000000
144.300000 ,41.880000 ,677.000000 ,1.000000
144.300000 ,41.370000 ,678.000000 ,1.000000
144.300000 ,40.870000 ,679.000000 ,1.000000
144.300000 ,40.270000 ,680.000000 ,1.000000
144.300000 ,39.450000 ,681.000000 ,1.000000
144.300000 ,38.790000 ,682.000000 ,1.000000
144.300000 ,37.630000 ,683.000000 ,1.000000
144.300000 ,36.980000 ,684.000000 ,1.000000
144.300000 ,35.770000 ,685.000000 ,1.000000
144.300000 ,35.180000 ,686.000000 ,1.000000
144.300000 ,34.200000 ,687.000000 ,1.000000
144.300000 ,31.140000 ,688.000000 ,1.000000
144.300000 ,26.840000 ,689.000000 ,1.000000
144.300000 ,26.330000 ,690.000000 ,1.000000
145.000000 ,44.990000 ,691.000000 ,1.000000
145.000000 ,44.550000 ,692.000000 ,1.000000
145.000000 ,43.840000 ,693.000000 ,1.000000
145.000000 ,42.620000 ,694.000000 ,1.000000
145.000000 ,41.940000 ,695.000000 ,1.000000
145.000000 ,41.070000 ,696.000000 ,1.000000
145.000000 ,40.570000 ,697.000000 ,1.000000
145.000000 ,39.630000 ,698.000000 ,1.000000
145.000000 ,39.140000 ,699.000000 ,1.000000
145.000000 ,38.160000 ,700.000000 ,1.000000
145.000000 ,37.340000 ,701.000000 ,1.000000
145.000000 ,36.800000 ,702.000000 ,1.000000
145.000000 ,35.560000 ,703.000000 ,1.000000
145.000000 ,32.950000 ,704.000000 ,1.000000
145.000000 ,31.140000 ,705.000000 ,1.000000
145.000000 ,28.910000 ,706.000000 ,1.000000
145.000000 ,27.040000 ,707.000000 ,1.000000
145.000000 ,26.470000 ,708.000000 ,1.000000
145.700000 ,45.070000 ,709.000000 ,1.000000
145.700000 ,43.990000 ,710.000000 ,1.000000
145.700000 ,42.900000 ,711.000000 ,1.000000
145.700000 ,42.360000 ,712.000000 ,1.000000
145.700000 ,41.190000 ,713.000000 ,1.000000
145.700000 ,40.570000 ,714.000000 ,1.000000
145.700000 ,39.660000 ,715.000000 ,1.000000
145.700000 ,39.170000 ,716.000000 ,1.000000
145.700000 ,38.630000 ,717.000000 ,1.000000
145.700000 ,38.060000 ,718.000000 ,1.000000
145.700000 ,35.330000 ,719.000000 ,1.000000
145.700000 ,32.330000 ,720.000000 ,1.000000
145.700000 ,31.080000 ,721.000000 ,1.000000
145.700000 ,29.760000 ,722.000000 ,1.000000
145.700000 ,26.870000 ,723.000000 ,1.000000
145.700000 ,26.360000 ,724.000000 ,1.000000
146.400000 ,46.630000 ,725.000000 ,1.000000
146.400000 ,45.500000 ,726.000000 ,1.000000
146.400000 ,44.590000 ,727.000000 ,1.000000
146.400000 ,44.090000 ,728.000000 ,1.000000
146.400000 ,43.320000 ,729.000000 ,1.000000
146.400000 ,42.780000 ,730.000000 ,1.000000
146.400000 ,41.940000 ,731.000000 ,1.000000
146.400000 ,41.160000 ,732.000000 ,1.000000
146.400000 ,40.540000 ,733.000000 ,1.000000
146.400000 ,39.570000 ,734.000000 ,1.000000
146.400000 ,37.150000 ,735.000000 ,1.000000
146.400000 ,36.530000 ,736.000000 ,1.000000
146.400000 ,28.690000 ,737.000000 ,1.000000
146.400000 ,27.180000 ,738.000000 ,1.000000
146.400000 ,26.510000 ,739.000000 ,1.000000
147.100000 ,44.300000 ,740.000000 ,1.000000
147.100000 ,43.780000 ,741.000000 ,1.000000
147.100000 ,42.960000 ,742.000000 ,1.000000
147.100000 ,42.480000 ,743.000000 ,1.000000
147.100000 ,42.000000 ,744.000000 ,1.000000
147.100000 ,41.310000 ,745.000000 ,1.000000
147.100000 ,40.770000 ,746.000000 ,1.000000
147.100000 ,40.140000 ,747.000000 ,1.000000
147.100000 ,39.010000 ,748.000000 ,1.000000
147.100000 ,37.510000 ,749.000000 ,1.000000
147.100000 ,35.610000 ,750.000000 ,1.000000
147.100000 ,34.990000 ,751.000000 ,1.000000
147.100000 ,33.790000 ,752.000000 ,1.000000
147.100000 ,30.100000 ,753.000000 ,1.000000
147.100000 ,28.670000 ,754.000000 ,1.000000
147.100000 ,28.060000 ,755.000000 ,1.000000
147.100000 ,27.240000 ,756.000000 ,1.000000
147.100000 ,26.660000 ,757.000000 ,1.000000
147.100000 ,26.140000 ,758.000000 ,1.000000
147.800000 ,48.450000 ,759.000000 ,1.000000
147.800000 ,44.370000 ,760.000000 ,1.000000
147.800000 ,43.750000 ,761.000000 ,1.000000
147.800000 ,43.290000 ,762.000000 ,1.000000
147.800000 ,42.780000 ,763.000000 ,1.000000
147.800000 ,41.010000 ,764.000000 ,1.000000
147.800000 ,40.420000 ,765.000000 ,1.000000
147.800000 ,39.910000 ,766.000000 ,1.000000
147.800000 ,39.350000 ,767.000000 ,1.000000
147.800000 ,38.230000 ,768.000000 ,1.000000
147.800000 ,37.150000 ,769.000000 ,1.000000
147.800000 ,36.420000 ,770.000000 ,1.000000
147.800000 ,34.300000 ,771.000000 ,1.000000
147.800000 ,30.040000 ,772.000000 ,1.000000
147.800000 ,29.020000 ,773.000000 ,1.000000
147.800000 ,27.320000 ,774.000000 ,1.000000
147.800000 ,26.840000 ,775.000000 ,1.000000
147.800000 ,25.850000 ,776.000000 ,1.000000
148.500000 ,49.070000 ,777.000000 ,1.000000
148.500000 ,46.480000 ,778.000000 ,1.000000
148.500000 ,45.610000 ,779.000000 ,1.000000
148.500000 ,45.000000 ,780.000000 ,1.000000
148.500000 ,44.400000 ,781.000000 ,1.000000
148.500000 ,43.810000 ,782.000000 ,1.000000
148.500000 ,43.320000 ,783.000000 ,1.000000
148.500000 ,42.570000 ,784.000000 ,1.000000
148.500000 ,42.030000 ,785.000000 ,1.000000
148.500000 ,41.250000 ,786.000000 ,1.000000
148.500000 ,40.230000 ,787.000000 ,1.000000
148.500000 ,39.520000 ,788.000000 ,1.000000
148.500000 ,38.890000 ,789.000000 ,1.000000
148.500000 ,37.810000 ,790.000000 ,1.000000
148.500000 ,37.010000 ,791.000000 ,1.000000
148.500000 ,36.460000 ,792.000000 ,1.000000
148.500000 ,35.700000 ,793.000000 ,1.000000
148.500000 ,34.430000 ,794.000000 ,1.000000
148.500000 ,33.720000 ,795.000000 ,1.000000
148.500000 ,26.930000 ,796.000000 ,1.000000
148.500000 ,25.880000 ,797.000000 ,1.000000
149.200000 ,50.080000 ,798.000000 ,1.000000
149.200000 ,46.010000 ,799.000000 ,1.000000
149.200000 ,44.130000 ,800.000000 ,1.000000
149.200000 ,43.170000 ,801.000000 ,1.000000
149.200000 ,42.600000 ,802.000000 ,1.000000
149.200000 ,42.000000 ,803.000000 ,1.000000
149.200000 ,41.370000 ,804.000000 ,1.000000
149.200000 ,40.840000 ,805.000000 ,1.000000
149.200000 ,40.300000 ,806.000000 ,1.000000
149.200000 ,39.250000 ,807.000000 ,1.000000
149.200000 ,38.530000 ,808.000000 ,1.000000
149.200000 ,37.700000 ,809.000000 ,1.000000
149.200000 ,32.540000 ,810.000000 ,1.000000
149.200000 ,31.390000 ,811.000000 ,1.000000
149.200000 ,28.180000 ,812.000000 ,1.000000
149.200000 ,27.000000 ,813.000000 ,1.000000
149.200000 ,26.270000 ,814.000000 ,1.000000
149.900000 ,-49.125000 ,815.000000 ,0.000000
149.900000 ,50.500000 ,816.000000 ,1.000000
149.900000 ,48.450000 ,817.000000 ,1.000000
149.900000 ,46.630000 ,818.000000 ,1.000000
149.900000 ,44.780000 ,819.000000 ,1.000000
149.900000 ,43.970000 ,820.000000 ,1.000000
149.900000 ,43.180000 ,821.000000 ,1.000000
149.900000 ,42.360000 ,822.000000 ,1.000000
149.900000 ,41.400000 ,823.000000 ,1.000000
149.900000 ,40.000000 ,824.000000 ,1.000000
149.900000 ,38.530000 ,825.000000 ,1.000000
149.900000 ,37.870000 ,826.000000 ,1.000000
149.900000 ,36.350000 ,827.000000 ,1.000000
149.900000 ,34.800000 ,828.000000 ,1.000000
149.900000 ,33.640000 ,829.000000 ,1.000000
149.900000 ,31.250000 ,830.000000 ,1.000000
149.900000 ,29.480000 ,831.000000 ,1.000000
149.900000 ,27.970000 ,832.000000 ,1.000000
149.900000 ,27.210000 ,833.000000 ,1.000000
149.900000 ,26.660000 ,834.000000 ,1.000000
150.600000 ,48.420000 ,835.000000 ,1.000000
150.600000 ,46.980000 ,836.000000 ,1.000000
150.600000 ,45.070000 ,837.000000 ,1.000000
150.600000 ,44.440000 ,838.000000 ,1.000000
150.600000 ,43.810000 ,839.000000 ,1.000000
150.600000 ,43.210000 ,840.000000 ,1.000000
150.600000 ,42.720000 ,841.000000 ,1.000000
150.600000 ,42.060000 ,842.000000 ,1.000000
150.600000 ,41.490000 ,843.000000 ,1.000000
150.600000 ,39.490000 ,844.000000 ,1.000000
150.600000 ,38.970000 ,845.000000 ,1.000000
150.600000 ,38.200000 ,846.000000 ,1.000000
150.600000 ,37.120000 ,847.000000 ,1.000000
150.600000 ,34.680000 ,848.000000 ,1.000000
150.600000 ,28.670000 ,849.000000 ,1.000000
150.600000 ,27.810000 ,850.000000 ,1.000000
150.600000 ,27.050000 ,851.000000 ,1.000000
150.600000 ,26.590000 ,852.000000 ,1.000000
151.300000 ,48.270000 ,853.000000 ,1.000000
151.300000 ,47.550000 ,854.000000 ,1.000000
151.300000 ,46.450000 ,855.000000 ,1.000000
151.300000 ,45.780000 ,856.000000 ,1.000000
151.300000 ,44.930000 ,857.000000 ,1.000000
151.300000 ,44.410000 ,858.000000 ,1.000000
151.300000 ,43.840000 ,859.000000 ,1.000000
151.300000 ,43.240000 ,860.000000 ,1.000000
151.300000 ,42.100000 ,861.000000 ,1.000000
151.300000 ,41.080000 ,862.000000 ,1.000000
151.300000 ,40.570000 ,863.000000 ,1.000000
151.300000 ,39.970000 ,864.000000 ,1.000000
151.300000 ,39.110000 ,865.000000 ,1.000000
151.300000 ,38.360000 ,866.000000 ,1.000000
151.300000 ,33.070000 ,867.000000 ,1.000000
151.300000 ,27.280000 ,868.000000 ,1.000000
151.300000 ,26.740000 ,869.000000 ,1.000000
152.000000 ,51.310000 ,870.000000 ,1.000000
152.000000 ,47.740000 ,871.000000 ,1.000000
152.000000 ,46.810000 ,872.000000 ,1.000000
152.000000 ,46.180000 ,873.000000 ,1.000000
152.000000 ,45.560000 ,874.000000 ,1.000000
152.000000 ,44.290000 ,875.000000 ,1.000000
152.000000 ,43.810000 ,876.000000 ,1.000000
152.000000 ,43.050000 ,877.000000 ,1.000000
152.000000 ,42.170000 ,878.000000 ,1.000000
152.000000 ,40.740000 ,879.000000 ,1.000000
152.000000 ,40.060000 ,880.000000 ,1.000000
152.000000 ,39.250000 ,881.000000 ,1.000000
152.000000 ,38.200000 ,882.000000 ,1.000000
152.000000 ,35.050000 ,883.000000 ,1.000000
152.000000 ,34.330000 ,884.000000 ,1.000000
152.000000 ,32.940000 ,885.000000 ,1.000000
152.000000 ,31.190000 ,886.000000 ,1.000000
152.000000 ,28.670000 ,887.000000 ,1.000000
152.000000 ,27.990000 ,888.000000 ,1.000000
152.000000 ,27.050000 ,889.000000 ,1.000000
152.000000 ,26.590000 ,890.000000 ,1.000000
152.700000 ,50.500000 ,891.000000 ,1.000000
152.700000 ,47.680000 ,892.000000 ,1.000000
152.700000 ,46.640000 ,893.000000 ,1.000000
152.700000 ,46.030000 ,894.000000 ,1.000000
152.700000 ,45.590000 ,895.000000 ,1.000000
152.700000 ,44.810000 ,896.000000 ,1.000000
152.700000 ,44.080000 ,897.000000 ,1.000000
152.700000 ,42.870000 ,898.000000 ,1.000000
152.700000 ,42.370000 ,899.000000 ,1.000000
152.700000 ,41.730000 ,900.000000 ,1.000000
152.700000 ,41.170000 ,901.000000 ,1.000000
152.700000 ,40.630000 ,902.000000 ,1.000000
152.700000 ,39.880000 ,903.000000 ,1.000000
152.700000 ,39.140000 ,904.000000 ,1.000000
152.700000 ,38.360000 ,905.000000 ,1.000000
152.700000 ,34.180000 ,906.000000 ,1.000000
152.700000 ,27.280000 ,907.000000 ,1.000000
152.700000 ,26.410000 ,908.000000 ,1.000000
153.400000 ,49.250000 ,909.000000 ,1.000000
153.400000 ,48.330000 ,910.000000 ,1.000000
153.400000 ,46.450000 ,911.000000 ,1.000000
153.400000 ,45.790000 ,912.000000 ,1.000000
153.400000 ,44.640000 ,913.000000 ,1.000000
153.400000 ,43.870000 ,914.000000 ,1.000000
153.400000 ,43.220000 ,915.000000 ,1.000000
153.400000 ,42.720000 ,916.000000 ,1.000000
153.400000 ,42.220000 ,917.000000 ,1.000000
153.400000 ,41.640000 ,918.000000 ,1.000000
153.400000 ,40.900000 ,919.000000 ,1.000000
153.400000 ,39.880000 ,920.000000 ,1.000000
153.400000 ,38.630000 ,921.000000 ,1.000000
153.400000 ,31.190000 ,922.000000 ,1.000000
153.400000 ,28.490000 ,923.000000 ,1.000000
153.400000 ,27.820000 ,924.000000 ,1.000000
153.400000 ,26.720000 ,925.000000 ,1.000000
154.100000 ,47.620000 ,926.000000 ,1.000000
154.100000 ,46.810000 ,927.000000 ,1.000000
154.100000 ,46.270000 ,928.000000 ,1.000000
154.100000 ,45.350000 ,929.000000 ,1.000000
154.100000 ,44.880000 ,930.000000 ,1.000000
154.100000 ,44.310000 ,931.000000 ,1.000000
154.100000 ,43.780000 ,932.000000 ,1.000000
154.100000 ,42.720000 ,933.000000 ,1.000000
154.100000 ,42.060000 ,934.000000 ,1.000000
154.100000 ,41.430000 ,935.000000 ,1.000000
154.100000 ,40.690000 ,936.000000 ,1.000000
154.100000 ,40.060000 ,937.000000 ,1.000000
154.100000 ,39.010000 ,938.000000 ,1.000000
154.100000 ,38.290000 ,939.000000 ,1.000000
154.100000 ,37.700000 ,940.000000 ,1.000000
154.100000 ,36.550000 ,941.000000 ,1.000000
154.100000 ,34.330000 ,942.000000 ,1.000000
154.100000 ,33.640000 ,943.000000 ,1.000000
154.100000 ,29.800000 ,944.000000 ,1.000000
154.100000 ,27.550000 ,945.000000 ,1.000000
154.100000 ,26.840000 ,946.000000 ,1.000000
154.800000 ,53.950000 ,947.000000 ,1.000000
154.800000 ,50.080000 ,948.000000 ,1.000000
154.800000 ,49.250000 ,949.000000 ,1.000000
154.800000 ,48.200000 ,950.000000 ,1.000000
154.800000 ,47.710000 ,951.000000 ,1.000000
154.800000 ,46.990000 ,952.000000 ,1.000000
154.800000 ,45.860000 ,953.000000 ,1.000000
154.800000 ,45.230000 ,954.000000 ,1.000000
154.800000 ,44.730000 ,955.000000 ,1.000000
154.800000 ,44.030000 ,956.000000 ,1.000000
154.800000 ,43.020000 ,957.000000 ,1.000000
154.800000 ,42.480000 ,958.000000 ,1.000000
154.800000 ,41.700000 ,959.000000 ,1.000000
154.800000 ,40.990000 ,960.000000 ,1.000000
154.800000 ,39.110000 ,961.000000 ,1.000000
154.800000 ,38.530000 ,962.000000 ,1.000000
154.800000 ,37.770000 ,963.000000 ,1.000000
154.800000 ,35.810000 ,964.000000 ,1.000000
154.800000 ,27.320000 ,965.000000 ,1.000000
155.500000 ,50.320000 ,966.000000 ,1.000000
155.500000 ,47.070000 ,967.000000 ,1.000000
155.500000 ,46.430000 ,968.000000 ,1.000000
155.500000 ,45.890000 ,969.000000 ,1.000000
155.500000 ,45.200000 ,970.000000 ,1.000000
155.500000 ,44.670000 ,971.000000 ,1.000000
155.500000 ,43.810000 ,972.000000 ,1.000000
155.500000 ,42.270000 ,973.000000 ,1.000000
155.500000 ,41.550000 ,974.000000 ,1.000000
155.500000 ,40.840000 ,975.000000 ,1.000000
155.500000 ,40.290000 ,976.000000 ,1.000000
155.500000 ,39.690000 ,977.000000 ,1.000000
155.500000 ,33.590000 ,978.000000 ,1.000000
155.500000 ,27.910000 ,979.000000 ,1.000000
155.500000 ,27.180000 ,980.000000 ,1.000000
155.500000 ,26.710000 ,981.000000 ,1.000000
156.200000 ,47.740000 ,982.000000 ,1.000000
156.200000 ,46.990000 ,983.000000 ,1.000000
156.200000 ,46.490000 ,984.000000 ,1.000000
156.200000 ,45.230000 ,985.000000 ,1.000000
156.200000 ,44.640000 ,986.000000 ,1.000000
156.200000 ,43.420000 ,987.000000 ,1.000000
156.200000 ,42.860000 ,988.000000 ,1.000000
156.200000 ,41.260000 ,989.000000 ,1.000000
156.200000 ,40.630000 ,990.000000 ,1.000000
156.200000 ,39.490000 ,991.000000 ,1.000000
156.200000 ,38.970000 ,992.000000 ,1.000000
156.200000 ,37.700000 ,993.000000 ,1.000000
156.200000 ,31.250000 ,994.000000 ,1.000000
156.200000 ,30.480000 ,995.000000 ,1.000000
156.200000 ,28.980000 ,996.000000 ,1.000000
156.200000 ,28.000000 ,997.000000 ,1.000000
156.200000 ,27.040000 ,998.000000 ,1.000000
156.900000 ,47.620000 ,999.000000 ,1.000000
156.900000 ,46.990000 ,1000.000000 ,1.000000
156.900000 ,46.240000 ,1001.000000 ,1.000000
156.900000 ,45.730000 ,1002.000000 ,1.000000
156.900000 ,45.170000 ,1003.000000 ,1.000000
156.900000 ,44.430000 ,1004.000000 ,1.000000
156.900000 ,43.420000 ,1005.000000 ,1.000000
156.900000 ,42.860000 ,1006.000000 ,1.000000
156.900000 ,42.270000 ,1007.000000 ,1.000000
156.900000 ,41.050000 ,1008.000000 ,1.000000
156.900000 ,39.130000 ,1009.000000 ,1.000000
156.900000 ,38.260000 ,1010.000000 ,1.000000
156.900000 ,37.120000 ,1011.000000 ,1.000000
156.900000 ,36.370000 ,1012.000000 ,1.000000
156.900000 ,32.290000 ,1013.000000 ,1.000000
156.900000 ,28.770000 ,1014.000000 ,1.000000
156.900000 ,28.110000 ,1015.000000 ,1.000000
156.900000 ,27.000000 ,1016.000000 ,1.000000
157.600000 ,50.260000 ,1017.000000 ,1.000000
157.600000 ,48.370000 ,1018.000000 ,1.000000
157.600000 ,47.650000 ,1019.000000 ,1.000000
157.600000 ,47.190000 ,1020.000000 ,1.000000
157.600000 ,46.300000 ,1021.000000 ,1.000000
157.600000 ,45.790000 ,1022.000000 ,1.000000
157.600000 ,45.290000 ,1023.000000 ,1.000000
157.600000 ,44.530000 ,1024.000000 ,1.000000
157.600000 ,43.120000 ,1025.000000 ,1.000000
157.600000 ,41.290000 ,1026.000000 ,1.000000
157.600000 ,39.040000 ,1027.000000 ,1.000000
157.600000 ,37.960000 ,1028.000000 ,1.000000
157.600000 ,37.190000 ,1029.000000 ,1.000000
157.600000 ,35.740000 ,1030.000000 ,1.000000
157.600000 ,33.540000 ,1031.000000 ,1.000000
157.600000 ,29.330000 ,1032.000000 ,1.000000
157.600000 ,28.890000 ,1033.000000 ,1.000000
157.600000 ,27.320000 ,1034.000000 ,1.000000
157.600000 ,26.810000 ,1035.000000 ,1.000000
158.300000 ,52.070000 ,1036.000000 ,1.000000
158.300000 ,47.620000 ,1037.000000 ,1.000000
158.300000 ,46.770000 ,1038.000000 ,1.000000
158.300000 ,46.240000 ,1039.000000 ,1.000000
158.300000 ,45.630000 ,1040.000000 ,1.000000
158.300000 ,44.580000 ,1041.000000 ,1.000000
158.300000 ,44.070000 ,1042.000000 ,1.000000
158.300000 ,42.920000 ,1043.000000 ,1.000000
158.300000 ,41.780000 ,1044.000000 ,1.000000
158.300000 ,40.930000 ,1045.000000 ,1.000000
158.300000 ,39.510000 ,1046.000000 ,1.000000
158.300000 ,38.490000 ,1047.000000 ,1.000000
158.300000 ,36.130000 ,1048.000000 ,1.000000
158.300000 ,33.640000 ,1049.000000 ,1.000000
158.300000 ,29.300000 ,1050.000000 ,1.000000
158.300000 ,28.600000 ,1051.000000 ,1.000000
158.300000 ,28.050000 ,1052.000000 ,1.000000
158.300000 ,26.870000 ,1053.000000 ,1.000000
158.300000 ,26.240000 ,1054.000000 ,1.000000
159.000000 ,49.250000 ,1055.000000 ,1.000000
159.000000 ,47.960000 ,1056.000000 ,1.000000
159.000000 ,46.680000 ,1057.000000 ,1.000000
159.000000 ,46.180000 ,1058.000000 ,1.000000
159.000000 ,45.350000 ,1059.000000 ,1.000000
159.000000 ,44.730000 ,1060.000000 ,1.000000
159.000000 ,44.250000 ,1061.000000 ,1.000000
159.000000 ,43.580000 ,1062.000000 ,1.000000
159.000000 ,42.990000 ,1063.000000 ,1.000000
159.000000 ,40.750000 ,1064.000000 ,1.000000
159.000000 ,39.380000 ,1065.000000 ,1.000000
159.000000 ,37.590000 ,1066.000000 ,1.000000
159.000000 ,34.410000 ,1067.000000 ,1.000000
159.000000 ,32.290000 ,1068.000000 ,1.000000
159.000000 ,29.360000 ,1069.000000 ,1.000000
159.000000 ,28.260000 ,1070.000000 ,1.000000
159.000000 ,27.680000 ,1071.000000 ,1.000000
159.000000 ,27.080000 ,1072.000000 ,1.000000
159.700000 ,50.410000 ,1073.000000 ,1.000000
159.700000 ,48.930000 ,1074.000000 ,1.000000
159.700000 ,48.080000 ,1075.000000 ,1.000000
159.700000 ,47.560000 ,1076.000000 ,1.000000
159.700000 ,46.780000 ,1077.000000 ,1.000000
159.700000 ,45.830000 ,1078.000000 ,1.000000
159.700000 ,45.140000 ,1079.000000 ,1.000000
159.700000 ,44.470000 ,1080.000000 ,1.000000
159.700000 ,43.170000 ,1081.000000 ,1.000000
159.700000 ,41.990000 ,1082.000000 ,1.000000
159.700000 ,40.720000 ,1083.000000 ,1.000000
159.700000 ,39.650000 ,1084.000000 ,1.000000
159.700000 ,38.240000 ,1085.000000 ,1.000000
159.700000 ,36.530000 ,1086.000000 ,1.000000
159.700000 ,35.920000 ,1087.000000 ,1.000000
159.700000 ,33.050000 ,1088.000000 ,1.000000
159.700000 ,29.360000 ,1089.000000 ,1.000000
159.700000 ,28.530000 ,1090.000000 ,1.000000
159.700000 ,27.960000 ,1091.000000 ,1.000000
160.400000 ,51.310000 ,1092.000000 ,1.000000
160.400000 ,49.860000 ,1093.000000 ,1.000000
160.400000 ,49.210000 ,1094.000000 ,1.000000
160.400000 ,48.640000 ,1095.000000 ,1.000000
160.400000 ,47.780000 ,1096.000000 ,1.000000
160.400000 ,46.750000 ,1097.000000 ,1.000000
160.400000 ,46.120000 ,1098.000000 ,1.000000
160.400000 ,45.630000 ,1099.000000 ,1.000000
160.400000 ,44.660000 ,1100.000000 ,1.000000
160.400000 ,44.050000 ,1101.000000 ,1.000000
160.400000 ,42.890000 ,1102.000000 ,1.000000
160.400000 ,41.930000 ,1103.000000 ,1.000000
160.400000 ,39.730000 ,1104.000000 ,1.000000
160.400000 ,38.030000 ,1105.000000 ,1.000000
160.400000 ,36.280000 ,1106.000000 ,1.000000
160.400000 ,29.870000 ,1107.000000 ,1.000000
160.400000 ,28.530000 ,1108.000000 ,1.000000
160.400000 ,27.740000 ,1109.000000 ,1.000000
160.400000 ,27.210000 ,1110.000000 ,1.000000
161.100000 ,48.720000 ,1111.000000 ,1.000000
161.100000 ,48.200000 ,1112.000000 ,1.000000
161.100000 ,47.720000 ,1113.000000 ,1.000000
161.100000 ,46.720000 ,1114.000000 ,1.000000
161.100000 ,46.210000 ,1115.000000 ,1.000000
161.100000 ,45.750000 ,1116.000000 ,1.000000
161.100000 ,45.050000 ,1117.000000 ,1.000000
161.100000 ,44.570000 ,1118.000000 ,1.000000
161.100000 ,43.480000 ,1119.000000 ,1.000000
161.100000 ,42.860000 ,1120.000000 ,1.000000
161.100000 ,41.070000 ,1121.000000 ,1.000000
161.100000 ,40.420000 ,1122.000000 ,1.000000
161.100000 ,39.130000 ,1123.000000 ,1.000000
161.100000 ,38.650000 ,1124.000000 ,1.000000
161.100000 ,35.800000 ,1125.000000 ,1.000000
161.100000 ,29.120000 ,1126.000000 ,1.000000
161.100000 ,28.560000 ,1127.000000 ,1.000000
161.100000 ,27.710000 ,1128.000000 ,1.000000
161.800000 ,50.000000 ,1129.000000 ,1.000000
161.800000 ,48.760000 ,1130.000000 ,1.000000
161.800000 ,47.870000 ,1131.000000 ,1.000000
161.800000 ,46.660000 ,1132.000000 ,1.000000
161.800000 ,45.840000 ,1133.000000 ,1.000000
161.800000 ,45.320000 ,1134.000000 ,1.000000
161.800000 ,44.810000 ,1135.000000 ,1.000000
161.800000 ,44.140000 ,1136.000000 ,1.000000
161.800000 ,43.380000 ,1137.000000 ,1.000000
161.800000 ,42.520000 ,1138.000000 ,1.000000
161.800000 ,41.410000 ,1139.000000 ,1.000000
161.800000 ,40.770000 ,1140.000000 ,1.000000
161.800000 ,39.280000 ,1141.000000 ,1.000000
161.800000 ,36.740000 ,1142.000000 ,1.000000
161.800000 ,35.530000 ,1143.000000 ,1.000000
161.800000 ,30.830000 ,1144.000000 ,1.000000
161.800000 ,29.870000 ,1145.000000 ,1.000000
161.800000 ,29.390000 ,1146.000000 ,1.000000
161.800000 ,28.440000 ,1147.000000 ,1.000000
162.500000 ,50.050000 ,1148.000000 ,1.000000
162.500000 ,48.870000 ,1149.000000 ,1.000000
162.500000 ,48.060000 ,1150.000000 ,1.000000
162.500000 ,47.440000 ,1151.000000 ,1.000000
162.500000 ,46.850000 ,1152.000000 ,1.000000
162.500000 ,46.360000 ,1153.000000 ,1.000000
162.500000 ,45.870000 ,1154.000000 ,1.000000
162.500000 ,45.320000 ,1155.000000 ,1.000000
162.500000 ,44.820000 ,1156.000000 ,1.000000
162.500000 ,44.140000 ,1157.000000 ,1.000000
162.500000 ,43.120000 ,1158.000000 ,1.000000
162.500000 ,42.590000 ,1159.000000 ,1.000000
162.500000 ,40.300000 ,1160.000000 ,1.000000
162.500000 ,38.380000 ,1161.000000 ,1.000000
162.500000 ,29.870000 ,1162.000000 ,1.000000
162.500000 ,29.060000 ,1163.000000 ,1.000000
162.500000 ,28.530000 ,1164.000000 ,1.000000
162.500000 ,28.050000 ,1165.000000 ,1.000000
162.500000 ,27.490000 ,1166.000000 ,1.000000
163.200000 ,50.160000 ,1167.000000 ,1.000000
163.200000 ,49.460000 ,1168.000000 ,1.000000
163.200000 ,48.530000 ,1169.000000 ,1.000000
163.200000 ,48.030000 ,1170.000000 ,1.000000
163.200000 ,47.530000 ,1171.000000 ,1.000000
163.200000 ,47.000000 ,1172.000000 ,1.000000
163.200000 ,46.480000 ,1173.000000 ,1.000000
163.200000 ,45.350000 ,1174.000000 ,1.000000
163.200000 ,44.500000 ,1175.000000 ,1.000000
163.200000 ,43.960000 ,1176.000000 ,1.000000
163.200000 ,40.650000 ,1177.000000 ,1.000000
163.200000 ,38.380000 ,1178.000000 ,1.000000
163.200000 ,36.740000 ,1179.000000 ,1.000000
163.200000 ,36.240000 ,1180.000000 ,1.000000
163.200000 ,35.570000 ,1181.000000 ,1.000000
163.200000 ,32.640000 ,1182.000000 ,1.000000
163.200000 ,30.120000 ,1183.000000 ,1.000000
163.200000 ,29.570000 ,1184.000000 ,1.000000
163.200000 ,28.870000 ,1185.000000 ,1.000000
163.200000 ,27.770000 ,1186.000000 ,1.000000
163.900000 ,51.190000 ,1187.000000 ,1.000000
163.900000 ,50.100000 ,1188.000000 ,1.000000
163.900000 ,48.760000 ,1189.000000 ,1.000000
163.900000 ,48.170000 ,1190.000000 ,1.000000
163.900000 ,47.650000 ,1191.000000 ,1.000000
163.900000 ,47.190000 ,1192.000000 ,1.000000
163.900000 ,46.510000 ,1193.000000 ,1.000000
163.900000 ,45.510000 ,1194.000000 ,1.000000
163.900000 ,44.830000 ,1195.000000 ,1.000000
163.900000 ,43.120000 ,1196.000000 ,1.000000
163.900000 ,41.220000 ,1197.000000 ,1.000000
163.900000 ,40.360000 ,1198.000000 ,1.000000
163.900000 ,39.120000 ,1199.000000 ,1.000000
163.900000 ,38.380000 ,1200.000000 ,1.000000
163.900000 ,36.790000 ,1201.000000 ,1.000000
163.900000 ,36.160000 ,1202.000000 ,1.000000
163.900000 ,30.280000 ,1203.000000 ,1.000000
163.900000 ,29.660000 ,1204.000000 ,1.000000
163.900000 ,28.320000 ,1205.000000 ,1.000000
164.600000 ,49.960000 ,1206.000000 ,1.000000
164.600000 ,49.500000 ,1207.000000 ,1.000000
164.600000 ,48.510000 ,1208.000000 ,1.000000
164.600000 ,47.930000 ,1209.000000 ,1.000000
164.600000 ,46.970000 ,1210.000000 ,1.000000
164.600000 ,46.450000 ,1211.000000 ,1.000000
164.600000 ,45.690000 ,1212.000000 ,1.000000
164.600000 ,45.130000 ,1213.000000 ,1.000000
164.600000 ,44.620000 ,1214.000000 ,1.000000
164.600000 ,44.020000 ,1215.000000 ,1.000000
164.600000 ,43.420000 ,1216.000000 ,1.000000
164.600000 ,42.690000 ,1217.000000 ,1.000000
164.600000 ,41.410000 ,1218.000000 ,1.000000
164.600000 ,40.440000 ,1219.000000 ,1.000000
164.600000 ,39.020000 ,1220.000000 ,1.000000
164.600000 ,36.160000 ,1221.000000 ,1.000000
164.600000 ,35.440000 ,1222.000000 ,1.000000
164.600000 ,34.590000 ,1223.000000 ,1.000000
164.600000 ,31.110000 ,1224.000000 ,1.000000
164.600000 ,30.470000 ,1225.000000 ,1.000000
164.600000 ,29.900000 ,1226.000000 ,1.000000
164.600000 ,29.420000 ,1227.000000 ,1.000000
164.600000 ,28.660000 ,1228.000000 ,1.000000
165.300000 ,50.500000 ,1229.000000 ,1.000000
165.300000 ,48.660000 ,1230.000000 ,1.000000
165.300000 ,48.210000 ,1231.000000 ,1.000000
165.300000 ,47.460000 ,1232.000000 ,1.000000
165.300000 ,46.780000 ,1233.000000 ,1.000000
165.300000 ,46.080000 ,1234.000000 ,1.000000
165.300000 ,45.600000 ,1235.000000 ,1.000000
165.300000 ,45.010000 ,1236.000000 ,1.000000
165.300000 ,44.270000 ,1237.000000 ,1.000000
165.300000 ,42.730000 ,1238.000000 ,1.000000
165.300000 ,42.160000 ,1239.000000 ,1.000000
165.300000 ,41.410000 ,1240.000000 ,1.000000
165.300000 ,39.900000 ,1241.000000 ,1.000000
165.300000 ,38.540000 ,1242.000000 ,1.000000
165.300000 ,37.590000 ,1243.000000 ,1.000000
165.300000 ,36.160000 ,1244.000000 ,1.000000
165.300000 ,31.120000 ,1245.000000 ,1.000000
165.300000 ,30.630000 ,1246.000000 ,1.000000
165.300000 ,30.120000 ,1247.000000 ,1.000000
165.300000 ,28.960000 ,1248.000000 ,1.000000
165.300000 ,27.710000 ,1249.000000 ,1.000000
166.000000 ,48.660000 ,1250.000000 ,1.000000
166.000000 ,48.050000 ,1251.000000 ,1.000000
166.000000 ,47.400000 ,1252.000000 ,1.000000
166.000000 ,46.750000 ,1253.000000 ,1.000000
166.000000 ,45.900000 ,1254.000000 ,1.000000
166.000000 ,45.160000 ,1255.000000 ,1.000000
166.000000 ,44.580000 ,1256.000000 ,1.000000
166.000000 ,43.890000 ,1257.000000 ,1.000000
166.000000 ,43.140000 ,1258.000000 ,1.000000
166.000000 ,42.440000 ,1259.000000 ,1.000000
166.000000 ,41.780000 ,1260.000000 ,1.000000
166.000000 ,40.530000 ,1261.000000 ,1.000000
166.000000 ,40.060000 ,1262.000000 ,1.000000
166.000000 ,39.530000 ,1263.000000 ,1.000000
166.000000 ,36.280000 ,1264.000000 ,1.000000
166.000000 ,35.710000 ,1265.000000 ,1.000000
166.000000 ,32.720000 ,1266.000000 ,1.000000
166.000000 ,31.940000 ,1267.000000 ,1.000000
166.000000 ,30.630000 ,1268.000000 ,1.000000
166.000000 ,30.060000 ,1269.000000 ,1.000000
166.000000 ,29.180000 ,1270.000000 ,1.000000
166.000000 ,28.670000 ,1271.000000 ,1.000000
166.700000 ,49.140000 ,1272.000000 ,1.000000
166.700000 ,48.270000 ,1273.000000 ,1.000000
166.700000 ,47.780000 ,1274.000000 ,1.000000
166.700000 ,47.220000 ,1275.000000 ,1.000000
166.700000 ,46.620000 ,1276.000000 ,1.000000
166.700000 ,46.140000 ,1277.000000 ,1.000000
166.700000 ,45.130000 ,1278.000000 ,1.000000
166.700000 ,44.640000 ,1279.000000 ,1.000000
166.700000 ,44.090000 ,1280.000000 ,1.000000
166.700000 ,42.560000 ,1281.000000 ,1.000000
166.700000 ,41.920000 ,1282.000000 ,1.000000
166.700000 ,40.690000 ,1283.000000 ,1.000000
166.700000 ,38.650000 ,1284.000000 ,1.000000
166.700000 ,36.500000 ,1285.000000 ,1.000000
166.700000 ,32.530000 ,1286.000000 ,1.000000
166.700000 ,29.690000 ,1287.000000 ,1.000000
166.700000 ,28.890000 ,1288.000000 ,1.000000
166.700000 ,27.900000 ,1289.000000 ,1.000000
167.400000 ,50.270000 ,1290.000000 ,1.000000
167.400000 ,49.590000 ,1291.000000 ,1.000000
167.400000 ,49.040000 ,1292.000000 ,1.000000
167.400000 ,48.270000 ,1293.000000 ,1.000000
167.400000 ,47.560000 ,1294.000000 ,1.000000
167.400000 ,46.780000 ,1295.000000 ,1.000000
167.400000 ,46.200000 ,1296.000000 ,1.000000
167.400000 ,45.570000 ,1297.000000 ,1.000000
167.400000 ,45.000000 ,1298.000000 ,1.000000
167.400000 ,44.400000 ,1299.000000 ,1.000000
167.400000 ,43.540000 ,1300.000000 ,1.000000
167.400000 ,42.730000 ,1301.000000 ,1.000000
167.400000 ,42.060000 ,1302.000000 ,1.000000
167.400000 ,41.340000 ,1303.000000 ,1.000000
167.400000 ,40.650000 ,1304.000000 ,1.000000
167.400000 ,40.060000 ,1305.000000 ,1.000000
167.400000 ,39.380000 ,1306.000000 ,1.000000
167.400000 ,38.900000 ,1307.000000 ,1.000000
167.400000 ,38.420000 ,1308.000000 ,1.000000
167.400000 ,37.430000 ,1309.000000 ,1.000000
167.400000 ,36.040000 ,1310.000000 ,1.000000
167.400000 ,35.570000 ,1311.000000 ,1.000000
167.400000 ,32.350000 ,1312.000000 ,1.000000
167.400000 ,30.750000 ,1313.000000 ,1.000000
167.400000 ,30.190000 ,1314.000000 ,1.000000
167.400000 ,29.660000 ,1315.000000 ,1.000000
167.400000 ,29.120000 ,1316.000000 ,1.000000
167.400000 ,27.830000 ,1317.000000 ,1.000000
168.100000 ,49.790000 ,1318.000000 ,1.000000
168.100000 ,49.170000 ,1319.000000 ,1.000000
168.100000 ,48.510000 ,1320.000000 ,1.000000
168.100000 ,48.020000 ,1321.000000 ,1.000000
168.100000 ,47.500000 ,1322.000000 ,1.000000
168.100000 ,46.660000 ,1323.000000 ,1.000000
168.100000 ,45.780000 ,1324.000000 ,1.000000
168.100000 ,45.300000 ,1325.000000 ,1.000000
168.100000 ,44.790000 ,1326.000000 ,1.000000
168.100000 ,43.830000 ,1327.000000 ,1.000000
168.100000 ,42.690000 ,1328.000000 ,1.000000
168.100000 ,41.820000 ,1329.000000 ,1.000000
168.100000 ,40.480000 ,1330.000000 ,1.000000
168.100000 ,38.830000 ,1331.000000 ,1.000000
168.100000 ,38.220000 ,1332.000000 ,1.000000
168.100000 ,37.430000 ,1333.000000 ,1.000000
168.100000 ,36.130000 ,1334.000000 ,1.000000
168.100000 ,34.630000 ,1335.000000 ,1.000000
168.100000 ,32.720000 ,1336.000000 ,1.000000
168.100000 ,31.060000 ,1337.000000 ,1.000000
168.100000 ,30.070000 ,1338.000000 ,1.000000
168.100000 ,29.390000 ,1339.000000 ,1.000000
168.100000 ,28.700000 ,1340.000000 ,1.000000
168.800000 ,49.620000 ,1341.000000 ,1.000000
168.800000 ,48.880000 ,1342.000000 ,1.000000
168.800000 ,48.270000 ,1343.000000 ,1.000000
168.800000 ,47.160000 ,1344.000000 ,1.000000
168.800000 ,46.360000 ,1345.000000 ,1.000000
168.800000 ,45.500000 ,1346.000000 ,1.000000
168.800000 ,45.000000 ,1347.000000 ,1.000000
168.800000 ,42.730000 ,1348.000000 ,1.000000
168.800000 ,42.100000 ,1349.000000 ,1.000000
168.800000 ,38.830000 ,1350.000000 ,1.000000
168.800000 ,36.910000 ,1351.000000 ,1.000000
168.800000 ,35.950000 ,1352.000000 ,1.000000
168.800000 ,32.720000 ,1353.000000 ,1.000000
168.800000 ,31.250000 ,1354.000000 ,1.000000
168.800000 ,30.440000 ,1355.000000 ,1.000000
168.800000 ,29.650000 ,1356.000000 ,1.000000
169.500000 ,50.340000 ,1357.000000 ,1.000000
169.500000 ,49.290000 ,1358.000000 ,1.000000
169.500000 ,48.550000 ,1359.000000 ,1.000000
169.500000 ,47.930000 ,1360.000000 ,1.000000
169.500000 ,47.310000 ,1361.000000 ,1.000000
169.500000 ,46.560000 ,1362.000000 ,1.000000
169.500000 ,45.710000 ,1363.000000 ,1.000000
169.500000 ,44.940000 ,1364.000000 ,1.000000
169.500000 ,43.960000 ,1365.000000 ,1.000000
169.500000 ,42.960000 ,1366.000000 ,1.000000
169.500000 ,42.380000 ,1367.000000 ,1.000000
169.500000 ,40.060000 ,1368.000000 ,1.000000
169.500000 ,31.250000 ,1369.000000 ,1.000000
169.500000 ,30.690000 ,1370.000000 ,1.000000
169.500000 ,29.360000 ,1371.000000 ,1.000000
170.200000 ,51.330000 ,1372.000000 ,1.000000
170.200000 ,50.270000 ,1373.000000 ,1.000000
170.200000 ,49.500000 ,1374.000000 ,1.000000
170.200000 ,48.740000 ,1375.000000 ,1.000000
170.200000 ,48.210000 ,1376.000000 ,1.000000
170.200000 ,47.720000 ,1377.000000 ,1.000000
170.200000 ,47.220000 ,1378.000000 ,1.000000
170.200000 ,46.690000 ,1379.000000 ,1.000000
170.200000 ,45.920000 ,1380.000000 ,1.000000
170.200000 ,45.240000 ,1381.000000 ,1.000000
170.200000 ,44.080000 ,1382.000000 ,1.000000
170.200000 ,42.430000 ,1383.000000 ,1.000000
170.200000 ,41.110000 ,1384.000000 ,1.000000
170.200000 ,38.980000 ,1385.000000 ,1.000000
170.200000 ,35.760000 ,1386.000000 ,1.000000
170.200000 ,35.130000 ,1387.000000 ,1.000000
170.200000 ,31.940000 ,1388.000000 ,1.000000
170.200000 ,30.630000 ,1389.000000 ,1.000000
170.900000 ,51.460000 ,1390.000000 ,1.000000
170.900000 ,50.890000 ,1391.000000 ,1.000000
170.900000 ,50.420000 ,1392.000000 ,1.000000
170.900000 ,49.500000 ,1393.000000 ,1.000000
170.900000 ,48.770000 ,1394.000000 ,1.000000
170.900000 ,48.080000 ,1395.000000 ,1.000000
170.900000 ,47.560000 ,1396.000000 ,1.000000
170.900000 ,47.060000 ,1397.000000 ,1.000000
170.900000 ,46.470000 ,1398.000000 ,1.000000
170.900000 ,45.860000 ,1399.000000 ,1.000000
170.900000 ,45.210000 ,1400.000000 ,1.000000
170.900000 ,42.790000 ,1401.000000 ,1.000000
170.900000 ,42.100000 ,1402.000000 ,1.000000
170.900000 ,41.380000 ,1403.000000 ,1.000000
170.900000 ,40.860000 ,1404.000000 ,1.000000
170.900000 ,40.210000 ,1405.000000 ,1.000000
170.900000 ,38.960000 ,1406.000000 ,1.000000
170.900000 ,36.580000 ,1407.000000 ,1.000000
170.900000 ,32.230000 ,1408.000000 ,1.000000
170.900000 ,31.650000 ,1409.000000 ,1.000000
170.900000 ,31.000000 ,1410.000000 ,1.000000
170.900000 ,30.310000 ,1411.000000 ,1.000000
170.900000 ,29.390000 ,1412.000000 ,1.000000
171.600000 ,52.290000 ,1413.000000 ,1.000000
171.600000 ,50.530000 ,1414.000000 ,1.000000
171.600000 ,49.560000 ,1415.000000 ,1.000000
171.600000 ,49.020000 ,1416.000000 ,1.000000
171.600000 ,48.480000 ,1417.000000 ,1.000000
171.600000 ,47.960000 ,1418.000000 ,1.000000
171.600000 ,47.250000 ,1419.000000 ,1.000000
171.600000 ,46.690000 ,1420.000000 ,1.000000
171.600000 ,46.170000 ,1421.000000 ,1.000000
171.600000 ,45.690000 ,1422.000000 ,1.000000
171.600000 ,44.940000 ,1423.000000 ,1.000000
171.600000 ,44.430000 ,1424.000000 ,1.000000
171.600000 ,43.430000 ,1425.000000 ,1.000000
171.600000 ,42.510000 ,1426.000000 ,1.000000
171.600000 ,41.720000 ,1427.000000 ,1.000000
171.600000 ,41.150000 ,1428.000000 ,1.000000
171.600000 ,39.340000 ,1429.000000 ,1.000000
171.600000 ,38.420000 ,1430.000000 ,1.000000
171.600000 ,37.500000 ,1431.000000 ,1.000000
171.600000 ,35.890000 ,1432.000000 ,1.000000
171.600000 ,35.130000 ,1433.000000 ,1.000000
171.600000 ,31.000000 ,1434.000000 ,1.000000
171.600000 ,29.850000 ,1435.000000 ,1.000000
171.600000 ,29.210000 ,1436.000000 ,1.000000
171.600000 ,28.740000 ,1437.000000 ,1.000000
172.300000 ,51.870000 ,1438.000000 ,1.000000
172.300000 ,49.290000 ,1439.000000 ,1.000000
172.300000 ,48.810000 ,1440.000000 ,1.000000
172.300000 ,47.560000 ,1441.000000 ,1.000000
172.300000 ,46.910000 ,1442.000000 ,1.000000
172.300000 ,46.380000 ,1443.000000 ,1.000000
172.300000 ,45.650000 ,1444.000000 ,1.000000
172.300000 ,45.030000 ,1445.000000 ,1.000000
172.300000 ,43.480000 ,1446.000000 ,1.000000
172.300000 ,42.230000 ,1447.000000 ,1.000000
172.300000 ,41.270000 ,1448.000000 ,1.000000
172.300000 ,40.210000 ,1449.000000 ,1.000000
172.300000 ,39.490000 ,1450.000000 ,1.000000
172.300000 ,36.220000 ,1451.000000 ,1.000000
172.300000 ,34.970000 ,1452.000000 ,1.000000
172.300000 ,34.380000 ,1453.000000 ,1.000000
172.300000 ,32.800000 ,1454.000000 ,1.000000
172.300000 ,31.680000 ,1455.000000 ,1.000000
172.300000 ,31.060000 ,1456.000000 ,1.000000
172.300000 ,30.100000 ,1457.000000 ,1.000000
172.300000 ,29.510000 ,1458.000000 ,1.000000
173.000000 ,50.250000 ,1459.000000 ,1.000000
173.000000 ,49.260000 ,1460.000000 ,1.000000
173.000000 ,48.110000 ,1461.000000 ,1.000000
173.000000 ,47.500000 ,1462.000000 ,1.000000
173.000000 ,46.870000 ,1463.000000 ,1.000000
173.000000 ,46.380000 ,1464.000000 ,1.000000
173.000000 ,45.680000 ,1465.000000 ,1.000000
173.000000 ,44.790000 ,1466.000000 ,1.000000
173.000000 ,44.080000 ,1467.000000 ,1.000000
173.000000 ,43.430000 ,1468.000000 ,1.000000
173.000000 ,39.600000 ,1469.000000 ,1.000000
173.000000 ,38.830000 ,1470.000000 ,1.000000
173.000000 ,35.800000 ,1471.000000 ,1.000000
173.000000 ,32.190000 ,1472.000000 ,1.000000
173.000000 ,31.330000 ,1473.000000 ,1.000000
173.000000 ,30.840000 ,1474.000000 ,1.000000
173.000000 ,30.160000 ,1475.000000 ,1.000000
173.000000 ,29.460000 ,1476.000000 ,1.000000
173.700000 ,51.170000 ,1477.000000 ,1.000000
173.700000 ,50.690000 ,1478.000000 ,1.000000
173.700000 ,49.770000 ,1479.000000 ,1.000000
173.700000 ,49.260000 ,1480.000000 ,1.000000
173.700000 ,48.750000 ,1481.000000 ,1.000000
173.700000 ,47.850000 ,1482.000000 ,1.000000
173.700000 ,47.160000 ,1483.000000 ,1.000000
173.700000 ,46.320000 ,1484.000000 ,1.000000
173.700000 ,45.800000 ,1485.000000 ,1.000000
173.700000 ,45.190000 ,1486.000000 ,1.000000
173.700000 ,44.460000 ,1487.000000 ,1.000000
173.700000 ,43.770000 ,1488.000000 ,1.000000
173.700000 ,43.080000 ,1489.000000 ,1.000000
173.700000 ,41.570000 ,1490.000000 ,1.000000
173.700000 ,40.860000 ,1491.000000 ,1.000000
173.700000 ,40.010000 ,1492.000000 ,1.000000
173.700000 ,38.580000 ,1493.000000 ,1.000000
173.700000 ,37.370000 ,1494.000000 ,1.000000
173.700000 ,35.800000 ,1495.000000 ,1.000000
173.700000 ,33.810000 ,1496.000000 ,1.000000
173.700000 ,33.070000 ,1497.000000 ,1.000000
173.700000 ,31.060000 ,1498.000000 ,1.000000
173.700000 ,30.190000 ,1499.000000 ,1.000000
173.700000 ,29.510000 ,1500.000000 ,1.000000
174.400000 ,50.460000 ,1501.000000 ,1.000000
174.400000 ,49.900000 ,1502.000000 ,1.000000
174.400000 ,49.410000 ,1503.000000 ,1.000000
174.400000 ,48.870000 ,1504.000000 ,1.000000
174.400000 ,48.180000 ,1505.000000 ,1.000000
174.400000 ,47.610000 ,1506.000000 ,1.000000
174.400000 ,47.090000 ,1507.000000 ,1.000000
174.400000 ,46.290000 ,1508.000000 ,1.000000
174.400000 ,44.530000 ,1509.000000 ,1.000000
174.400000 ,43.580000 ,1510.000000 ,1.000000
174.400000 ,42.430000 ,1511.000000 ,1.000000
174.400000 ,41.650000 ,1512.000000 ,1.000000
174.400000 ,41.110000 ,1513.000000 ,1.000000
174.400000 ,39.980000 ,1514.000000 ,1.000000
174.400000 ,38.900000 ,1515.000000 ,1.000000
174.400000 ,38.160000 ,1516.000000 ,1.000000
174.400000 ,37.030000 ,1517.000000 ,1.000000
174.400000 ,35.890000 ,1518.000000 ,1.000000
174.400000 ,32.720000 ,1519.000000 ,1.000000
174.400000 ,31.870000 ,1520.000000 ,1.000000
174.400000 ,31.330000 ,1521.000000 ,1.000000
174.400000 ,30.840000 ,1522.000000 ,1.000000
174.400000 ,30.250000 ,1523.000000 ,1.000000
175.100000 ,52.290000 ,1524.000000 ,1.000000
175.100000 ,50.970000 ,1525.000000 ,1.000000
175.100000 ,49.660000 ,1526.000000 ,1.000000
175.100000 ,48.900000 ,1527.000000 ,1.000000
175.100000 ,48.420000 ,1528.000000 ,1.000000
175.100000 ,47.450000 ,1529.000000 ,1.000000
175.100000 ,46.640000 ,1530.000000 ,1.000000
175.100000 ,45.710000 ,1531.000000 ,1.000000
175.100000 ,45.100000 ,1532.000000 ,1.000000
175.100000 ,44.090000 ,1533.000000 ,1.000000
175.100000 ,41.650000 ,1534.000000 ,1.000000
175.100000 ,34.970000 ,1535.000000 ,1.000000
175.100000 ,32.900000 ,1536.000000 ,1.000000
175.100000 ,32.440000 ,1537.000000 ,1.000000
175.100000 ,31.940000 ,1538.000000 ,1.000000
175.100000 ,31.290000 ,1539.000000 ,1.000000
175.100000 ,30.390000 ,1540.000000 ,1.000000
175.800000 ,51.330000 ,1541.000000 ,1.000000
175.800000 ,50.720000 ,1542.000000 ,1.000000
175.800000 ,49.770000 ,1543.000000 ,1.000000
175.800000 ,49.200000 ,1544.000000 ,1.000000
175.800000 ,48.300000 ,1545.000000 ,1.000000
175.800000 ,47.600000 ,1546.000000 ,1.000000
175.800000 ,46.800000 ,1547.000000 ,1.000000
175.800000 ,45.530000 ,1548.000000 ,1.000000
175.800000 ,44.930000 ,1549.000000 ,1.000000
175.800000 ,44.280000 ,1550.000000 ,1.000000
175.800000 ,41.890000 ,1551.000000 ,1.000000
175.800000 ,41.120000 ,1552.000000 ,1.000000
175.800000 ,38.900000 ,1553.000000 ,1.000000
175.800000 ,34.970000 ,1554.000000 ,1.000000
175.800000 ,34.380000 ,1555.000000 ,1.000000
175.800000 ,33.810000 ,1556.000000 ,1.000000
175.800000 ,33.150000 ,1557.000000 ,1.000000
175.800000 ,32.360000 ,1558.000000 ,1.000000
175.800000 ,31.530000 ,1559.000000 ,1.000000
175.800000 ,30.620000 ,1560.000000 ,1.000000
176.500000 ,52.290000 ,1561.000000 ,1.000000
176.500000 ,51.470000 ,1562.000000 ,1.000000
176.500000 ,51.000000 ,1563.000000 ,1.000000
176.500000 ,50.520000 ,1564.000000 ,1.000000
176.500000 ,50.000000 ,1565.000000 ,1.000000
176.500000 ,49.500000 ,1566.000000 ,1.000000
176.500000 ,48.990000 ,1567.000000 ,1.000000
176.500000 ,48.510000 ,1568.000000 ,1.000000
176.500000 ,47.970000 ,1569.000000 ,1.000000
176.500000 ,47.370000 ,1570.000000 ,1.000000
176.500000 ,46.780000 ,1571.000000 ,1.000000
176.500000 ,46.070000 ,1572.000000 ,1.000000
176.500000 ,45.530000 ,1573.000000 ,1.000000
176.500000 ,45.000000 ,1574.000000 ,1.000000
176.500000 ,44.310000 ,1575.000000 ,1.000000
176.500000 ,42.970000 ,1576.000000 ,1.000000
176.500000 ,42.210000 ,1577.000000 ,1.000000
176.500000 ,41.240000 ,1578.000000 ,1.000000
176.500000 ,39.280000 ,1579.000000 ,1.000000
176.500000 ,32.740000 ,1580.000000 ,1.000000
176.500000 ,32.250000 ,1581.000000 ,1.000000
176.500000 ,31.730000 ,1582.000000 ,1.000000
176.500000 ,31.140000 ,1583.000000 ,1.000000
176.500000 ,30.560000 ,1584.000000 ,1.000000
176.500000 ,30.090000 ,1585.000000 ,1.000000
177.200000 ,51.960000 ,1586.000000 ,1.000000
177.200000 ,51.330000 ,1587.000000 ,1.000000
177.200000 ,50.440000 ,1588.000000 ,1.000000
177.200000 ,49.820000 ,1589.000000 ,1.000000
177.200000 ,49.260000 ,1590.000000 ,1.000000
177.200000 ,48.720000 ,1591.000000 ,1.000000
177.200000 ,48.150000 ,1592.000000 ,1.000000
177.200000 ,47.680000 ,1593.000000 ,1.000000
177.200000 ,46.670000 ,1594.000000 ,1.000000
177.200000 ,45.620000 ,1595.000000 ,1.000000
177.200000 ,44.930000 ,1596.000000 ,1.000000
177.200000 ,42.160000 ,1597.000000 ,1.000000
177.200000 ,41.450000 ,1598.000000 ,1.000000
177.200000 ,40.900000 ,1599.000000 ,1.000000
177.200000 ,39.190000 ,1600.000000 ,1.000000
177.200000 ,37.970000 ,1601.000000 ,1.000000
177.200000 ,32.070000 ,1602.000000 ,1.000000
177.200000 ,31.590000 ,1603.000000 ,1.000000
177.200000 ,31.020000 ,1604.000000 ,1.000000
177.200000 ,30.260000 ,1605.000000 ,1.000000
177.900000 ,53.260000 ,1606.000000 ,1.000000
177.900000 ,52.030000 ,1607.000000 ,1.000000
177.900000 ,51.260000 ,1608.000000 ,1.000000
177.900000 ,50.630000 ,1609.000000 ,1.000000
177.900000 ,49.380000 ,1610.000000 ,1.000000
177.900000 ,48.780000 ,1611.000000 ,1.000000
177.900000 ,48.210000 ,1612.000000 ,1.000000
177.900000 ,47.460000 ,1613.000000 ,1.000000
177.900000 ,46.550000 ,1614.000000 ,1.000000
177.900000 ,45.950000 ,1615.000000 ,1.000000
177.900000 ,45.100000 ,1616.000000 ,1.000000
177.900000 ,44.430000 ,1617.000000 ,1.000000
177.900000 ,43.510000 ,1618.000000 ,1.000000
177.900000 ,41.540000 ,1619.000000 ,1.000000
177.900000 ,40.490000 ,1620.000000 ,1.000000
177.900000 ,39.280000 ,1621.000000 ,1.000000
177.900000 ,37.040000 ,1622.000000 ,1.000000
177.900000 ,33.810000 ,1623.000000 ,1.000000
177.900000 ,32.500000 ,1624.000000 ,1.000000
177.900000 ,31.380000 ,1625.000000 ,1.000000
177.900000 ,30.620000 ,1626.000000 ,1.000000
178.600000 ,52.750000 ,1627.000000 ,1.000000
178.600000 ,51.100000 ,1628.000000 ,1.000000
178.600000 ,50.100000 ,1629.000000 ,1.000000
178.600000 ,49.470000 ,1630.000000 ,1.000000
178.600000 ,48.810000 ,1631.000000 ,1.000000
178.600000 ,48.250000 ,1632.000000 ,1.000000
178.600000 ,47.710000 ,1633.000000 ,1.000000
178.600000 ,47.050000 ,1634.000000 ,1.000000
178.600000 ,46.490000 ,1635.000000 ,1.000000
178.600000 ,44.030000 ,1636.000000 ,1.000000
178.600000 ,43.480000 ,1637.000000 ,1.000000
178.600000 ,41.710000 ,1638.000000 ,1.000000
178.600000 ,41.260000 ,1639.000000 ,1.000000
178.600000 ,40.620000 ,1640.000000 ,1.000000
178.600000 ,40.030000 ,1641.000000 ,1.000000
178.600000 ,39.400000 ,1642.000000 ,1.000000
178.600000 ,32.410000 ,1643.000000 ,1.000000
178.600000 ,31.620000 ,1644.000000 ,1.000000
178.600000 ,30.710000 ,1645.000000 ,1.000000
179.300000 ,54.620000 ,1646.000000 ,1.000000
179.300000 ,51.710000 ,1647.000000 ,1.000000
179.300000 ,50.970000 ,1648.000000 ,1.000000
179.300000 ,50.100000 ,1649.000000 ,1.000000
179.300000 ,49.440000 ,1650.000000 ,1.000000
179.300000 ,48.870000 ,1651.000000 ,1.000000
179.300000 ,48.380000 ,1652.000000 ,1.000000
179.300000 ,47.860000 ,1653.000000 ,1.000000
179.300000 ,46.880000 ,1654.000000 ,1.000000
179.300000 ,46.360000 ,1655.000000 ,1.000000
179.300000 ,45.360000 ,1656.000000 ,1.000000
179.300000 ,44.520000 ,1657.000000 ,1.000000
179.300000 ,43.610000 ,1658.000000 ,1.000000
179.300000 ,41.920000 ,1659.000000 ,1.000000
179.300000 ,40.960000 ,1660.000000 ,1.000000
179.300000 ,40.430000 ,1661.000000 ,1.000000
179.300000 ,39.490000 ,1662.000000 ,1.000000
179.300000 ,34.790000 ,1663.000000 ,1.000000
179.300000 ,33.570000 ,1664.000000 ,1.000000
179.300000 ,32.840000 ,1665.000000 ,1.000000
179.300000 ,32.290000 ,1666.000000 ,1.000000
179.300000 ,31.380000 ,1667.000000 ,1.000000
179.300000 ,30.400000 ,1668.000000 ,1.000000
180.000000 ,53.460000 ,1669.000000 ,1.000000
180.000000 ,52.290000 ,1670.000000 ,1.000000
180.000000 ,51.330000 ,1671.000000 ,1.000000
180.000000 ,50.130000 ,1672.000000 ,1.000000
180.000000 ,49.470000 ,1673.000000 ,1.000000
180.000000 ,48.930000 ,1674.000000 ,1.000000
180.000000 ,48.470000 ,1675.000000 ,1.000000
180.000000 ,47.740000 ,1676.000000 ,1.000000
180.000000 ,47.140000 ,1677.000000 ,1.000000
180.000000 ,46.650000 ,1678.000000 ,1.000000
180.000000 ,46.100000 ,1679.000000 ,1.000000
180.000000 ,45.320000 ,1680.000000 ,1.000000
180.000000 ,42.970000 ,1681.000000 ,1.000000
180.000000 ,42.530000 ,1682.000000 ,1.000000
180.000000 ,41.980000 ,1683.000000 ,1.000000
180.000000 ,41.260000 ,1684.000000 ,1.000000
180.000000 ,40.490000 ,1685.000000 ,1.000000
180.000000 ,39.950000 ,1686.000000 ,1.000000
180.000000 ,39.370000 ,1687.000000 ,1.000000
180.000000 ,37.500000 ,1688.000000 ,1.000000
180.000000 ,34.790000 ,1689.000000 ,1.000000
180.000000 ,32.840000 ,1690.000000 ,1.000000
180.000000 ,31.890000 ,1691.000000 ,1.000000
180.000000 ,30.670000 ,1692.000000 ,1.000000
180.700000 ,54.210000 ,1693.000000 ,1.000000
180.700000 ,53.460000 ,1694.000000 ,1.000000
180.700000 ,52.830000 ,1695.000000 ,1.000000
180.700000 ,52.200000 ,1696.000000 ,1.000000
180.700000 ,51.330000 ,1697.000000 ,1.000000
180.700000 ,50.450000 ,1698.000000 ,1.000000
180.700000 ,49.890000 ,1699.000000 ,1.000000
180.700000 ,49.290000 ,1700.000000 ,1.000000
180.700000 ,48.000000 ,1701.000000 ,1.000000
180.700000 ,47.280000 ,1702.000000 ,1.000000
180.700000 ,46.750000 ,1703.000000 ,1.000000
180.700000 ,46.130000 ,1704.000000 ,1.000000
180.700000 ,45.030000 ,1705.000000 ,1.000000
180.700000 ,44.550000 ,1706.000000 ,1.000000
180.700000 ,42.190000 ,1707.000000 ,1.000000
180.700000 ,41.650000 ,1708.000000 ,1.000000
180.700000 ,41.120000 ,1709.000000 ,1.000000
180.700000 ,40.490000 ,1710.000000 ,1.000000
180.700000 ,39.730000 ,1711.000000 ,1.000000
180.700000 ,39.060000 ,1712.000000 ,1.000000
180.700000 ,37.730000 ,1713.000000 ,1.000000
180.700000 ,33.640000 ,1714.000000 ,1.000000
180.700000 ,32.190000 ,1715.000000 ,1.000000
180.700000 ,31.010000 ,1716.000000 ,1.000000
181.400000 ,53.920000 ,1717.000000 ,1.000000
181.400000 ,51.930000 ,1718.000000 ,1.000000
181.400000 ,51.330000 ,1719.000000 ,1.000000
181.400000 ,50.790000 ,1720.000000 ,1.000000
181.400000 ,50.100000 ,1721.000000 ,1.000000
181.400000 ,49.500000 ,1722.000000 ,1.000000
181.400000 ,46.700000 ,1723.000000 ,1.000000
181.400000 ,46.210000 ,1724.000000 ,1.000000
181.400000 ,45.360000 ,1725.000000 ,1.000000
181.400000 ,44.170000 ,1726.000000 ,1.000000
181.400000 ,42.910000 ,1727.000000 ,1.000000
181.400000 ,42.210000 ,1728.000000 ,1.000000
181.400000 ,39.150000 ,1729.000000 ,1.000000
181.400000 ,32.950000 ,1730.000000 ,1.000000
181.400000 ,32.420000 ,1731.000000 ,1.000000
181.400000 ,31.920000 ,1732.000000 ,1.000000
181.400000 ,30.950000 ,1733.000000 ,1.000000
181.400000 ,30.480000 ,1734.000000 ,1.000000
182.100000 ,54.330000 ,1735.000000 ,1.000000
182.100000 ,52.800000 ,1736.000000 ,1.000000
182.100000 ,51.400000 ,1737.000000 ,1.000000
182.100000 ,50.880000 ,1738.000000 ,1.000000
182.100000 ,50.330000 ,1739.000000 ,1.000000
182.100000 ,49.750000 ,1740.000000 ,1.000000
182.100000 ,49.260000 ,1741.000000 ,1.000000
182.100000 ,48.320000 ,1742.000000 ,1.000000
182.100000 ,47.170000 ,1743.000000 ,1.000000
182.100000 ,46.490000 ,1744.000000 ,1.000000
182.100000 ,45.970000 ,1745.000000 ,1.000000
182.100000 ,45.140000 ,1746.000000 ,1.000000
182.100000 ,44.020000 ,1747.000000 ,1.000000
182.100000 ,43.410000 ,1748.000000 ,1.000000
182.100000 ,42.780000 ,1749.000000 ,1.000000
182.100000 ,41.860000 ,1750.000000 ,1.000000
182.100000 ,40.510000 ,1751.000000 ,1.000000
182.100000 ,39.830000 ,1752.000000 ,1.000000
182.100000 ,39.030000 ,1753.000000 ,1.000000
182.100000 ,33.260000 ,1754.000000 ,1.000000
182.100000 ,32.600000 ,1755.000000 ,1.000000
182.100000 ,31.890000 ,1756.000000 ,1.000000
182.100000 ,31.310000 ,1757.000000 ,1.000000
182.800000 ,53.420000 ,1758.000000 ,1.000000
182.800000 ,52.800000 ,1759.000000 ,1.000000
182.800000 ,51.860000 ,1760.000000 ,1.000000
182.800000 ,51.100000 ,1761.000000 ,1.000000
182.800000 ,50.630000 ,1762.000000 ,1.000000
182.800000 ,49.880000 ,1763.000000 ,1.000000
182.800000 ,49.000000 ,1764.000000 ,1.000000
182.800000 ,48.500000 ,1765.000000 ,1.000000
182.800000 ,47.860000 ,1766.000000 ,1.000000
182.800000 ,46.610000 ,1767.000000 ,1.000000
182.800000 ,46.000000 ,1768.000000 ,1.000000
182.800000 ,45.360000 ,1769.000000 ,1.000000
182.800000 ,44.720000 ,1770.000000 ,1.000000
182.800000 ,42.330000 ,1771.000000 ,1.000000
182.800000 ,41.230000 ,1772.000000 ,1.000000
182.800000 ,34.790000 ,1773.000000 ,1.000000
182.800000 ,32.470000 ,1774.000000 ,1.000000
182.800000 ,31.980000 ,1775.000000 ,1.000000
182.800000 ,31.280000 ,1776.000000 ,1.000000
182.800000 ,30.790000 ,1777.000000 ,1.000000
183.500000 ,53.420000 ,1778.000000 ,1.000000
183.500000 ,52.800000 ,1779.000000 ,1.000000
183.500000 ,52.340000 ,1780.000000 ,1.000000
183.500000 ,50.850000 ,1781.000000 ,1.000000
183.500000 ,49.970000 ,1782.000000 ,1.000000
183.500000 ,49.220000 ,1783.000000 ,1.000000
183.500000 ,48.140000 ,1784.000000 ,1.000000
183.500000 ,47.410000 ,1785.000000 ,1.000000
183.500000 ,46.330000 ,1786.000000 ,1.000000
183.500000 ,45.430000 ,1787.000000 ,1.000000
183.500000 ,44.900000 ,1788.000000 ,1.000000
183.500000 ,44.370000 ,1789.000000 ,1.000000
183.500000 ,43.890000 ,1790.000000 ,1.000000
183.500000 ,42.580000 ,1791.000000 ,1.000000
183.500000 ,42.050000 ,1792.000000 ,1.000000
183.500000 ,41.340000 ,1793.000000 ,1.000000
183.500000 ,40.620000 ,1794.000000 ,1.000000
183.500000 ,39.220000 ,1795.000000 ,1.000000
183.500000 ,33.090000 ,1796.000000 ,1.000000
183.500000 ,32.500000 ,1797.000000 ,1.000000
183.500000 ,31.950000 ,1798.000000 ,1.000000
183.500000 ,31.220000 ,1799.000000 ,1.000000
183.500000 ,30.760000 ,1800.000000 ,1.000000
184.200000 ,53.700000 ,1801.000000 ,1.000000
184.200000 ,53.130000 ,1802.000000 ,1.000000
184.200000 ,52.270000 ,1803.000000 ,1.000000
184.200000 ,51.560000 ,1804.000000 ,1.000000
184.200000 ,50.950000 ,1805.000000 ,1.000000
184.200000 ,50.000000 ,1806.000000 ,1.000000
184.200000 ,49.260000 ,1807.000000 ,1.000000
184.200000 ,48.260000 ,1808.000000 ,1.000000
184.200000 ,47.660000 ,1809.000000 ,1.000000
184.200000 ,46.840000 ,1810.000000 ,1.000000
184.200000 ,46.370000 ,1811.000000 ,1.000000
184.200000 ,45.880000 ,1812.000000 ,1.000000
184.200000 ,44.820000 ,1813.000000 ,1.000000
184.200000 ,42.100000 ,1814.000000 ,1.000000
184.200000 ,41.570000 ,1815.000000 ,1.000000
184.200000 ,41.080000 ,1816.000000 ,1.000000
184.200000 ,40.290000 ,1817.000000 ,1.000000
184.200000 ,34.710000 ,1818.000000 ,1.000000
184.200000 ,32.290000 ,1819.000000 ,1.000000
184.200000 ,31.440000 ,1820.000000 ,1.000000
184.200000 ,30.830000 ,1821.000000 ,1.000000
184.900000 ,53.890000 ,1822.000000 ,1.000000
184.900000 ,53.220000 ,1823.000000 ,1.000000
184.900000 ,52.420000 ,1824.000000 ,1.000000
184.900000 ,51.930000 ,1825.000000 ,1.000000
184.900000 ,51.340000 ,1826.000000 ,1.000000
184.900000 ,50.760000 ,1827.000000 ,1.000000
184.900000 ,50.180000 ,1828.000000 ,1.000000
184.900000 ,49.500000 ,1829.000000 ,1.000000
184.900000 ,48.900000 ,1830.000000 ,1.000000
184.900000 ,48.430000 ,1831.000000 ,1.000000
184.900000 ,47.930000 ,1832.000000 ,1.000000
184.900000 ,46.980000 ,1833.000000 ,1.000000
184.900000 ,46.100000 ,1834.000000 ,1.000000
184.900000 ,44.240000 ,1835.000000 ,1.000000
184.900000 ,43.560000 ,1836.000000 ,1.000000
184.900000 ,43.050000 ,1837.000000 ,1.000000
184.900000 ,41.890000 ,1838.000000 ,1.000000
184.900000 ,40.870000 ,1839.000000 ,1.000000
184.900000 ,40.380000 ,1840.000000 ,1.000000
184.900000 ,39.110000 ,1841.000000 ,1.000000
184.900000 ,38.470000 ,1842.000000 ,1.000000
184.900000 ,34.120000 ,1843.000000 ,1.000000
184.900000 ,33.020000 ,1844.000000 ,1.000000
184.900000 ,32.100000 ,1845.000000 ,1.000000
184.900000 ,31.280000 ,1846.000000 ,1.000000
185.600000 ,54.510000 ,1847.000000 ,1.000000
185.600000 ,52.700000 ,1848.000000 ,1.000000
185.600000 ,52.140000 ,1849.000000 ,1.000000
185.600000 ,51.610000 ,1850.000000 ,1.000000
185.600000 ,51.120000 ,1851.000000 ,1.000000
185.600000 ,49.940000 ,1852.000000 ,1.000000
185.600000 ,49.260000 ,1853.000000 ,1.000000
185.600000 ,48.720000 ,1854.000000 ,1.000000
185.600000 ,48.060000 ,1855.000000 ,1.000000
185.600000 ,47.540000 ,1856.000000 ,1.000000
185.600000 ,46.920000 ,1857.000000 ,1.000000
185.600000 ,45.660000 ,1858.000000 ,1.000000
185.600000 ,45.140000 ,1859.000000 ,1.000000
185.600000 ,44.460000 ,1860.000000 ,1.000000
185.600000 ,43.530000 ,1861.000000 ,1.000000
185.600000 ,42.400000 ,1862.000000 ,1.000000
185.600000 ,41.800000 ,1863.000000 ,1.000000
185.600000 ,41.230000 ,1864.000000 ,1.000000
185.600000 ,40.660000 ,1865.000000 ,1.000000
185.600000 ,39.550000 ,1866.000000 ,1.000000
185.600000 ,34.120000 ,1867.000000 ,1.000000
185.600000 ,32.900000 ,1868.000000 ,1.000000
185.600000 ,32.100000 ,1869.000000 ,1.000000
185.600000 ,31.560000 ,1870.000000 ,1.000000
186.300000 ,53.740000 ,1871.000000 ,1.000000
186.300000 ,52.050000 ,1872.000000 ,1.000000
186.300000 ,51.150000 ,1873.000000 ,1.000000
186.300000 ,50.390000 ,1874.000000 ,1.000000
186.300000 ,49.670000 ,1875.000000 ,1.000000
186.300000 ,48.930000 ,1876.000000 ,1.000000
186.300000 ,48.390000 ,1877.000000 ,1.000000
186.300000 ,46.920000 ,1878.000000 ,1.000000
186.300000 ,45.750000 ,1879.000000 ,1.000000
186.300000 ,45.030000 ,1880.000000 ,1.000000
186.300000 ,43.380000 ,1881.000000 ,1.000000
186.300000 ,42.750000 ,1882.000000 ,1.000000
186.300000 ,41.650000 ,1883.000000 ,1.000000
186.300000 ,40.960000 ,1884.000000 ,1.000000
186.300000 ,38.100000 ,1885.000000 ,1.000000
186.300000 ,35.360000 ,1886.000000 ,1.000000
186.300000 ,34.790000 ,1887.000000 ,1.000000
186.300000 ,33.810000 ,1888.000000 ,1.000000
186.300000 ,32.780000 ,1889.000000 ,1.000000
186.300000 ,32.290000 ,1890.000000 ,1.000000
186.300000 ,31.470000 ,1891.000000 ,1.000000
186.300000 ,154.695000 ,1892.000000 ,0.000000
187.000000 ,53.970000 ,1893.000000 ,1.000000
187.000000 ,53.220000 ,1894.000000 ,1.000000
187.000000 ,51.860000 ,1895.000000 ,1.000000
187.000000 ,51.150000 ,1896.000000 ,1.000000
187.000000 ,50.450000 ,1897.000000 ,1.000000
187.000000 ,49.710000 ,1898.000000 ,1.000000
187.000000 ,49.170000 ,1899.000000 ,1.000000
187.000000 ,48.550000 ,1900.000000 ,1.000000
187.000000 ,47.940000 ,1901.000000 ,1.000000
187.000000 ,47.350000 ,1902.000000 ,1.000000
187.000000 ,46.840000 ,1903.000000 ,1.000000
187.000000 ,46.340000 ,1904.000000 ,1.000000
187.000000 ,44.970000 ,1905.000000 ,1.000000
187.000000 ,44.020000 ,1906.000000 ,1.000000
187.000000 ,42.230000 ,1907.000000 ,1.000000
187.000000 ,41.550000 ,1908.000000 ,1.000000
187.000000 ,40.480000 ,1909.000000 ,1.000000
187.000000 ,39.040000 ,1910.000000 ,1.000000
187.000000 ,32.750000 ,1911.000000 ,1.000000
187.000000 ,32.290000 ,1912.000000 ,1.000000
187.000000 ,31.650000 ,1913.000000 ,1.000000
187.700000 ,53.890000 ,1914.000000 ,1.000000
187.700000 ,52.860000 ,1915.000000 ,1.000000
187.700000 ,52.350000 ,1916.000000 ,1.000000
187.700000 ,51.890000 ,1917.000000 ,1.000000
187.700000 ,50.910000 ,1918.000000 ,1.000000
187.700000 ,50.090000 ,1919.000000 ,1.000000
187.700000 ,49.500000 ,1920.000000 ,1.000000
187.700000 ,48.030000 ,1921.000000 ,1.000000
187.700000 ,47.350000 ,1922.000000 ,1.000000
187.700000 ,45.780000 ,1923.000000 ,1.000000
187.700000 ,45.290000 ,1924.000000 ,1.000000
187.700000 ,44.440000 ,1925.000000 ,1.000000
187.700000 ,43.710000 ,1926.000000 ,1.000000
187.700000 ,42.750000 ,1927.000000 ,1.000000
187.700000 ,41.800000 ,1928.000000 ,1.000000
187.700000 ,40.660000 ,1929.000000 ,1.000000
187.700000 ,39.110000 ,1930.000000 ,1.000000
187.700000 ,37.970000 ,1931.000000 ,1.000000
187.700000 ,37.500000 ,1932.000000 ,1.000000
187.700000 ,35.620000 ,1933.000000 ,1.000000
187.700000 ,32.960000 ,1934.000000 ,1.000000
187.700000 ,32.220000 ,1935.000000 ,1.000000
187.700000 ,31.730000 ,1936.000000 ,1.000000
187.700000 ,31.090000 ,1937.000000 ,1.000000
188.400000 ,53.460000 ,1938.000000 ,1.000000
188.400000 ,52.100000 ,1939.000000 ,1.000000
188.400000 ,51.290000 ,1940.000000 ,1.000000
188.400000 ,50.510000 ,1941.000000 ,1.000000
188.400000 ,49.740000 ,1942.000000 ,1.000000
188.400000 ,49.080000 ,1943.000000 ,1.000000
188.400000 ,48.260000 ,1944.000000 ,1.000000
188.400000 ,47.460000 ,1945.000000 ,1.000000
188.400000 ,46.950000 ,1946.000000 ,1.000000
188.400000 ,46.100000 ,1947.000000 ,1.000000
188.400000 ,44.850000 ,1948.000000 ,1.000000
188.400000 ,43.980000 ,1949.000000 ,1.000000
188.400000 ,42.480000 ,1950.000000 ,1.000000
188.400000 ,41.270000 ,1951.000000 ,1.000000
188.400000 ,40.060000 ,1952.000000 ,1.000000
188.400000 ,39.260000 ,1953.000000 ,1.000000
188.400000 ,34.740000 ,1954.000000 ,1.000000
188.400000 ,32.190000 ,1955.000000 ,1.000000
188.400000 ,31.670000 ,1956.000000 ,1.000000
189.100000 ,53.460000 ,1957.000000 ,1.000000
189.100000 ,52.460000 ,1958.000000 ,1.000000
189.100000 ,51.390000 ,1959.000000 ,1.000000
189.100000 ,50.570000 ,1960.000000 ,1.000000
189.100000 ,50.000000 ,1961.000000 ,1.000000
189.100000 ,49.320000 ,1962.000000 ,1.000000
189.100000 ,48.740000 ,1963.000000 ,1.000000
189.100000 ,47.510000 ,1964.000000 ,1.000000
189.100000 ,47.010000 ,1965.000000 ,1.000000
189.100000 ,46.060000 ,1966.000000 ,1.000000
189.100000 ,45.220000 ,1967.000000 ,1.000000
189.100000 ,44.600000 ,1968.000000 ,1.000000
189.100000 ,41.190000 ,1969.000000 ,1.000000
189.100000 ,40.600000 ,1970.000000 ,1.000000
189.100000 ,38.980000 ,1971.000000 ,1.000000
189.100000 ,35.620000 ,1972.000000 ,1.000000
189.100000 ,33.090000 ,1973.000000 ,1.000000
189.100000 ,31.820000 ,1974.000000 ,1.000000
189.100000 ,31.030000 ,1975.000000 ,1.000000
189.800000 ,54.170000 ,1976.000000 ,1.000000
189.800000 ,53.700000 ,1977.000000 ,1.000000
189.800000 ,53.130000 ,1978.000000 ,1.000000
189.800000 ,52.150000 ,1979.000000 ,1.000000
189.800000 ,51.330000 ,1980.000000 ,1.000000
189.800000 ,50.650000 ,1981.000000 ,1.000000
189.800000 ,50.130000 ,1982.000000 ,1.000000
189.800000 ,49.550000 ,1983.000000 ,1.000000
189.800000 ,49.060000 ,1984.000000 ,1.000000
189.800000 ,47.940000 ,1985.000000 ,1.000000
189.800000 ,46.630000 ,1986.000000 ,1.000000
189.800000 ,45.910000 ,1987.000000 ,1.000000
189.800000 ,44.440000 ,1988.000000 ,1.000000
189.800000 ,43.240000 ,1989.000000 ,1.000000
189.800000 ,42.660000 ,1990.000000 ,1.000000
189.800000 ,42.170000 ,1991.000000 ,1.000000
189.800000 ,40.870000 ,1992.000000 ,1.000000
189.800000 ,39.830000 ,1993.000000 ,1.000000
189.800000 ,39.260000 ,1994.000000 ,1.000000
189.800000 ,32.880000 ,1995.000000 ,1.000000
189.800000 ,32.190000 ,1996.000000 ,1.000000
189.800000 ,31.570000 ,1997.000000 ,1.000000
190.500000 ,54.000000 ,1998.000000 ,1.000000
190.500000 ,53.420000 ,1999.000000 ,1.000000
190.500000 ,52.750000 ,2000.000000 ,1.000000
190.500000 ,52.240000 ,2001.000000 ,1.000000
190.500000 ,51.610000 ,2002.000000 ,1.000000
190.500000 ,50.910000 ,2003.000000 ,1.000000
190.500000 ,49.880000 ,2004.000000 ,1.000000
190.500000 ,48.780000 ,2005.000000 ,1.000000
190.500000 ,48.260000 ,2006.000000 ,1.000000
190.500000 ,47.740000 ,2007.000000 ,1.000000
190.500000 ,46.810000 ,2008.000000 ,1.000000
190.500000 ,46.020000 ,2009.000000 ,1.000000
190.500000 ,45.250000 ,2010.000000 ,1.000000
190.500000 ,44.510000 ,2011.000000 ,1.000000
190.500000 ,44.020000 ,2012.000000 ,1.000000
190.500000 ,41.020000 ,2013.000000 ,1.000000
190.500000 ,40.430000 ,2014.000000 ,1.000000
190.500000 ,39.490000 ,2015.000000 ,1.000000
190.500000 ,38.880000 ,2016.000000 ,1.000000
190.500000 ,32.910000 ,2017.000000 ,1.000000
190.500000 ,31.940000 ,2018.000000 ,1.000000
190.500000 ,31.340000 ,2019.000000 ,1.000000
191.200000 ,54.330000 ,2020.000000 ,1.000000
191.200000 ,53.660000 ,2021.000000 ,1.000000
191.200000 ,53.050000 ,2022.000000 ,1.000000
191.200000 ,52.430000 ,2023.000000 ,1.000000
191.200000 ,51.770000 ,2024.000000 ,1.000000
191.200000 ,51.010000 ,2025.000000 ,1.000000
191.200000 ,50.220000 ,2026.000000 ,1.000000
191.200000 ,48.900000 ,2027.000000 ,1.000000
191.200000 ,47.020000 ,2028.000000 ,1.000000
191.200000 ,46.390000 ,2029.000000 ,1.000000
191.200000 ,44.080000 ,2030.000000 ,1.000000
191.200000 ,43.130000 ,2031.000000 ,1.000000
191.200000 ,41.860000 ,2032.000000 ,1.000000
191.200000 ,41.190000 ,2033.000000 ,1.000000
191.200000 ,40.630000 ,2034.000000 ,1.000000
191.200000 ,39.550000 ,2035.000000 ,1.000000
191.200000 ,37.290000 ,2036.000000 ,1.000000
191.200000 ,34.640000 ,2037.000000 ,1.000000
191.200000 ,32.820000 ,2038.000000 ,1.000000
191.200000 ,31.900000 ,2039.000000 ,1.000000
191.900000 ,52.930000 ,2040.000000 ,1.000000
191.900000 ,51.930000 ,2041.000000 ,1.000000
191.900000 ,51.460000 ,2042.000000 ,1.000000
191.900000 ,50.000000 ,2043.000000 ,1.000000
191.900000 ,49.450000 ,2044.000000 ,1.000000
191.900000 ,48.350000 ,2045.000000 ,1.000000
191.900000 ,47.050000 ,2046.000000 ,1.000000
191.900000 ,46.420000 ,2047.000000 ,1.000000
191.900000 ,45.820000 ,2048.000000 ,1.000000
191.900000 ,45.030000 ,2049.000000 ,1.000000
191.900000 ,43.820000 ,2050.000000 ,1.000000
191.900000 ,43.110000 ,2051.000000 ,1.000000
191.900000 ,42.400000 ,2052.000000 ,1.000000
191.900000 ,41.550000 ,2053.000000 ,1.000000
191.900000 ,41.080000 ,2054.000000 ,1.000000
191.900000 ,40.480000 ,2055.000000 ,1.000000
191.900000 ,39.260000 ,2056.000000 ,1.000000
191.900000 ,32.130000 ,2057.000000 ,1.000000
192.600000 ,54.510000 ,2058.000000 ,1.000000
192.600000 ,53.920000 ,2059.000000 ,1.000000
192.600000 ,53.420000 ,2060.000000 ,1.000000
192.600000 ,52.040000 ,2061.000000 ,1.000000
192.600000 ,51.430000 ,2062.000000 ,1.000000
192.600000 ,50.870000 ,2063.000000 ,1.000000
192.600000 ,50.300000 ,2064.000000 ,1.000000
192.600000 ,49.740000 ,2065.000000 ,1.000000
192.600000 ,49.020000 ,2066.000000 ,1.000000
192.600000 ,48.290000 ,2067.000000 ,1.000000
192.600000 ,47.230000 ,2068.000000 ,1.000000
192.600000 ,46.170000 ,2069.000000 ,1.000000
192.600000 ,45.250000 ,2070.000000 ,1.000000
192.600000 ,44.080000 ,2071.000000 ,1.000000
192.600000 ,42.770000 ,2072.000000 ,1.000000
192.600000 ,40.690000 ,2073.000000 ,1.000000
192.600000 ,33.490000 ,2074.000000 ,1.000000
192.600000 ,32.820000 ,2075.000000 ,1.000000
192.600000 ,32.010000 ,2076.000000 ,1.000000
193.300000 ,53.630000 ,2077.000000 ,1.000000
193.300000 ,52.990000 ,2078.000000 ,1.000000
193.300000 ,51.780000 ,2079.000000 ,1.000000
193.300000 ,51.060000 ,2080.000000 ,1.000000
193.300000 ,50.550000 ,2081.000000 ,1.000000
193.300000 ,49.940000 ,2082.000000 ,1.000000
193.300000 ,49.320000 ,2083.000000 ,1.000000
193.300000 ,48.780000 ,2084.000000 ,1.000000
193.300000 ,48.290000 ,2085.000000 ,1.000000
193.300000 ,47.390000 ,2086.000000 ,1.000000
193.300000 ,45.060000 ,2087.000000 ,1.000000
193.300000 ,44.080000 ,2088.000000 ,1.000000
193.300000 ,42.710000 ,2089.000000 ,1.000000
193.300000 ,41.860000 ,2090.000000 ,1.000000
193.300000 ,41.230000 ,2091.000000 ,1.000000
193.300000 ,40.600000 ,2092.000000 ,1.000000
193.300000 ,33.160000 ,2093.000000 ,1.000000
193.300000 ,32.250000 ,2094.000000 ,1.000000
194.000000 ,53.560000 ,2095.000000 ,1.000000
194.000000 ,53.010000 ,2096.000000 ,1.000000
194.000000 ,52.470000 ,2097.000000 ,1.000000
194.000000 ,51.520000 ,2098.000000 ,1.000000
194.000000 ,50.810000 ,2099.000000 ,1.000000
194.000000 ,50.180000 ,2100.000000 ,1.000000
194.000000 ,49.640000 ,2101.000000 ,1.000000
194.000000 ,48.970000 ,2102.000000 ,1.000000
194.000000 ,46.880000 ,2103.000000 ,1.000000
194.000000 ,46.100000 ,2104.000000 ,1.000000
194.000000 ,42.300000 ,2105.000000 ,1.000000
194.000000 ,40.870000 ,2106.000000 ,1.000000
194.000000 ,37.770000 ,2107.000000 ,1.000000
194.000000 ,33.380000 ,2108.000000 ,1.000000
194.000000 ,32.690000 ,2109.000000 ,1.000000
194.000000 ,32.060000 ,2110.000000 ,1.000000
194.700000 ,53.420000 ,2111.000000 ,1.000000
194.700000 ,52.660000 ,2112.000000 ,1.000000
194.700000 ,50.740000 ,2113.000000 ,1.000000
194.700000 ,49.990000 ,2114.000000 ,1.000000
194.700000 ,49.420000 ,2115.000000 ,1.000000
194.700000 ,48.060000 ,2116.000000 ,1.000000
194.700000 ,47.230000 ,2117.000000 ,1.000000
194.700000 ,45.580000 ,2118.000000 ,1.000000
194.700000 ,43.420000 ,2119.000000 ,1.000000
194.700000 ,42.660000 ,2120.000000 ,1.000000
194.700000 ,41.190000 ,2121.000000 ,1.000000
194.700000 ,40.090000 ,2122.000000 ,1.000000
194.700000 ,33.490000 ,2123.000000 ,1.000000
194.700000 ,33.000000 ,2124.000000 ,1.000000
194.700000 ,32.060000 ,2125.000000 ,1.000000
195.400000 ,54.120000 ,2126.000000 ,1.000000
195.400000 ,53.800000 ,2127.000000 ,1.000000
195.400000 ,51.270000 ,2128.000000 ,1.000000
195.400000 ,49.290000 ,2129.000000 ,1.000000
195.400000 ,45.850000 ,2130.000000 ,1.000000
195.400000 ,44.890000 ,2131.000000 ,1.000000
195.400000 ,42.330000 ,2132.000000 ,1.000000
195.400000 ,41.550000 ,2133.000000 ,1.000000
195.400000 ,40.840000 ,2134.000000 ,1.000000
195.400000 ,36.360000 ,2135.000000 ,1.000000
195.400000 ,32.970000 ,2136.000000 ,1.000000
195.400000 ,32.390000 ,2137.000000 ,1.000000
196.100000 ,54.120000 ,2138.000000 ,1.000000
196.100000 ,53.450000 ,2139.000000 ,1.000000
196.100000 ,52.800000 ,2140.000000 ,1.000000
196.100000 ,51.310000 ,2141.000000 ,1.000000
196.100000 ,50.640000 ,2142.000000 ,1.000000
196.100000 ,49.960000 ,2143.000000 ,1.000000
196.100000 ,49.420000 ,2144.000000 ,1.000000
196.100000 ,48.840000 ,2145.000000 ,1.000000
196.100000 ,48.300000 ,2146.000000 ,1.000000
196.100000 ,45.220000 ,2147.000000 ,1.000000
196.100000 ,44.490000 ,2148.000000 ,1.000000
196.100000 ,41.860000 ,2149.000000 ,1.000000
196.100000 ,40.150000 ,2150.000000 ,1.000000
196.100000 ,33.160000 ,2151.000000 ,1.000000
196.100000 ,32.670000 ,2152.000000 ,1.000000
196.800000 ,51.990000 ,2153.000000 ,1.000000
196.800000 ,51.270000 ,2154.000000 ,1.000000
196.800000 ,50.610000 ,2155.000000 ,1.000000
196.800000 ,49.810000 ,2156.000000 ,1.000000
196.800000 ,49.290000 ,2157.000000 ,1.000000
196.800000 ,48.300000 ,2158.000000 ,1.000000
196.800000 ,46.860000 ,2159.000000 ,1.000000
196.800000 ,42.600000 ,2160.000000 ,1.000000
196.800000 ,39.260000 ,2161.000000 ,1.000000
196.800000 ,33.380000 ,2162.000000 ,1.000000
196.800000 ,32.880000 ,2163.000000 ,1.000000
