50.000000 ,-0.230000 ,1.000000 ,1.000000
50.000000 ,-0.330000 ,2.000000 ,1.000000
50.700000 ,-0.230000 ,3.000000 ,1.000000
51.400000 ,-0.230000 ,4.000000 ,1.000000
51.400000 ,-0.630000 ,5.000000 ,1.000000
52.100000 ,-0.230000 ,6.000000 ,1.000000
52.800000 ,-0.230000 ,7.000000 ,1.000000
52.800000 ,-0.390000 ,8.000000 ,1.000000
53.500000 ,-0.230000 ,9.000000 ,1.000000
53.500000 ,-0.350000 ,10.000000 ,1.000000
54.200000 ,-0.230000 ,11.000000 ,1.000000
54.200000 ,-0.500000 ,12.000000 ,1.000000
54.900000 ,-0.200000 ,13.000000 ,1.000000
54.900000 ,-0.440000 ,14.000000 ,1.000000
55.600000 ,-0.200000 ,15.000000 ,1.000000
55.600000 ,-0.350000 ,16.000000 ,1.000000
56.300000 ,-0.200000 ,17.000000 ,1.000000
56.300000 ,-0.350000 ,18.000000 ,1.000000
57.000000 ,-0.200000 ,19.000000 ,1.000000
57.000000 ,-0.530000 ,20.000000 ,1.000000
57.700000 ,-0.200000 ,21.000000 ,1.000000
57.700000 ,-0.500000 ,22.000000 ,1.000000
58.400000 ,-0.200000 ,23.000000 ,1.000000
59.100000 ,-0.200000 ,24.000000 ,1.000000
59.100000 ,-0.440000 ,25.000000 ,1.000000
59.800000 ,-0.200000 ,26.000000 ,1.000000
59.800000 ,-0.410000 ,27.000000 ,1.000000
60.500000 ,-0.200000 ,28.000000 ,1.000000
61.200000 ,-0.200000 ,29.000000 ,1.000000
61.200000 ,-0.400000 ,30.000000 ,1.000000
61.900000 ,-0.200000 ,31.000000 ,1.000000
61.900000 ,-0.490000 ,32.000000 ,1.000000
62.600000 ,-0.200000 ,33.000000 ,1.000000
62.600000 ,-0.460000 ,34.000000 ,1.000000
63.300000 ,-0.200000 ,35.000000 ,1.000000
64.000000 ,-0.200000 ,36.000000 ,1.000000
64.000000 ,-0.430000 ,37.000000 ,1.000000
64.700000 ,-0.200000 ,38.000000 ,1.000000
64.700000 ,-0.610000 ,39.000000 ,1.000000
65.400000 ,-0.140000 ,40.000000 ,1.000000
66.100000 ,-0.140000 ,41.000000 ,1.000000
66.100000 ,-0.400000 ,42.000000 ,1.000000
66.800000 ,-0.140000 ,43.000000 ,1.000000
67.500000 ,-0.140000 ,44.000000 ,1.000000
67.500000 ,-0.670000 ,45.000000 ,1.000000
68.200000 ,-0.140000 ,46.000000 ,1.000000
68.200000 ,-0.490000 ,47.000000 ,1.000000
68.900000 ,-0.140000 ,48.000000 ,1.000000
69.600000 ,-0.140000 ,49.000000 ,1.000000
70.300000 ,-0.140000 ,50.000000 ,1.000000
71.000000 ,-0.140000 ,51.000000 ,1.000000
71.700000 ,-0.140000 ,52.000000 ,1.000000
71.700000 ,-0.400000 ,53.000000 ,1.000000
72.400000 ,-0.140000 ,54.000000 ,1.000000
72.400000 ,-0.400000 ,55.000000 ,1.000000
73.100000 ,-0.140000 ,56.000000 ,1.000000
73.800000 ,-0.140000 ,57.000000 ,1.000000
74.500000 ,-0.200000 ,58.000000 ,1.000000
75.200000 ,-0.140000 ,59.000000 ,1.000000
75.200000 ,-0.490000 ,60.000000 ,1.000000
75.900000 ,-0.140000 ,61.000000 ,1.000000
75.900000 ,-0.460000 ,62.000000 ,1.000000
76.600000 ,-0.140000 ,63.000000 ,1.000000
76.600000 ,-0.460000 ,64.000000 ,1.000000
77.300000 ,-0.200000 ,65.000000 ,1.000000
78.000000 ,-0.140000 ,66.000000 ,1.000000
78.000000 ,-0.520000 ,67.000000 ,1.000000
78.700000 ,-0.140000 ,68.000000 ,1.000000
79.400000 ,-0.140000 ,69.000000 ,1.000000
80.100000 ,-0.140000 ,70.000000 ,1.000000
80.800000 ,-0.140000 ,71.000000 ,1.000000
80.800000 ,-0.580000 ,72.000000 ,1.000000
81.500000 ,-0.140000 ,73.000000 ,1.000000
81.500000 ,248.375000 ,74.000000 ,0.000000
82.200000 ,-0.140000 ,75.000000 ,1.000000
82.900000 ,-0.200000 ,76.000000 ,1.000000
82.900000 ,-0.390000 ,77.000000 ,1.000000
83.600000 ,-0.200000 ,78.000000 ,1.000000
84.300000 ,-0.200000 ,79.000000 ,1.000000
84.300000 ,-0.490000 ,80.000000 ,1.000000
85.000000 ,-0.200000 ,81.000000 ,1.000000
85.000000 ,-0.310000 ,82.000000 ,1.000000
85.700000 ,-0.220000 ,83.000000 ,1.000000
86.400000 ,-0.270000 ,84.000000 ,1.000000
87.100000 ,-0.220000 ,85.000000 ,1.000000
87.100000 ,-0.640000 ,86.000000 ,1.000000
87.800000 ,-0.320000 ,87.000000 ,1.000000
88.500000 ,-0.220000 ,88.000000 ,1.000000
88.500000 ,-0.550000 ,89.000000 ,1.000000
89.200000 ,-0.220000 ,90.000000 ,1.000000
89.900000 ,-0.220000 ,91.000000 ,1.000000
89.900000 ,-0.520000 ,92.000000 ,1.000000
90.600000 ,-0.220000 ,93.000000 ,1.000000
91.300000 ,-0.220000 ,94.000000 ,1.000000
92.000000 ,-0.250000 ,95.000000 ,1.000000
92.700000 ,-0.220000 ,96.000000 ,1.000000
92.700000 ,-0.320000 ,97.000000 ,1.000000
93.400000 ,-0.250000 ,98.000000 ,1.000000
94.100000 ,-0.220000 ,99.000000 ,1.000000
94.800000 ,-0.220000 ,100.000000 ,1.000000
95.500000 ,-0.220000 ,101.000000 ,1.000000
96.200000 ,-0.220000 ,102.000000 ,1.000000
96.200000 ,-0.550000 ,103.000000 ,1.000000
96.900000 ,-0.220000 ,104.000000 ,1.000000
96.900000 ,-0.460000 ,105.000000 ,1.000000
96.900000 ,187.475000 ,106.000000 ,0.000000
97.600000 ,19.295000 ,107.000000 ,0.000000
97.600000 ,-0.220000 ,108.000000 ,1.000000
98.300000 ,-0.230000 ,109.000000 ,1.000000
98.300000 ,-0.550000 ,110.000000 ,1.000000
98.300000 ,167.435000 ,111.000000 ,0.000000
99.000000 ,-0.230000 ,112.000000 ,1.000000
99.700000 ,-0.230000 ,113.000000 ,1.000000
100.400000 ,-0.230000 ,114.000000 ,1.000000
101.100000 ,-0.230000 ,115.000000 ,1.000000
101.100000 ,-0.580000 ,116.000000 ,1.000000
101.800000 ,-0.230000 ,117.000000 ,1.000000
101.800000 ,-0.520000 ,118.000000 ,1.000000
102.500000 ,-0.230000 ,119.000000 ,1.000000
103.200000 ,-0.230000 ,120.000000 ,1.000000
103.900000 ,-0.230000 ,121.000000 ,1.000000
104.600000 ,-0.230000 ,122.000000 ,1.000000
104.600000 ,-0.410000 ,123.000000 ,1.000000
105.300000 ,-0.230000 ,124.000000 ,1.000000
105.300000 ,-0.590000 ,125.000000 ,1.000000
106.000000 ,-0.230000 ,126.000000 ,1.000000
106.700000 ,-0.230000 ,127.000000 ,1.000000
106.700000 ,-0.680000 ,128.000000 ,1.000000
107.400000 ,-0.230000 ,129.000000 ,1.000000
107.400000 ,-0.580000 ,130.000000 ,1.000000
108.100000 ,-0.230000 ,131.000000 ,1.000000
108.800000 ,-0.240000 ,132.000000 ,1.000000
109.500000 ,-0.230000 ,133.000000 ,1.000000
110.200000 ,-0.230000 ,134.000000 ,1.000000
110.900000 ,-0.230000 ,135.000000 ,1.000000
110.900000 ,-0.490000 ,136.000000 ,1.000000
111.600000 ,-0.265000 ,137.000000 ,0.000000
111.600000 ,-0.230000 ,138.000000 ,1.000000
111.600000 ,-0.650000 ,139.000000 ,1.000000
112.300000 ,-0.230000 ,140.000000 ,1.000000
112.300000 ,-0.370000 ,141.000000 ,1.000000
113.000000 ,-0.230000 ,142.000000 ,1.000000
113.000000 ,-0.460000 ,143.000000 ,1.000000
113.700000 ,-0.230000 ,144.000000 ,1.000000
113.700000 ,-0.410000 ,145.000000 ,1.000000
114.400000 ,44.915000 ,146.000000 ,0.000000
114.400000 ,-0.230000 ,147.000000 ,1.000000
114.400000 ,-0.520000 ,148.000000 ,1.000000
115.100000 ,-0.230000 ,149.000000 ,1.000000
115.100000 ,-0.490000 ,150.000000 ,1.000000
115.800000 ,-0.230000 ,151.000000 ,1.000000
116.500000 ,-0.230000 ,152.000000 ,1.000000
117.200000 ,-0.230000 ,153.000000 ,1.000000
117.200000 ,-0.410000 ,154.000000 ,1.000000
117.900000 ,-0.230000 ,155.000000 ,1.000000
117.900000 ,-0.410000 ,156.000000 ,1.000000
118.600000 ,-0.230000 ,157.000000 ,1.000000
119.300000 ,-0.230000 ,158.000000 ,1.000000
119.300000 ,249.395000 ,159.000000 ,0.000000
120.000000 ,-0.230000 ,160.000000 ,1.000000
120.000000 ,-0.340000 ,161.000000 ,1.000000
120.700000 ,-0.230000 ,162.000000 ,1.000000
121.400000 ,-0.230000 ,163.000000 ,1.000000
121.400000 ,-0.410000 ,164.000000 ,1.000000
122.100000 ,-0.230000 ,165.000000 ,1.000000
122.800000 ,-0.230000 ,166.000000 ,1.000000
122.800000 ,-0.550000 ,167.000000 ,1.000000
123.500000 ,-0.230000 ,168.000000 ,1.000000
124.200000 ,-0.230000 ,169.000000 ,1.000000
124.900000 ,-0.230000 ,170.000000 ,1.000000
124.900000 ,-0.550000 ,171.000000 ,1.000000
125.600000 ,-0.230000 ,172.000000 ,1.000000
126.300000 ,-0.240000 ,173.000000 ,1.000000
126.300000 ,-0.520000 ,174.000000 ,1.000000
127.000000 ,-0.240000 ,175.000000 ,1.000000
127.000000 ,-0.610000 ,176.000000 ,1.000000
127.000000 ,116.315000 ,177.000000 ,0.000000
127.700000 ,-0.240000 ,178.000000 ,1.000000
128.400000 ,-0.240000 ,179.000000 ,1.000000
129.100000 ,-0.240000 ,180.000000 ,1.000000
129.800000 ,-0.240000 ,181.000000 ,1.000000
129.800000 ,-0.470000 ,182.000000 ,1.000000
130.500000 ,-0.240000 ,183.000000 ,1.000000
131.200000 ,-0.240000 ,184.000000 ,1.000000
131.900000 ,-0.240000 ,185.000000 ,1.000000
132.600000 ,-0.240000 ,186.000000 ,1.000000
132.600000 ,-0.650000 ,187.000000 ,1.000000
132.600000 ,246.215000 ,188.000000 ,0.000000
133.300000 ,-0.240000 ,189.000000 ,1.000000
133.300000 ,-0.320000 ,190.000000 ,1.000000
134.000000 ,-0.240000 ,191.000000 ,1.000000
134.000000 ,-0.590000 ,192.000000 ,1.000000
134.700000 ,-0.170000 ,193.000000 ,1.000000
135.400000 ,-0.170000 ,194.000000 ,1.000000
135.400000 ,-0.440000 ,195.000000 ,1.000000
136.100000 ,-0.170000 ,196.000000 ,1.000000
136.100000 ,-0.350000 ,197.000000 ,1.000000
136.800000 ,-0.170000 ,198.000000 ,1.000000
136.800000 ,-0.560000 ,199.000000 ,1.000000
137.500000 ,-0.170000 ,200.000000 ,1.000000
137.500000 ,-0.350000 ,201.000000 ,1.000000
138.200000 ,-0.170000 ,202.000000 ,1.000000
138.200000 ,-0.440000 ,203.000000 ,1.000000
138.900000 ,-0.170000 ,204.000000 ,1.000000
138.900000 ,-0.410000 ,205.000000 ,1.000000
139.600000 ,-0.170000 ,206.000000 ,1.000000
140.300000 ,-0.170000 ,207.000000 ,1.000000
141.000000 ,-0.170000 ,208.000000 ,1.000000
141.700000 ,-40.945000 ,209.000000 ,0.000000
141.700000 ,-0.170000 ,210.000000 ,1.000000
141.700000 ,-0.350000 ,211.000000 ,1.000000
142.400000 ,-0.170000 ,212.000000 ,1.000000
142.400000 ,-0.410000 ,213.000000 ,1.000000
143.100000 ,-0.170000 ,214.000000 ,1.000000
143.100000 ,-0.410000 ,215.000000 ,1.000000
143.800000 ,-0.170000 ,216.000000 ,1.000000
143.800000 ,-0.560000 ,217.000000 ,1.000000
144.500000 ,-0.170000 ,218.000000 ,1.000000
144.500000 ,-0.350000 ,219.000000 ,1.000000
145.200000 ,-0.170000 ,220.000000 ,1.000000
145.900000 ,-0.170000 ,221.000000 ,1.000000
145.900000 ,-0.350000 ,222.000000 ,1.000000
146.600000 ,-0.170000 ,223.000000 ,1.000000
146.600000 ,-0.470000 ,224.000000 ,1.000000
147.300000 ,-0.170000 ,225.000000 ,1.000000
147.300000 ,-0.500000 ,226.000000 ,1.000000
148.000000 ,-0.200000 ,227.000000 ,1.000000
148.000000 ,-0.590000 ,228.000000 ,1.000000
148.700000 ,-0.200000 ,229.000000 ,1.000000
149.400000 ,-0.200000 ,230.000000 ,1.000000
149.400000 ,-0.340000 ,231.000000 ,1.000000
150.100000 ,-0.200000 ,232.000000 ,1.000000
150.800000 ,-0.200000 ,233.000000 ,1.000000
150.800000 ,-0.370000 ,234.000000 ,1.000000
151.500000 ,-0.200000 ,235.000000 ,1.000000
151.500000 ,-0.490000 ,236.000000 ,1.000000
152.200000 ,-0.200000 ,237.000000 ,1.000000
152.200000 ,-0.520000 ,238.000000 ,1.000000
152.200000 ,207.635000 ,239.000000 ,0.000000
152.900000 ,-0.200000 ,240.000000 ,1.000000
152.900000 ,-0.240000 ,241.000000 ,1.000000
153.600000 ,-0.200000 ,242.000000 ,1.000000
153.600000 ,-0.670000 ,243.000000 ,1.000000
154.300000 ,-0.200000 ,244.000000 ,1.000000
154.300000 ,-0.490000 ,245.000000 ,1.000000
155.000000 ,-0.200000 ,246.000000 ,1.000000
155.000000 ,-0.490000 ,247.000000 ,1.000000
155.700000 ,-0.200000 ,248.000000 ,1.000000
156.400000 ,-0.240000 ,249.000000 ,1.000000
156.400000 ,-0.730000 ,250.000000 ,1.000000
157.100000 ,-0.240000 ,251.000000 ,1.000000
157.800000 ,-0.240000 ,252.000000 ,1.000000
158.500000 ,-0.240000 ,253.000000 ,1.000000
158.500000 ,-0.770000 ,254.000000 ,1.000000
159.200000 ,-0.240000 ,255.000000 ,1.000000
159.900000 ,-0.240000 ,256.000000 ,1.000000
160.600000 ,-0.240000 ,257.000000 ,1.000000
160.600000 ,-0.780000 ,258.000000 ,1.000000
161.300000 ,-0.240000 ,259.000000 ,1.000000
162.000000 ,-0.240000 ,260.000000 ,1.000000
162.000000 ,-0.480000 ,261.000000 ,1.000000
162.700000 ,-0.240000 ,262.000000 ,1.000000
162.700000 ,-0.600000 ,263.000000 ,1.000000
162.700000 ,160.955000 ,264.000000 ,0.000000
163.400000 ,-0.240000 ,265.000000 ,1.000000
164.100000 ,-0.230000 ,266.000000 ,1.000000
164.100000 ,-0.510000 ,267.000000 ,1.000000
164.800000 ,-0.230000 ,268.000000 ,1.000000
164.800000 ,-0.300000 ,269.000000 ,1.000000
165.500000 ,-0.210000 ,270.000000 ,1.000000
165.500000 ,-0.330000 ,271.000000 ,1.000000
166.200000 ,-0.300000 ,272.000000 ,1.000000
166.900000 ,-0.210000 ,273.000000 ,1.000000
166.900000 ,-0.570000 ,274.000000 ,1.000000
167.600000 ,-0.210000 ,275.000000 ,1.000000
168.300000 ,-0.210000 ,276.000000 ,1.000000
168.300000 ,-0.770000 ,277.000000 ,1.000000
169.000000 ,-0.210000 ,278.000000 ,1.000000
169.000000 ,-0.490000 ,279.000000 ,1.000000
169.700000 ,-0.210000 ,280.000000 ,1.000000
169.700000 ,-0.700000 ,281.000000 ,1.000000
170.400000 ,-0.210000 ,282.000000 ,1.000000
171.100000 ,-0.210000 ,283.000000 ,1.000000
171.100000 ,-0.400000 ,284.000000 ,1.000000
171.800000 ,-0.210000 ,285.000000 ,1.000000
172.500000 ,-0.210000 ,286.000000 ,1.000000
172.500000 ,-0.560000 ,287.000000 ,1.000000
173.200000 ,-0.210000 ,288.000000 ,1.000000
173.200000 ,-0.600000 ,289.000000 ,1.000000
173.900000 ,-0.210000 ,290.000000 ,1.000000
173.900000 ,-0.420000 ,291.000000 ,1.000000
174.600000 ,-0.210000 ,292.000000 ,1.000000
174.600000 ,-0.330000 ,293.000000 ,1.000000
175.300000 ,-0.210000 ,294.000000 ,1.000000
175.300000 ,-0.600000 ,295.000000 ,1.000000
176.000000 ,-0.210000 ,296.000000 ,1.000000
176.000000 ,-0.510000 ,297.000000 ,1.000000
176.700000 ,-0.210000 ,298.000000 ,1.000000
176.700000 ,-0.480000 ,299.000000 ,1.000000
177.400000 ,-0.210000 ,300.000000 ,1.000000
177.400000 ,-0.330000 ,301.000000 ,1.000000
178.100000 ,-0.210000 ,302.000000 ,1.000000
178.100000 ,-0.690000 ,303.000000 ,1.000000
178.800000 ,-0.210000 ,304.000000 ,1.000000
178.800000 ,-0.390000 ,305.000000 ,1.000000
179.500000 ,-0.210000 ,306.000000 ,1.000000
180.200000 ,-0.210000 ,307.000000 ,1.000000
180.900000 ,-0.210000 ,308.000000 ,1.000000
181.600000 ,-0.210000 ,309.000000 ,1.000000
181.600000 ,-0.480000 ,310.000000 ,1.000000
182.300000 ,-0.210000 ,311.000000 ,1.000000
182.300000 ,-0.660000 ,312.000000 ,1.000000
183.000000 ,-0.230000 ,313.000000 ,1.000000
183.000000 ,-0.450000 ,314.000000 ,1.000000
183.700000 ,-0.230000 ,315.000000 ,1.000000
183.700000 ,-0.480000 ,316.000000 ,1.000000
184.400000 ,-0.230000 ,317.000000 ,1.000000
185.100000 ,-0.230000 ,318.000000 ,1.000000
185.100000 ,-0.420000 ,319.000000 ,1.000000
185.800000 ,-0.230000 ,320.000000 ,1.000000
185.800000 ,-0.540000 ,321.000000 ,1.000000
186.500000 ,-0.230000 ,322.000000 ,1.000000
186.500000 ,-0.480000 ,323.000000 ,1.000000
187.200000 ,-0.230000 ,324.000000 ,1.000000
187.200000 ,-0.490000 ,325.000000 ,1.000000
187.900000 ,-0.230000 ,326.000000 ,1.000000
188.600000 ,-0.230000 ,327.000000 ,1.000000
188.600000 ,-0.700000 ,328.000000 ,1.000000
189.300000 ,-0.230000 ,329.000000 ,1.000000
189.300000 ,-0.390000 ,330.000000 ,1.000000
190.000000 ,-0.230000 ,331.000000 ,1.000000
190.000000 ,-0.510000 ,332.000000 ,1.000000
190.700000 ,-0.230000 ,333.000000 ,1.000000
191.400000 ,-0.230000 ,334.000000 ,1.000000
191.400000 ,-0.560000 ,335.000000 ,1.000000
192.100000 ,-0.230000 ,336.000000 ,1.000000
192.100000 ,-0.560000 ,337.000000 ,1.000000
192.800000 ,-0.230000 ,338.000000 ,1.000000
192.800000 ,-0.500000 ,339.000000 ,1.000000
193.500000 ,-0.230000 ,340.000000 ,1.000000
193.500000 ,-0.400000 ,341.000000 ,1.000000
194.200000 ,-0.230000 ,342.000000 ,1.000000
194.900000 ,-0.230000 ,343.000000 ,1.000000
194.900000 ,-0.460000 ,344.000000 ,1.000000
195.600000 ,-0.230000 ,345.000000 ,1.000000
195.600000 ,-0.430000 ,346.000000 ,1.000000
195.600000 ,140.855000 ,347.000000 ,0.000000
196.300000 ,-0.210000 ,348.000000 ,1.000000
196.300000 ,-0.830000 ,349.000000 ,1.000000
197.000000 ,-0.210000 ,350.000000 ,1.000000
197.000000 ,-0.410000 ,351.000000 ,1.000000
197.700000 ,-0.210000 ,352.000000 ,1.000000
198.400000 ,-0.210000 ,353.000000 ,1.000000
199.100000 ,-0.210000 ,354.000000 ,1.000000
199.100000 ,-0.500000 ,355.000000 ,1.000000
199.800000 ,-0.210000 ,356.000000 ,1.000000
199.800000 ,-0.440000 ,357.000000 ,1.000000
200.500000 ,-0.240000 ,358.000000 ,1.000000
201.200000 ,-0.240000 ,359.000000 ,1.000000
201.900000 ,-0.240000 ,360.000000 ,1.000000
201.900000 ,-0.680000 ,361.000000 ,1.000000
202.600000 ,-0.230000 ,362.000000 ,1.000000
202.600000 ,-0.710000 ,363.000000 ,1.000000
203.300000 ,-0.230000 ,364.000000 ,1.000000
203.300000 ,-0.500000 ,365.000000 ,1.000000
204.000000 ,-0.230000 ,366.000000 ,1.000000
204.000000 ,-0.440000 ,367.000000 ,1.000000
204.700000 ,-0.230000 ,368.000000 ,1.000000
204.700000 ,-0.400000 ,369.000000 ,1.000000
205.400000 ,-0.230000 ,370.000000 ,1.000000
205.400000 ,-0.500000 ,371.000000 ,1.000000
206.100000 ,-0.230000 ,372.000000 ,1.000000
206.100000 ,-0.530000 ,373.000000 ,1.000000
206.800000 ,-0.230000 ,374.000000 ,1.000000
206.800000 ,-0.620000 ,375.000000 ,1.000000
207.500000 ,-0.230000 ,376.000000 ,1.000000
207.500000 ,-0.500000 ,377.000000 ,1.000000
208.200000 ,-0.230000 ,378.000000 ,1.000000
208.200000 ,-0.420000 ,379.000000 ,1.000000
208.900000 ,-0.230000 ,380.000000 ,1.000000
208.900000 ,-0.330000 ,381.000000 ,1.000000
209.600000 ,-0.230000 ,382.000000 ,1.000000
210.300000 ,-0.230000 ,383.000000 ,1.000000
210.300000 ,-0.600000 ,384.000000 ,1.000000
211.000000 ,-0.230000 ,385.000000 ,1.000000
211.000000 ,-0.480000 ,386.000000 ,1.000000
211.700000 ,-0.230000 ,387.000000 ,1.000000
212.400000 ,-0.230000 ,388.000000 ,1.000000
212.400000 ,-0.690000 ,389.000000 ,1.000000
213.100000 ,-0.200000 ,390.000000 ,1.000000
213.100000 ,-0.390000 ,391.000000 ,1.000000
213.800000 ,-0.200000 ,392.000000 ,1.000000
213.800000 ,-0.330000 ,393.000000 ,1.000000
214.500000 ,-0.200000 ,394.000000 ,1.000000
214.500000 ,-0.460000 ,395.000000 ,1.000000
215.200000 ,-0.200000 ,396.000000 ,1.000000
215.200000 ,-0.490000 ,397.000000 ,1.000000
215.900000 ,-0.200000 ,398.000000 ,1.000000
215.900000 ,-0.550000 ,399.000000 ,1.000000
216.600000 ,-0.200000 ,400.000000 ,1.000000
216.600000 ,-0.550000 ,401.000000 ,1.000000
217.300000 ,-0.200000 ,402.000000 ,1.000000
218.000000 ,-0.200000 ,403.000000 ,1.000000
218.000000 ,-0.560000 ,404.000000 ,1.000000
218.700000 ,-0.200000 ,405.000000 ,1.000000
218.700000 ,-0.410000 ,406.000000 ,1.000000
218.700000 ,228.635000 ,407.000000 ,0.000000
219.400000 ,-0.200000 ,408.000000 ,1.000000
219.400000 ,-0.560000 ,409.000000 ,1.000000
220.100000 ,-0.200000 ,410.000000 ,1.000000
220.100000 ,-0.500000 ,411.000000 ,1.000000
220.800000 ,-0.200000 ,412.000000 ,1.000000
220.800000 ,-0.440000 ,413.000000 ,1.000000
221.500000 ,-0.200000 ,414.000000 ,1.000000
221.500000 ,-0.710000 ,415.000000 ,1.000000
222.200000 ,-0.200000 ,416.000000 ,1.000000
222.200000 ,-0.590000 ,417.000000 ,1.000000
222.900000 ,-0.200000 ,418.000000 ,1.000000
222.900000 ,-0.410000 ,419.000000 ,1.000000
223.600000 ,-0.200000 ,420.000000 ,1.000000
223.600000 ,-0.650000 ,421.000000 ,1.000000
224.300000 ,-0.200000 ,422.000000 ,1.000000
224.300000 ,-0.500000 ,423.000000 ,1.000000
225.000000 ,-0.200000 ,424.000000 ,1.000000
225.000000 ,-0.540000 ,425.000000 ,1.000000
225.000000 ,86.735000 ,426.000000 ,0.000000
225.700000 ,-0.240000 ,427.000000 ,1.000000
226.400000 ,-0.220000 ,428.000000 ,1.000000
226.400000 ,-0.540000 ,429.000000 ,1.000000
227.100000 ,-0.220000 ,430.000000 ,1.000000
227.100000 ,-0.630000 ,431.000000 ,1.000000
227.800000 ,-0.220000 ,432.000000 ,1.000000
227.800000 ,-0.480000 ,433.000000 ,1.000000
228.500000 ,-0.220000 ,434.000000 ,1.000000
228.500000 ,-0.390000 ,435.000000 ,1.000000
229.200000 ,43.715000 ,436.000000 ,0.000000
229.200000 ,-0.220000 ,437.000000 ,1.000000
229.200000 ,-0.450000 ,438.000000 ,1.000000
229.900000 ,-0.220000 ,439.000000 ,1.000000
229.900000 ,-0.540000 ,440.000000 ,1.000000
230.600000 ,-0.220000 ,441.000000 ,1.000000
230.600000 ,-0.600000 ,442.000000 ,1.000000
231.300000 ,-0.220000 ,443.000000 ,1.000000
232.000000 ,-0.220000 ,444.000000 ,1.000000
232.000000 ,-0.600000 ,445.000000 ,1.000000
232.700000 ,-0.220000 ,446.000000 ,1.000000
232.700000 ,-0.330000 ,447.000000 ,1.000000
232.700000 ,94.475000 ,448.000000 ,0.000000
233.400000 ,-0.220000 ,449.000000 ,1.000000
234.100000 ,6.815000 ,450.000000 ,0.000000
234.100000 ,-0.220000 ,451.000000 ,1.000000
234.800000 ,-0.220000 ,452.000000 ,1.000000
234.800000 ,-0.540000 ,453.000000 ,1.000000
235.500000 ,-0.220000 ,454.000000 ,1.000000
235.500000 ,-0.570000 ,455.000000 ,1.000000
236.200000 ,-0.220000 ,456.000000 ,1.000000
236.200000 ,-0.540000 ,457.000000 ,1.000000
236.900000 ,-0.220000 ,458.000000 ,1.000000
236.900000 ,-0.730000 ,459.000000 ,1.000000
237.600000 ,-0.220000 ,460.000000 ,1.000000
237.600000 ,-0.850000 ,461.000000 ,1.000000
238.300000 ,-0.220000 ,462.000000 ,1.000000
238.300000 ,-0.480000 ,463.000000 ,1.000000
239.000000 ,-0.220000 ,464.000000 ,1.000000
239.000000 ,-0.330000 ,465.000000 ,1.000000
239.700000 ,-0.220000 ,466.000000 ,1.000000
240.400000 ,-0.220000 ,467.000000 ,1.000000
241.100000 ,-0.220000 ,468.000000 ,1.000000
241.100000 ,-0.570000 ,469.000000 ,1.000000
241.800000 ,-0.220000 ,470.000000 ,1.000000
241.800000 ,-0.540000 ,471.000000 ,1.000000
242.500000 ,-0.220000 ,472.000000 ,1.000000
243.200000 ,-0.220000 ,473.000000 ,1.000000
243.200000 ,-0.610000 ,474.000000 ,1.000000
243.900000 ,-0.220000 ,475.000000 ,1.000000
243.900000 ,-0.640000 ,476.000000 ,1.000000
244.600000 ,-0.220000 ,477.000000 ,1.000000
244.600000 ,-0.480000 ,478.000000 ,1.000000
245.300000 ,-0.220000 ,479.000000 ,1.000000
245.300000 ,-0.380000 ,480.000000 ,1.000000
246.000000 ,-0.220000 ,481.000000 ,1.000000
246.000000 ,-0.570000 ,482.000000 ,1.000000
246.700000 ,-0.220000 ,483.000000 ,1.000000
246.700000 ,-0.600000 ,484.000000 ,1.000000
247.400000 ,-0.220000 ,485.000000 ,1.000000
248.100000 ,-0.280000 ,486.000000 ,1.000000
248.800000 ,-0.220000 ,487.000000 ,1.000000
248.800000 ,-0.560000 ,488.000000 ,1.000000
249.500000 ,-0.280000 ,489.000000 ,1.000000
250.200000 ,-0.220000 ,490.000000 ,1.000000
250.200000 ,-0.340000 ,491.000000 ,1.000000
250.900000 ,-0.220000 ,492.000000 ,1.000000
250.900000 ,-0.760000 ,493.000000 ,1.000000
251.600000 ,-0.220000 ,494.000000 ,1.000000
251.600000 ,-0.530000 ,495.000000 ,1.000000
252.300000 ,-0.240000 ,496.000000 ,1.000000
252.300000 ,-0.440000 ,497.000000 ,1.000000
253.000000 ,-0.240000 ,498.000000 ,1.000000
253.000000 ,-0.500000 ,499.000000 ,1.000000
253.700000 ,-0.240000 ,500.000000 ,1.000000
253.700000 ,-0.500000 ,501.000000 ,1.000000
254.400000 ,-0.240000 ,502.000000 ,1.000000
254.400000 ,-0.590000 ,503.000000 ,1.000000
255.100000 ,-0.240000 ,504.000000 ,1.000000
255.100000 ,-0.890000 ,505.000000 ,1.000000
255.800000 ,-0.240000 ,506.000000 ,1.000000
255.800000 ,-0.620000 ,507.000000 ,1.000000
256.500000 ,-0.240000 ,508.000000 ,1.000000
257.200000 ,-0.240000 ,509.000000 ,1.000000
257.200000 ,-0.410000 ,510.000000 ,1.000000
257.200000 ,118.475000 ,511.000000 ,0.000000
257.900000 ,-0.240000 ,512.000000 ,1.000000
257.900000 ,-0.710000 ,513.000000 ,1.000000
258.600000 ,-0.240000 ,514.000000 ,1.000000
258.600000 ,-0.530000 ,515.000000 ,1.000000
259.300000 ,-0.150000 ,516.000000 ,1.000000
260.000000 ,-0.150000 ,517.000000 ,1.000000
260.000000 ,-0.580000 ,518.000000 ,1.000000
260.000000 ,120.275000 ,519.000000 ,0.000000
260.700000 ,-0.150000 ,520.000000 ,1.000000
260.700000 ,-0.580000 ,521.000000 ,1.000000
261.400000 ,-0.150000 ,522.000000 ,1.000000
262.100000 ,-0.150000 ,523.000000 ,1.000000
262.100000 ,-0.670000 ,524.000000 ,1.000000
262.800000 ,-0.150000 ,525.000000 ,1.000000
262.800000 ,-0.360000 ,526.000000 ,1.000000
263.500000 ,-0.150000 ,527.000000 ,1.000000
263.500000 ,-0.460000 ,528.000000 ,1.000000
264.200000 ,-0.240000 ,529.000000 ,1.000000
264.900000 ,-0.150000 ,530.000000 ,1.000000
264.900000 ,-0.520000 ,531.000000 ,1.000000
265.600000 ,-0.150000 ,532.000000 ,1.000000
265.600000 ,-0.550000 ,533.000000 ,1.000000
266.300000 ,-0.150000 ,534.000000 ,1.000000
267.000000 ,-0.150000 ,535.000000 ,1.000000
267.000000 ,-0.560000 ,536.000000 ,1.000000
267.700000 ,-0.150000 ,537.000000 ,1.000000
267.700000 ,-0.500000 ,538.000000 ,1.000000
268.400000 ,-0.150000 ,539.000000 ,1.000000
268.400000 ,-0.620000 ,540.000000 ,1.000000
269.100000 ,-0.150000 ,541.000000 ,1.000000
269.800000 ,-0.240000 ,542.000000 ,1.000000
269.800000 ,-0.740000 ,543.000000 ,1.000000
270.500000 ,-0.150000 ,544.000000 ,1.000000
270.500000 ,-0.620000 ,545.000000 ,1.000000
271.200000 ,-0.180000 ,546.000000 ,1.000000
271.200000 ,-0.710000 ,547.000000 ,1.000000
271.900000 ,-0.180000 ,548.000000 ,1.000000
271.900000 ,-0.620000 ,549.000000 ,1.000000
272.600000 ,-0.180000 ,550.000000 ,1.000000
272.600000 ,-0.590000 ,551.000000 ,1.000000
273.300000 ,-0.180000 ,552.000000 ,1.000000
273.300000 ,-0.500000 ,553.000000 ,1.000000
274.000000 ,-0.180000 ,554.000000 ,1.000000
274.000000 ,-0.560000 ,555.000000 ,1.000000
274.700000 ,-0.180000 ,556.000000 ,1.000000
274.700000 ,-0.500000 ,557.000000 ,1.000000
275.400000 ,-0.180000 ,558.000000 ,1.000000
275.400000 ,-0.560000 ,559.000000 ,1.000000
276.100000 ,-0.170000 ,560.000000 ,1.000000
276.800000 ,-0.170000 ,561.000000 ,1.000000
277.500000 ,-0.170000 ,562.000000 ,1.000000
277.500000 ,-0.410000 ,563.000000 ,1.000000
278.200000 ,-0.170000 ,564.000000 ,1.000000
278.200000 ,-0.560000 ,565.000000 ,1.000000
278.900000 ,-0.170000 ,566.000000 ,1.000000
278.900000 ,-0.440000 ,567.000000 ,1.000000
279.600000 ,-0.170000 ,568.000000 ,1.000000
279.600000 ,-0.560000 ,569.000000 ,1.000000
280.300000 ,-0.170000 ,570.000000 ,1.000000
280.300000 ,-0.560000 ,571.000000 ,1.000000
281.000000 ,-0.170000 ,572.000000 ,1.000000
281.700000 ,-0.170000 ,573.000000 ,1.000000
282.400000 ,-0.170000 ,574.000000 ,1.000000
282.400000 ,-0.460000 ,575.000000 ,1.000000
283.100000 ,-0.170000 ,576.000000 ,1.000000
283.800000 ,-0.170000 ,577.000000 ,1.000000
283.800000 ,-0.390000 ,578.000000 ,1.000000
284.500000 ,-0.170000 ,579.000000 ,1.000000
284.500000 ,-0.800000 ,580.000000 ,1.000000
285.200000 ,-0.170000 ,581.000000 ,1.000000
285.900000 ,-0.170000 ,582.000000 ,1.000000
286.600000 ,-0.170000 ,583.000000 ,1.000000
286.600000 ,-0.480000 ,584.000000 ,1.000000
287.300000 ,-0.170000 ,585.000000 ,1.000000
287.300000 ,-0.510000 ,586.000000 ,1.000000
288.000000 ,-0.170000 ,587.000000 ,1.000000
288.000000 ,-0.540000 ,588.000000 ,1.000000
288.700000 ,-0.170000 ,589.000000 ,1.000000
288.700000 ,-0.600000 ,590.000000 ,1.000000
289.400000 ,-0.170000 ,591.000000 ,1.000000
289.400000 ,148.415000 ,592.000000 ,0.000000
290.100000 ,-0.170000 ,593.000000 ,1.000000
290.100000 ,-0.360000 ,594.000000 ,1.000000
290.800000 ,-0.170000 ,595.000000 ,1.000000
291.500000 ,-0.170000 ,596.000000 ,1.000000
292.200000 ,-0.260000 ,597.000000 ,1.000000
292.900000 ,-0.260000 ,598.000000 ,1.000000
293.600000 ,-0.260000 ,599.000000 ,1.000000
293.600000 ,81.155000 ,600.000000 ,0.000000
294.300000 ,-0.260000 ,601.000000 ,1.000000
295.000000 ,-0.240000 ,602.000000 ,1.000000
295.700000 ,-0.240000 ,603.000000 ,1.000000
295.700000 ,-0.590000 ,604.000000 ,1.000000
296.400000 ,-0.240000 ,605.000000 ,1.000000
297.100000 ,-0.240000 ,606.000000 ,1.000000
297.100000 ,-0.490000 ,607.000000 ,1.000000
297.800000 ,-0.240000 ,608.000000 ,1.000000
297.800000 ,-0.430000 ,609.000000 ,1.000000
298.500000 ,-0.240000 ,610.000000 ,1.000000
298.500000 ,-0.560000 ,611.000000 ,1.000000
299.200000 ,-0.240000 ,612.000000 ,1.000000
299.200000 ,-0.770000 ,613.000000 ,1.000000
299.900000 ,-0.240000 ,614.000000 ,1.000000
300.600000 ,-0.240000 ,615.000000 ,1.000000
300.600000 ,-0.560000 ,616.000000 ,1.000000
301.300000 ,-0.240000 ,617.000000 ,1.000000
302.000000 ,-0.240000 ,618.000000 ,1.000000
302.700000 ,-0.240000 ,619.000000 ,1.000000
303.400000 ,-0.240000 ,620.000000 ,1.000000
303.400000 ,-0.620000 ,621.000000 ,1.000000
304.100000 ,-0.240000 ,622.000000 ,1.000000
304.100000 ,-0.620000 ,623.000000 ,1.000000
304.800000 ,-0.240000 ,624.000000 ,1.000000
304.800000 ,-0.590000 ,625.000000 ,1.000000
305.500000 ,-0.240000 ,626.000000 ,1.000000
306.200000 ,-0.240000 ,627.000000 ,1.000000
306.200000 ,-0.530000 ,628.000000 ,1.000000
306.900000 ,-0.240000 ,629.000000 ,1.000000
307.600000 ,-0.240000 ,630.000000 ,1.000000
308.300000 ,-0.240000 ,631.000000 ,1.000000
309.000000 ,-0.240000 ,632.000000 ,1.000000
309.000000 ,-0.440000 ,633.000000 ,1.000000
309.700000 ,-0.250000 ,634.000000 ,1.000000
310.400000 ,-0.250000 ,635.000000 ,1.000000
310.400000 ,192.815000 ,636.000000 ,0.000000
311.100000 ,-0.250000 ,637.000000 ,1.000000
311.800000 ,-0.250000 ,638.000000 ,1.000000
312.500000 ,-0.250000 ,639.000000 ,1.000000
312.500000 ,-0.530000 ,640.000000 ,1.000000
313.200000 ,-0.250000 ,641.000000 ,1.000000
313.900000 ,-0.250000 ,642.000000 ,1.000000
313.900000 ,-0.570000 ,643.000000 ,1.000000
313.900000 ,92.255000 ,644.000000 ,0.000000
314.600000 ,-0.270000 ,645.000000 ,1.000000
314.600000 ,-0.360000 ,646.000000 ,1.000000
315.300000 ,-0.270000 ,647.000000 ,1.000000
316.000000 ,-0.270000 ,648.000000 ,1.000000
316.000000 ,-0.660000 ,649.000000 ,1.000000
316.700000 ,-0.270000 ,650.000000 ,1.000000
317.400000 ,-0.270000 ,651.000000 ,1.000000
317.400000 ,-0.480000 ,652.000000 ,1.000000
318.100000 ,-0.270000 ,653.000000 ,1.000000
318.100000 ,-0.750000 ,654.000000 ,1.000000
318.800000 ,-0.270000 ,655.000000 ,1.000000
318.800000 ,-0.480000 ,656.000000 ,1.000000
319.500000 ,-0.270000 ,657.000000 ,1.000000
319.500000 ,-0.510000 ,658.000000 ,1.000000
320.200000 ,-0.200000 ,659.000000 ,1.000000
320.900000 ,-0.200000 ,660.000000 ,1.000000
320.900000 ,-0.420000 ,661.000000 ,1.000000
321.600000 ,-0.200000 ,662.000000 ,1.000000
321.600000 ,-0.660000 ,663.000000 ,1.000000
322.300000 ,-0.200000 ,664.000000 ,1.000000
322.300000 ,-0.390000 ,665.000000 ,1.000000
323.000000 ,-0.200000 ,666.000000 ,1.000000
323.000000 ,-0.420000 ,667.000000 ,1.000000
323.700000 ,-0.200000 ,668.000000 ,1.000000
324.400000 ,-0.200000 ,669.000000 ,1.000000
324.400000 ,-0.500000 ,670.000000 ,1.000000
325.100000 ,37.715000 ,671.000000 ,0.000000
325.100000 ,-0.200000 ,672.000000 ,1.000000
325.100000 ,-0.470000 ,673.000000 ,1.000000
325.800000 ,-0.200000 ,674.000000 ,1.000000
325.800000 ,-0.500000 ,675.000000 ,1.000000
326.500000 ,-0.200000 ,676.000000 ,1.000000
326.500000 ,-0.640000 ,677.000000 ,1.000000
327.200000 ,-0.170000 ,678.000000 ,1.000000
327.200000 ,-0.490000 ,679.000000 ,1.000000
327.200000 ,128.135000 ,680.000000 ,0.000000
327.900000 ,-0.170000 ,681.000000 ,1.000000
327.900000 ,-0.460000 ,682.000000 ,1.000000
328.600000 ,-0.170000 ,683.000000 ,1.000000
328.600000 ,-0.490000 ,684.000000 ,1.000000
329.300000 ,-0.170000 ,685.000000 ,1.000000
329.300000 ,-0.500000 ,686.000000 ,1.000000
330.000000 ,-0.170000 ,687.000000 ,1.000000
330.000000 ,-0.500000 ,688.000000 ,1.000000
330.700000 ,-0.200000 ,689.000000 ,1.000000
330.700000 ,-0.650000 ,690.000000 ,1.000000
331.400000 ,-0.200000 ,691.000000 ,1.000000
331.400000 ,-0.530000 ,692.000000 ,1.000000
332.100000 ,-0.200000 ,693.000000 ,1.000000
332.100000 ,-0.420000 ,694.000000 ,1.000000
332.800000 ,-0.200000 ,695.000000 ,1.000000
332.800000 ,-0.330000 ,696.000000 ,1.000000
333.500000 ,-0.200000 ,697.000000 ,1.000000
333.500000 ,-0.390000 ,698.000000 ,1.000000
334.200000 ,-0.200000 ,699.000000 ,1.000000
334.900000 ,-0.200000 ,700.000000 ,1.000000
335.600000 ,-0.200000 ,701.000000 ,1.000000
335.600000 ,-0.420000 ,702.000000 ,1.000000
336.300000 ,-0.200000 ,703.000000 ,1.000000
336.300000 ,-0.480000 ,704.000000 ,1.000000
337.000000 ,-0.200000 ,705.000000 ,1.000000
337.000000 ,-0.480000 ,706.000000 ,1.000000
337.700000 ,-0.240000 ,707.000000 ,1.000000
337.700000 ,-0.540000 ,708.000000 ,1.000000
338.400000 ,-0.240000 ,709.000000 ,1.000000
339.100000 ,-0.240000 ,710.000000 ,1.000000
339.100000 ,-0.420000 ,711.000000 ,1.000000
339.800000 ,-0.240000 ,712.000000 ,1.000000
339.800000 ,-0.670000 ,713.000000 ,1.000000
340.500000 ,-0.240000 ,714.000000 ,1.000000
340.500000 ,-0.580000 ,715.000000 ,1.000000
341.200000 ,-0.240000 ,716.000000 ,1.000000
341.900000 ,-0.240000 ,717.000000 ,1.000000
341.900000 ,-0.410000 ,718.000000 ,1.000000
342.600000 ,-0.190000 ,719.000000 ,1.000000
342.600000 ,-0.680000 ,720.000000 ,1.000000
343.300000 ,-0.190000 ,721.000000 ,1.000000
343.300000 ,-0.500000 ,722.000000 ,1.000000
344.000000 ,-0.190000 ,723.000000 ,1.000000
344.000000 ,-0.560000 ,724.000000 ,1.000000
344.700000 ,-0.190000 ,725.000000 ,1.000000
344.700000 ,-0.530000 ,726.000000 ,1.000000
345.400000 ,-0.190000 ,727.000000 ,1.000000
345.400000 ,-0.650000 ,728.000000 ,1.000000
346.100000 ,-0.190000 ,729.000000 ,1.000000
346.100000 ,-0.560000 ,730.000000 ,1.000000
346.800000 ,-0.190000 ,731.000000 ,1.000000
346.800000 ,-0.400000 ,732.000000 ,1.000000
347.500000 ,-0.170000 ,733.000000 ,1.000000
347.500000 ,-0.430000 ,734.000000 ,1.000000
348.200000 ,-0.170000 ,735.000000 ,1.000000
348.200000 ,-0.430000 ,736.000000 ,1.000000
348.900000 ,-0.170000 ,737.000000 ,1.000000
349.600000 ,-0.170000 ,738.000000 ,1.000000
349.600000 ,-0.490000 ,739.000000 ,1.000000
350.300000 ,-0.170000 ,740.000000 ,1.000000
350.300000 ,-0.280000 ,741.000000 ,1.000000
351.000000 ,-0.170000 ,742.000000 ,1.000000
351.000000 ,-0.400000 ,743.000000 ,1.000000
351.000000 ,-0.850000 ,744.000000 ,1.000000
351.700000 ,-0.170000 ,745.000000 ,1.000000
351.700000 ,-0.530000 ,746.000000 ,1.000000
352.400000 ,-0.170000 ,747.000000 ,1.000000
352.400000 ,-0.430000 ,748.000000 ,1.000000
353.100000 ,-0.170000 ,749.000000 ,1.000000
353.100000 ,-0.470000 ,750.000000 ,1.000000
353.800000 ,-0.170000 ,751.000000 ,1.000000
353.800000 ,-0.590000 ,752.000000 ,1.000000
354.500000 ,-0.170000 ,753.000000 ,1.000000
354.500000 ,-0.620000 ,754.000000 ,1.000000
355.200000 ,-0.170000 ,755.000000 ,1.000000
355.200000 ,-0.500000 ,756.000000 ,1.000000
355.900000 ,-0.170000 ,757.000000 ,1.000000
355.900000 ,-0.590000 ,758.000000 ,1.000000
356.600000 ,-23.425000 ,759.000000 ,0.000000
356.600000 ,-0.170000 ,760.000000 ,1.000000
356.600000 ,-0.430000 ,761.000000 ,1.000000
356.600000 ,-0.950000 ,762.000000 ,1.000000
357.300000 ,-0.170000 ,763.000000 ,1.000000
357.300000 ,-0.620000 ,764.000000 ,1.000000
357.300000 ,233.915000 ,765.000000 ,0.000000
358.000000 ,-0.170000 ,766.000000 ,1.000000
358.000000 ,-0.500000 ,767.000000 ,1.000000
358.700000 ,-0.170000 ,768.000000 ,1.000000
358.700000 ,-0.330000 ,769.000000 ,1.000000
359.400000 ,-0.170000 ,770.000000 ,1.000000
359.400000 ,-0.460000 ,771.000000 ,1.000000
360.100000 ,-0.170000 ,772.000000 ,1.000000
360.100000 ,-0.270000 ,773.000000 ,1.000000
360.100000 ,-0.840000 ,774.000000 ,1.000000
360.800000 ,-0.170000 ,775.000000 ,1.000000
360.800000 ,-0.520000 ,776.000000 ,1.000000
361.500000 ,-0.170000 ,777.000000 ,1.000000
361.500000 ,-0.490000 ,778.000000 ,1.000000
362.200000 ,-0.170000 ,779.000000 ,1.000000
362.200000 ,-0.550000 ,780.000000 ,1.000000
362.900000 ,-0.170000 ,781.000000 ,1.000000
362.900000 ,-0.400000 ,782.000000 ,1.000000
363.600000 ,-0.170000 ,783.000000 ,1.000000
363.600000 ,-0.580000 ,784.000000 ,1.000000
364.300000 ,-0.190000 ,785.000000 ,1.000000
365.000000 ,-0.190000 ,786.000000 ,1.000000
365.000000 ,-0.580000 ,787.000000 ,1.000000
365.700000 ,-0.190000 ,788.000000 ,1.000000
365.700000 ,-0.550000 ,789.000000 ,1.000000
366.400000 ,-0.190000 ,790.000000 ,1.000000
366.400000 ,-0.490000 ,791.000000 ,1.000000
367.100000 ,-0.190000 ,792.000000 ,1.000000
367.800000 ,-0.190000 ,793.000000 ,1.000000
368.500000 ,-0.190000 ,794.000000 ,1.000000
368.500000 ,-0.640000 ,795.000000 ,1.000000
369.200000 ,-0.190000 ,796.000000 ,1.000000
369.200000 ,-0.640000 ,797.000000 ,1.000000
369.900000 ,-0.190000 ,798.000000 ,1.000000
369.900000 ,-0.540000 ,799.000000 ,1.000000
370.600000 ,-0.190000 ,800.000000 ,1.000000
370.600000 ,-0.660000 ,801.000000 ,1.000000
371.300000 ,-0.190000 ,802.000000 ,1.000000
371.300000 ,-0.570000 ,803.000000 ,1.000000
372.000000 ,-0.190000 ,804.000000 ,1.000000
372.000000 ,-0.650000 ,805.000000 ,1.000000
372.700000 ,-0.190000 ,806.000000 ,1.000000
372.700000 ,-0.440000 ,807.000000 ,1.000000
373.400000 ,-0.190000 ,808.000000 ,1.000000
373.400000 ,-0.680000 ,809.000000 ,1.000000
374.100000 ,-0.190000 ,810.000000 ,1.000000
374.100000 ,-0.410000 ,811.000000 ,1.000000
374.800000 ,-0.190000 ,812.000000 ,1.000000
374.800000 ,-0.590000 ,813.000000 ,1.000000
375.500000 ,-0.190000 ,814.000000 ,1.000000
375.500000 ,-0.560000 ,815.000000 ,1.000000
376.200000 ,-0.190000 ,816.000000 ,1.000000
376.200000 ,-0.250000 ,817.000000 ,1.000000
376.900000 ,-0.190000 ,818.000000 ,1.000000
376.900000 ,-0.410000 ,819.000000 ,1.000000
377.600000 ,-0.190000 ,820.000000 ,1.000000
378.300000 ,-0.190000 ,821.000000 ,1.000000
378.300000 ,-0.410000 ,822.000000 ,1.000000
379.000000 ,-0.200000 ,823.000000 ,1.000000
379.000000 ,-0.850000 ,824.000000 ,1.000000
379.700000 ,-0.200000 ,825.000000 ,1.000000
379.700000 ,-0.610000 ,826.000000 ,1.000000
380.400000 ,-0.200000 ,827.000000 ,1.000000
380.400000 ,-0.360000 ,828.000000 ,1.000000
381.100000 ,-0.200000 ,829.000000 ,1.000000
381.100000 ,-0.300000 ,830.000000 ,1.000000
381.800000 ,-0.200000 ,831.000000 ,1.000000
381.800000 ,-0.640000 ,832.000000 ,1.000000
382.500000 ,-0.200000 ,833.000000 ,1.000000
382.500000 ,-0.460000 ,834.000000 ,1.000000
383.200000 ,-0.020000 ,835.000000 ,1.000000
383.200000 ,-0.240000 ,836.000000 ,1.000000
383.900000 ,-0.200000 ,837.000000 ,1.000000
383.900000 ,-0.560000 ,838.000000 ,1.000000
383.900000 ,255.695000 ,839.000000 ,0.000000
384.600000 ,-0.020000 ,840.000000 ,1.000000
384.600000 ,-0.480000 ,841.000000 ,1.000000
385.300000 ,-0.020000 ,842.000000 ,1.000000
385.300000 ,-0.360000 ,843.000000 ,1.000000
385.300000 ,-0.870000 ,844.000000 ,1.000000
386.000000 ,-0.020000 ,845.000000 ,1.000000
386.000000 ,-0.420000 ,846.000000 ,1.000000
386.700000 ,-0.200000 ,847.000000 ,1.000000
386.700000 ,-0.630000 ,848.000000 ,1.000000
387.400000 ,-0.020000 ,849.000000 ,1.000000
387.400000 ,-0.420000 ,850.000000 ,1.000000
388.100000 ,-0.020000 ,851.000000 ,1.000000
388.100000 ,-0.510000 ,852.000000 ,1.000000
388.800000 ,-0.200000 ,853.000000 ,1.000000
388.800000 ,-0.580000 ,854.000000 ,1.000000
389.500000 ,-0.020000 ,855.000000 ,1.000000
389.500000 ,-0.460000 ,856.000000 ,1.000000
390.200000 ,-0.200000 ,857.000000 ,1.000000
390.200000 ,-0.640000 ,858.000000 ,1.000000
390.900000 ,-0.020000 ,859.000000 ,1.000000
390.900000 ,-0.490000 ,860.000000 ,1.000000
390.900000 ,172.775000 ,861.000000 ,0.000000
391.600000 ,-0.020000 ,862.000000 ,1.000000
391.600000 ,-0.550000 ,863.000000 ,1.000000
392.300000 ,-0.240000 ,864.000000 ,1.000000
392.300000 ,-0.670000 ,865.000000 ,1.000000
393.000000 ,-0.020000 ,866.000000 ,1.000000
393.000000 ,-0.400000 ,867.000000 ,1.000000
393.700000 ,-0.220000 ,868.000000 ,1.000000
394.400000 ,-0.220000 ,869.000000 ,1.000000
394.400000 ,-0.580000 ,870.000000 ,1.000000
395.100000 ,-0.010000 ,871.000000 ,1.000000
395.100000 ,-0.510000 ,872.000000 ,1.000000
395.800000 ,-0.010000 ,873.000000 ,1.000000
395.800000 ,-0.490000 ,874.000000 ,1.000000
395.800000 ,209.495000 ,875.000000 ,0.000000
396.500000 ,-0.010000 ,876.000000 ,1.000000
396.500000 ,-0.280000 ,877.000000 ,1.000000
397.200000 ,-0.010000 ,878.000000 ,1.000000
397.200000 ,-0.370000 ,879.000000 ,1.000000
397.900000 ,-0.220000 ,880.000000 ,1.000000
397.900000 ,-0.590000 ,881.000000 ,1.000000
398.600000 ,-0.220000 ,882.000000 ,1.000000
398.600000 ,-0.550000 ,883.000000 ,1.000000
399.300000 ,-0.220000 ,884.000000 ,1.000000
400.000000 ,-0.220000 ,885.000000 ,1.000000
400.000000 ,-0.510000 ,886.000000 ,1.000000
400.700000 ,-0.220000 ,887.000000 ,1.000000
401.400000 ,-0.220000 ,888.000000 ,1.000000
402.100000 ,-0.220000 ,889.000000 ,1.000000
402.100000 ,-0.540000 ,890.000000 ,1.000000
402.800000 ,-0.220000 ,891.000000 ,1.000000
403.500000 ,-0.220000 ,892.000000 ,1.000000
403.500000 ,-0.540000 ,893.000000 ,1.000000
404.200000 ,-0.220000 ,894.000000 ,1.000000
404.900000 ,-0.090000 ,895.000000 ,1.000000
404.900000 ,-0.550000 ,896.000000 ,1.000000
405.600000 ,-0.090000 ,897.000000 ,1.000000
405.600000 ,-0.240000 ,898.000000 ,1.000000
406.300000 ,-0.090000 ,899.000000 ,1.000000
406.300000 ,-0.640000 ,900.000000 ,1.000000
407.000000 ,-0.090000 ,901.000000 ,1.000000
407.000000 ,-0.490000 ,902.000000 ,1.000000
407.700000 ,-0.090000 ,903.000000 ,1.000000
407.700000 ,-0.550000 ,904.000000 ,1.000000
408.400000 ,35.150000 ,905.000000 ,1.000000
408.400000 ,23.495000 ,906.000000 ,0.000000
408.400000 ,-0.090000 ,907.000000 ,1.000000
408.400000 ,-0.400000 ,908.000000 ,1.000000
409.100000 ,-0.090000 ,909.000000 ,1.000000
409.100000 ,-0.430000 ,910.000000 ,1.000000
409.800000 ,-0.090000 ,911.000000 ,1.000000
409.800000 ,-0.550000 ,912.000000 ,1.000000
410.500000 ,-0.090000 ,913.000000 ,1.000000
410.500000 ,-0.240000 ,914.000000 ,1.000000
411.200000 ,35.300000 ,915.000000 ,1.000000
411.200000 ,-0.090000 ,916.000000 ,1.000000
411.200000 ,-0.550000 ,917.000000 ,1.000000
411.900000 ,-0.090000 ,918.000000 ,1.000000
411.900000 ,-0.240000 ,919.000000 ,1.000000
411.900000 ,-0.700000 ,920.000000 ,1.000000
412.600000 ,-0.140000 ,921.000000 ,1.000000
412.600000 ,-0.640000 ,922.000000 ,1.000000
413.300000 ,-0.140000 ,923.000000 ,1.000000
413.300000 ,-0.670000 ,924.000000 ,1.000000
414.000000 ,-0.140000 ,925.000000 ,1.000000
414.000000 ,-0.670000 ,926.000000 ,1.000000
414.700000 ,-0.090000 ,927.000000 ,1.000000
414.700000 ,-0.490000 ,928.000000 ,1.000000
415.400000 ,-0.090000 ,929.000000 ,1.000000
415.400000 ,-0.550000 ,930.000000 ,1.000000
416.100000 ,-0.090000 ,931.000000 ,1.000000
416.100000 ,-0.340000 ,932.000000 ,1.000000
416.800000 ,35.300000 ,933.000000 ,1.000000
416.800000 ,-0.140000 ,934.000000 ,1.000000
417.500000 ,-0.090000 ,935.000000 ,1.000000
417.500000 ,-0.580000 ,936.000000 ,1.000000
418.200000 ,-0.140000 ,937.000000 ,1.000000
418.200000 ,-0.670000 ,938.000000 ,1.000000
418.900000 ,-0.090000 ,939.000000 ,1.000000
418.900000 ,-0.490000 ,940.000000 ,1.000000
419.600000 ,35.300000 ,941.000000 ,1.000000
419.600000 ,67.535000 ,942.000000 ,0.000000
419.600000 ,-0.200000 ,943.000000 ,1.000000
419.600000 ,-0.330000 ,944.000000 ,1.000000
420.300000 ,-0.200000 ,945.000000 ,1.000000
420.300000 ,-0.410000 ,946.000000 ,1.000000
421.000000 ,-0.200000 ,947.000000 ,1.000000
421.000000 ,-0.650000 ,948.000000 ,1.000000
421.700000 ,-0.200000 ,949.000000 ,1.000000
421.700000 ,-0.500000 ,950.000000 ,1.000000
422.400000 ,-0.200000 ,951.000000 ,1.000000
422.400000 ,-0.580000 ,952.000000 ,1.000000
423.100000 ,40.295000 ,953.000000 ,0.000000
423.100000 ,-0.200000 ,954.000000 ,1.000000
423.100000 ,-0.580000 ,955.000000 ,1.000000
423.100000 ,186.935000 ,956.000000 ,0.000000
423.800000 ,-0.200000 ,957.000000 ,1.000000
423.800000 ,-0.400000 ,958.000000 ,1.000000
424.500000 ,-0.200000 ,959.000000 ,1.000000
424.500000 ,-0.430000 ,960.000000 ,1.000000
425.200000 ,-0.200000 ,961.000000 ,1.000000
425.200000 ,-0.580000 ,962.000000 ,1.000000
425.900000 ,-0.200000 ,963.000000 ,1.000000
425.900000 ,-0.400000 ,964.000000 ,1.000000
426.600000 ,-0.200000 ,965.000000 ,1.000000
426.600000 ,-0.650000 ,966.000000 ,1.000000
427.300000 ,-0.200000 ,967.000000 ,1.000000
427.300000 ,-0.410000 ,968.000000 ,1.000000
428.000000 ,-0.200000 ,969.000000 ,1.000000
428.000000 ,-0.500000 ,970.000000 ,1.000000
428.700000 ,-0.200000 ,971.000000 ,1.000000
428.700000 ,-0.500000 ,972.000000 ,1.000000
429.400000 ,-0.200000 ,973.000000 ,1.000000
429.400000 ,-0.490000 ,974.000000 ,1.000000
430.100000 ,-0.200000 ,975.000000 ,1.000000
430.100000 ,-0.460000 ,976.000000 ,1.000000
430.800000 ,-0.200000 ,977.000000 ,1.000000
430.800000 ,-0.330000 ,978.000000 ,1.000000
431.500000 ,-0.200000 ,979.000000 ,1.000000
431.500000 ,-0.490000 ,980.000000 ,1.000000
431.500000 ,139.235000 ,981.000000 ,0.000000
432.200000 ,-0.200000 ,982.000000 ,1.000000
432.200000 ,-0.460000 ,983.000000 ,1.000000
432.900000 ,-0.200000 ,984.000000 ,1.000000
432.900000 ,-0.550000 ,985.000000 ,1.000000
433.600000 ,-0.200000 ,986.000000 ,1.000000
433.600000 ,-0.520000 ,987.000000 ,1.000000
434.300000 ,-0.200000 ,988.000000 ,1.000000
434.300000 ,-0.460000 ,989.000000 ,1.000000
434.300000 ,253.175000 ,990.000000 ,0.000000
435.000000 ,-0.200000 ,991.000000 ,1.000000
435.000000 ,-0.550000 ,992.000000 ,1.000000
435.700000 ,-0.160000 ,993.000000 ,1.000000
435.700000 ,-0.500000 ,994.000000 ,1.000000
436.400000 ,-0.160000 ,995.000000 ,1.000000
436.400000 ,-0.560000 ,996.000000 ,1.000000
437.100000 ,-0.160000 ,997.000000 ,1.000000
437.100000 ,-0.440000 ,998.000000 ,1.000000
437.800000 ,-0.250000 ,999.000000 ,1.000000
437.800000 ,-0.710000 ,1000.000000 ,1.000000
438.500000 ,-0.160000 ,1001.000000 ,1.000000
438.500000 ,-0.560000 ,1002.000000 ,1.000000
439.200000 ,-0.160000 ,1003.000000 ,1.000000
439.200000 ,-0.560000 ,1004.000000 ,1.000000
439.900000 ,-0.160000 ,1005.000000 ,1.000000
439.900000 ,-0.440000 ,1006.000000 ,1.000000
440.600000 ,-0.160000 ,1007.000000 ,1.000000
440.600000 ,-0.590000 ,1008.000000 ,1.000000
440.600000 ,116.495000 ,1009.000000 ,0.000000
440.600000 ,216.275000 ,1010.000000 ,0.000000
441.300000 ,-0.160000 ,1011.000000 ,1.000000
441.300000 ,-0.280000 ,1012.000000 ,1.000000
441.300000 ,-0.860000 ,1013.000000 ,1.000000
441.300000 ,113.555000 ,1014.000000 ,0.000000
442.000000 ,-0.160000 ,1015.000000 ,1.000000
442.000000 ,-0.500000 ,1016.000000 ,1.000000
442.700000 ,-0.160000 ,1017.000000 ,1.000000
442.700000 ,-0.560000 ,1018.000000 ,1.000000
443.400000 ,-0.160000 ,1019.000000 ,1.000000
443.400000 ,-0.500000 ,1020.000000 ,1.000000
444.100000 ,-0.160000 ,1021.000000 ,1.000000
444.100000 ,-0.560000 ,1022.000000 ,1.000000
444.800000 ,-0.160000 ,1023.000000 ,1.000000
444.800000 ,-0.440000 ,1024.000000 ,1.000000
445.500000 ,-0.160000 ,1025.000000 ,1.000000
445.500000 ,-0.440000 ,1026.000000 ,1.000000
446.200000 ,-0.160000 ,1027.000000 ,1.000000
446.200000 ,-0.410000 ,1028.000000 ,1.000000
446.200000 ,85.475000 ,1029.000000 ,0.000000
446.900000 ,-0.160000 ,1030.000000 ,1.000000
446.900000 ,-0.560000 ,1031.000000 ,1.000000
447.600000 ,-0.160000 ,1032.000000 ,1.000000
447.600000 ,-0.440000 ,1033.000000 ,1.000000
448.300000 ,-0.220000 ,1034.000000 ,1.000000
448.300000 ,-0.930000 ,1035.000000 ,1.000000
449.000000 ,-0.160000 ,1036.000000 ,1.000000
449.000000 ,-0.250000 ,1037.000000 ,1.000000
449.000000 ,-0.750000 ,1038.000000 ,1.000000
449.700000 ,-0.160000 ,1039.000000 ,1.000000
449.700000 ,-0.540000 ,1040.000000 ,1.000000
450.400000 ,-0.160000 ,1041.000000 ,1.000000
450.400000 ,-0.600000 ,1042.000000 ,1.000000
451.100000 ,-0.160000 ,1043.000000 ,1.000000
451.800000 ,-0.160000 ,1044.000000 ,1.000000
451.800000 ,-0.480000 ,1045.000000 ,1.000000
452.500000 ,-0.160000 ,1046.000000 ,1.000000
452.500000 ,-0.480000 ,1047.000000 ,1.000000
452.500000 ,203.495000 ,1048.000000 ,0.000000
453.200000 ,-0.160000 ,1049.000000 ,1.000000
453.200000 ,-0.410000 ,1050.000000 ,1.000000
453.900000 ,-0.160000 ,1051.000000 ,1.000000
453.900000 ,-0.720000 ,1052.000000 ,1.000000
454.600000 ,-0.160000 ,1053.000000 ,1.000000
454.600000 ,-0.570000 ,1054.000000 ,1.000000
455.300000 ,-0.160000 ,1055.000000 ,1.000000
455.300000 ,-0.540000 ,1056.000000 ,1.000000
456.000000 ,-0.160000 ,1057.000000 ,1.000000
456.000000 ,-0.500000 ,1058.000000 ,1.000000
456.700000 ,-0.160000 ,1059.000000 ,1.000000
456.700000 ,-0.630000 ,1060.000000 ,1.000000
457.400000 ,-0.160000 ,1061.000000 ,1.000000
457.400000 ,-0.380000 ,1062.000000 ,1.000000
458.100000 ,-0.160000 ,1063.000000 ,1.000000
458.100000 ,-0.570000 ,1064.000000 ,1.000000
458.800000 ,-0.160000 ,1065.000000 ,1.000000
458.800000 ,-0.590000 ,1066.000000 ,1.000000
459.500000 ,-0.160000 ,1067.000000 ,1.000000
459.500000 ,-0.410000 ,1068.000000 ,1.000000
460.200000 ,-0.160000 ,1069.000000 ,1.000000
460.200000 ,-0.600000 ,1070.000000 ,1.000000
460.900000 ,-0.160000 ,1071.000000 ,1.000000
460.900000 ,-0.420000 ,1072.000000 ,1.000000
461.600000 ,-0.190000 ,1073.000000 ,1.000000
461.600000 ,-0.420000 ,1074.000000 ,1.000000
462.300000 ,-0.190000 ,1075.000000 ,1.000000
462.300000 ,-0.570000 ,1076.000000 ,1.000000
463.000000 ,-0.190000 ,1077.000000 ,1.000000
463.000000 ,-0.490000 ,1078.000000 ,1.000000
463.700000 ,-0.190000 ,1079.000000 ,1.000000
463.700000 ,-0.640000 ,1080.000000 ,1.000000
464.400000 ,-0.190000 ,1081.000000 ,1.000000
464.400000 ,-0.400000 ,1082.000000 ,1.000000
465.100000 ,-0.190000 ,1083.000000 ,1.000000
465.800000 ,-0.190000 ,1084.000000 ,1.000000
465.800000 ,-0.550000 ,1085.000000 ,1.000000
466.500000 ,-0.190000 ,1086.000000 ,1.000000
466.500000 ,-0.660000 ,1087.000000 ,1.000000
467.200000 ,-0.190000 ,1088.000000 ,1.000000
467.200000 ,-0.600000 ,1089.000000 ,1.000000
467.900000 ,-0.190000 ,1090.000000 ,1.000000
467.900000 ,-0.330000 ,1091.000000 ,1.000000
468.600000 ,-0.200000 ,1092.000000 ,1.000000
468.600000 ,-0.510000 ,1093.000000 ,1.000000
469.300000 ,-0.200000 ,1094.000000 ,1.000000
469.300000 ,-0.750000 ,1095.000000 ,1.000000
470.000000 ,-0.200000 ,1096.000000 ,1.000000
470.000000 ,-0.240000 ,1097.000000 ,1.000000
470.700000 ,-0.200000 ,1098.000000 ,1.000000
470.700000 ,-0.440000 ,1099.000000 ,1.000000
471.400000 ,-0.200000 ,1100.000000 ,1.000000
471.400000 ,-0.410000 ,1101.000000 ,1.000000
472.100000 ,-0.200000 ,1102.000000 ,1.000000
472.100000 ,-0.440000 ,1103.000000 ,1.000000
472.800000 ,-0.200000 ,1104.000000 ,1.000000
472.800000 ,-0.440000 ,1105.000000 ,1.000000
473.500000 ,-0.200000 ,1106.000000 ,1.000000
473.500000 ,-0.500000 ,1107.000000 ,1.000000
474.200000 ,-0.200000 ,1108.000000 ,1.000000
474.200000 ,-0.650000 ,1109.000000 ,1.000000
474.900000 ,-0.200000 ,1110.000000 ,1.000000
474.900000 ,-0.410000 ,1111.000000 ,1.000000
475.600000 ,-0.200000 ,1112.000000 ,1.000000
475.600000 ,-0.440000 ,1113.000000 ,1.000000
476.300000 ,-0.200000 ,1114.000000 ,1.000000
476.300000 ,-0.590000 ,1115.000000 ,1.000000
477.000000 ,-0.170000 ,1116.000000 ,1.000000
477.000000 ,-0.410000 ,1117.000000 ,1.000000
477.700000 ,-0.170000 ,1118.000000 ,1.000000
477.700000 ,83.015000 ,1119.000000 ,0.000000
478.400000 ,-0.170000 ,1120.000000 ,1.000000
478.400000 ,-0.500000 ,1121.000000 ,1.000000
478.400000 ,192.755000 ,1122.000000 ,0.000000
479.100000 ,-0.170000 ,1123.000000 ,1.000000
479.100000 ,-0.510000 ,1124.000000 ,1.000000
479.800000 ,-0.170000 ,1125.000000 ,1.000000
479.800000 ,-0.660000 ,1126.000000 ,1.000000
480.500000 ,-0.170000 ,1127.000000 ,1.000000
480.500000 ,-0.700000 ,1128.000000 ,1.000000
481.200000 ,-0.170000 ,1129.000000 ,1.000000
481.200000 ,-0.390000 ,1130.000000 ,1.000000
481.900000 ,-0.230000 ,1131.000000 ,1.000000
481.900000 ,-0.700000 ,1132.000000 ,1.000000
482.600000 ,-0.150000 ,1133.000000 ,1.000000
482.600000 ,-0.510000 ,1134.000000 ,1.000000
483.300000 ,-0.150000 ,1135.000000 ,1.000000
483.300000 ,-0.510000 ,1136.000000 ,1.000000
484.000000 ,-0.150000 ,1137.000000 ,1.000000
484.000000 ,-0.540000 ,1138.000000 ,1.000000
484.700000 ,-0.150000 ,1139.000000 ,1.000000
484.700000 ,-0.420000 ,1140.000000 ,1.000000
485.400000 ,-0.150000 ,1141.000000 ,1.000000
485.400000 ,-0.420000 ,1142.000000 ,1.000000
486.100000 ,-0.180000 ,1143.000000 ,1.000000
486.800000 ,-0.150000 ,1144.000000 ,1.000000
486.800000 ,-0.600000 ,1145.000000 ,1.000000
486.800000 ,233.675000 ,1146.000000 ,0.000000
487.500000 ,-0.150000 ,1147.000000 ,1.000000
488.200000 ,-0.150000 ,1148.000000 ,1.000000
488.200000 ,-0.450000 ,1149.000000 ,1.000000
488.900000 ,-0.150000 ,1150.000000 ,1.000000
488.900000 ,-0.630000 ,1151.000000 ,1.000000
489.600000 ,-0.150000 ,1152.000000 ,1.000000
490.300000 ,-0.260000 ,1153.000000 ,1.000000
491.000000 ,-0.150000 ,1154.000000 ,1.000000
491.000000 ,-0.660000 ,1155.000000 ,1.000000
491.700000 ,70.475000 ,1156.000000 ,0.000000
491.700000 ,-0.150000 ,1157.000000 ,1.000000
492.400000 ,-0.150000 ,1158.000000 ,1.000000
492.400000 ,-0.690000 ,1159.000000 ,1.000000
493.100000 ,-0.150000 ,1160.000000 ,1.000000
493.100000 ,-0.630000 ,1161.000000 ,1.000000
493.800000 ,-0.150000 ,1162.000000 ,1.000000
493.800000 ,-0.480000 ,1163.000000 ,1.000000
494.500000 ,-0.150000 ,1164.000000 ,1.000000
494.500000 ,-0.700000 ,1165.000000 ,1.000000
495.200000 ,-0.150000 ,1166.000000 ,1.000000
495.200000 ,-0.630000 ,1167.000000 ,1.000000
495.900000 ,-0.260000 ,1168.000000 ,1.000000
495.900000 ,-0.410000 ,1169.000000 ,1.000000
496.600000 ,-0.260000 ,1170.000000 ,1.000000
496.600000 ,-0.540000 ,1171.000000 ,1.000000
497.300000 ,-0.260000 ,1172.000000 ,1.000000
497.300000 ,-0.660000 ,1173.000000 ,1.000000
498.000000 ,-0.280000 ,1174.000000 ,1.000000
498.000000 ,-0.540000 ,1175.000000 ,1.000000
498.700000 ,-0.280000 ,1176.000000 ,1.000000
498.700000 ,128.255000 ,1177.000000 ,0.000000
499.400000 ,-0.280000 ,1178.000000 ,1.000000
500.100000 ,-0.280000 ,1179.000000 ,1.000000
500.800000 ,-0.280000 ,1180.000000 ,1.000000
501.500000 ,-0.280000 ,1181.000000 ,1.000000
501.500000 ,-0.630000 ,1182.000000 ,1.000000
501.500000 ,233.855000 ,1183.000000 ,0.000000
502.200000 ,-0.280000 ,1184.000000 ,1.000000
502.200000 ,-0.690000 ,1185.000000 ,1.000000
502.900000 ,-0.280000 ,1186.000000 ,1.000000
503.600000 ,-0.170000 ,1187.000000 ,1.000000
503.600000 ,-0.850000 ,1188.000000 ,1.000000
503.600000 ,175.895000 ,1189.000000 ,0.000000
504.300000 ,-0.170000 ,1190.000000 ,1.000000
504.300000 ,-0.950000 ,1191.000000 ,1.000000
505.000000 ,-0.170000 ,1192.000000 ,1.000000
505.700000 ,-0.170000 ,1193.000000 ,1.000000
505.700000 ,-0.370000 ,1194.000000 ,1.000000
506.400000 ,-0.170000 ,1195.000000 ,1.000000
506.400000 ,-0.420000 ,1196.000000 ,1.000000
506.400000 ,131.315000 ,1197.000000 ,0.000000
507.100000 ,-0.170000 ,1198.000000 ,1.000000
507.800000 ,-0.170000 ,1199.000000 ,1.000000
507.800000 ,-0.580000 ,1200.000000 ,1.000000
508.500000 ,-0.170000 ,1201.000000 ,1.000000
508.500000 ,-0.720000 ,1202.000000 ,1.000000
509.200000 ,-0.170000 ,1203.000000 ,1.000000
509.200000 ,-0.610000 ,1204.000000 ,1.000000
509.900000 ,-0.170000 ,1205.000000 ,1.000000
509.900000 ,-0.640000 ,1206.000000 ,1.000000
510.600000 ,-0.170000 ,1207.000000 ,1.000000
511.300000 ,-0.170000 ,1208.000000 ,1.000000
511.300000 ,-0.950000 ,1209.000000 ,1.000000
512.000000 ,-0.170000 ,1210.000000 ,1.000000
512.000000 ,-0.640000 ,1211.000000 ,1.000000
512.000000 ,190.355000 ,1212.000000 ,0.000000
512.700000 ,-0.170000 ,1213.000000 ,1.000000
512.700000 ,-0.550000 ,1214.000000 ,1.000000
513.400000 ,-0.170000 ,1215.000000 ,1.000000
513.400000 ,-0.520000 ,1216.000000 ,1.000000
514.100000 ,-0.170000 ,1217.000000 ,1.000000
514.100000 ,-0.400000 ,1218.000000 ,1.000000
514.800000 ,-0.170000 ,1219.000000 ,1.000000
514.800000 ,-0.490000 ,1220.000000 ,1.000000
515.500000 ,-0.170000 ,1221.000000 ,1.000000
515.500000 ,-0.640000 ,1222.000000 ,1.000000
516.200000 ,-0.170000 ,1223.000000 ,1.000000
516.200000 ,-0.520000 ,1224.000000 ,1.000000
516.200000 ,231.995000 ,1225.000000 ,0.000000
516.900000 ,-0.170000 ,1226.000000 ,1.000000
516.900000 ,-0.520000 ,1227.000000 ,1.000000
517.600000 ,-0.170000 ,1228.000000 ,1.000000
517.600000 ,-0.560000 ,1229.000000 ,1.000000
518.300000 ,-0.170000 ,1230.000000 ,1.000000
518.300000 ,-0.500000 ,1231.000000 ,1.000000
519.000000 ,-0.170000 ,1232.000000 ,1.000000
519.000000 ,-0.590000 ,1233.000000 ,1.000000
519.700000 ,-0.220000 ,1234.000000 ,1.000000
519.700000 ,-0.650000 ,1235.000000 ,1.000000
520.400000 ,-0.220000 ,1236.000000 ,1.000000
520.400000 ,-0.650000 ,1237.000000 ,1.000000
521.100000 ,-0.220000 ,1238.000000 ,1.000000
521.100000 ,-0.500000 ,1239.000000 ,1.000000
521.800000 ,-0.220000 ,1240.000000 ,1.000000
521.800000 ,-0.410000 ,1241.000000 ,1.000000
522.500000 ,-0.220000 ,1242.000000 ,1.000000
522.500000 ,-0.590000 ,1243.000000 ,1.000000
523.200000 ,-0.220000 ,1244.000000 ,1.000000
523.200000 ,-0.560000 ,1245.000000 ,1.000000
523.900000 ,-0.220000 ,1246.000000 ,1.000000
523.900000 ,-0.370000 ,1247.000000 ,1.000000
524.600000 ,-0.220000 ,1248.000000 ,1.000000
524.600000 ,-0.500000 ,1249.000000 ,1.000000
525.300000 ,-0.220000 ,1250.000000 ,1.000000
525.300000 ,-0.590000 ,1251.000000 ,1.000000
526.000000 ,-0.220000 ,1252.000000 ,1.000000
526.000000 ,-0.650000 ,1253.000000 ,1.000000
526.700000 ,-0.280000 ,1254.000000 ,1.000000
527.400000 ,-0.260000 ,1255.000000 ,1.000000
527.400000 ,-0.590000 ,1256.000000 ,1.000000
528.100000 ,-0.220000 ,1257.000000 ,1.000000
528.100000 ,-0.530000 ,1258.000000 ,1.000000
528.800000 ,-0.220000 ,1259.000000 ,1.000000
528.800000 ,-0.650000 ,1260.000000 ,1.000000
529.500000 ,-0.220000 ,1261.000000 ,1.000000
529.500000 ,-0.410000 ,1262.000000 ,1.000000
530.200000 ,-0.220000 ,1263.000000 ,1.000000
530.200000 ,-0.410000 ,1264.000000 ,1.000000
530.900000 ,-0.220000 ,1265.000000 ,1.000000
530.900000 ,-0.560000 ,1266.000000 ,1.000000
531.600000 ,-0.220000 ,1267.000000 ,1.000000
531.600000 ,-0.780000 ,1268.000000 ,1.000000
532.300000 ,-0.220000 ,1269.000000 ,1.000000
532.300000 ,-0.590000 ,1270.000000 ,1.000000
533.000000 ,-0.220000 ,1271.000000 ,1.000000
533.000000 ,-0.500000 ,1272.000000 ,1.000000
533.700000 ,-0.220000 ,1273.000000 ,1.000000
534.400000 ,-0.220000 ,1274.000000 ,1.000000
534.400000 ,-0.650000 ,1275.000000 ,1.000000
535.100000 ,-0.220000 ,1276.000000 ,1.000000
535.100000 ,-0.410000 ,1277.000000 ,1.000000
535.800000 ,-0.220000 ,1278.000000 ,1.000000
536.500000 ,-0.220000 ,1279.000000 ,1.000000
536.500000 ,-0.590000 ,1280.000000 ,1.000000
537.200000 ,-0.220000 ,1281.000000 ,1.000000
537.200000 ,-0.420000 ,1282.000000 ,1.000000
537.900000 ,-0.220000 ,1283.000000 ,1.000000
537.900000 ,-0.420000 ,1284.000000 ,1.000000
537.900000 ,188.435000 ,1285.000000 ,0.000000
538.600000 ,-0.220000 ,1286.000000 ,1.000000
538.600000 ,-0.560000 ,1287.000000 ,1.000000
539.300000 ,-0.220000 ,1288.000000 ,1.000000
539.300000 ,-0.630000 ,1289.000000 ,1.000000
540.000000 ,-0.220000 ,1290.000000 ,1.000000
540.000000 ,-0.690000 ,1291.000000 ,1.000000
540.700000 ,-0.220000 ,1292.000000 ,1.000000
540.700000 ,-0.430000 ,1293.000000 ,1.000000
541.400000 ,-0.220000 ,1294.000000 ,1.000000
542.100000 ,-0.220000 ,1295.000000 ,1.000000
542.800000 ,-0.220000 ,1296.000000 ,1.000000
542.800000 ,-0.610000 ,1297.000000 ,1.000000
543.500000 ,-0.220000 ,1298.000000 ,1.000000
543.500000 ,-0.680000 ,1299.000000 ,1.000000
544.200000 ,-0.220000 ,1300.000000 ,1.000000
544.200000 ,-0.570000 ,1301.000000 ,1.000000
544.900000 ,-0.220000 ,1302.000000 ,1.000000
544.900000 ,-0.620000 ,1303.000000 ,1.000000
545.600000 ,-0.280000 ,1304.000000 ,1.000000
546.300000 ,-0.280000 ,1305.000000 ,1.000000
546.300000 ,-0.710000 ,1306.000000 ,1.000000
547.000000 ,-0.250000 ,1307.000000 ,1.000000
547.000000 ,-0.500000 ,1308.000000 ,1.000000
547.700000 ,-0.250000 ,1309.000000 ,1.000000
547.700000 ,-0.410000 ,1310.000000 ,1.000000
548.400000 ,-0.250000 ,1311.000000 ,1.000000
548.400000 ,-0.650000 ,1312.000000 ,1.000000
549.100000 ,-0.250000 ,1313.000000 ,1.000000
549.100000 ,-0.410000 ,1314.000000 ,1.000000
549.800000 ,-0.250000 ,1315.000000 ,1.000000
549.800000 ,-0.650000 ,1316.000000 ,1.000000
550.500000 ,-0.250000 ,1317.000000 ,1.000000
550.500000 ,-0.770000 ,1318.000000 ,1.000000
551.200000 ,-0.250000 ,1319.000000 ,1.000000
551.200000 ,-0.770000 ,1320.000000 ,1.000000
551.900000 ,-0.250000 ,1321.000000 ,1.000000
551.900000 ,-0.590000 ,1322.000000 ,1.000000
552.600000 ,-0.250000 ,1323.000000 ,1.000000
552.600000 ,-0.500000 ,1324.000000 ,1.000000
553.300000 ,-0.250000 ,1325.000000 ,1.000000
553.300000 ,-0.560000 ,1326.000000 ,1.000000
554.000000 ,-0.250000 ,1327.000000 ,1.000000
554.000000 ,-0.560000 ,1328.000000 ,1.000000
554.700000 ,-0.250000 ,1329.000000 ,1.000000
554.700000 ,-0.440000 ,1330.000000 ,1.000000
555.400000 ,-0.240000 ,1331.000000 ,1.000000
555.400000 ,-0.700000 ,1332.000000 ,1.000000
555.400000 ,171.155000 ,1333.000000 ,0.000000
556.100000 ,-0.240000 ,1334.000000 ,1.000000
556.800000 ,-0.240000 ,1335.000000 ,1.000000
556.800000 ,-0.700000 ,1336.000000 ,1.000000
557.500000 ,-0.240000 ,1337.000000 ,1.000000
557.500000 ,-0.670000 ,1338.000000 ,1.000000
558.200000 ,-0.240000 ,1339.000000 ,1.000000
558.900000 ,-0.240000 ,1340.000000 ,1.000000
558.900000 ,-0.580000 ,1341.000000 ,1.000000
559.600000 ,-0.240000 ,1342.000000 ,1.000000
559.600000 ,-0.610000 ,1343.000000 ,1.000000
560.300000 ,-0.240000 ,1344.000000 ,1.000000
560.300000 ,-0.490000 ,1345.000000 ,1.000000
561.000000 ,-0.240000 ,1346.000000 ,1.000000
561.000000 ,-0.580000 ,1347.000000 ,1.000000
561.700000 ,-0.240000 ,1348.000000 ,1.000000
561.700000 ,-0.630000 ,1349.000000 ,1.000000
562.400000 ,-0.190000 ,1350.000000 ,1.000000
563.100000 ,-0.190000 ,1351.000000 ,1.000000
563.100000 ,-0.540000 ,1352.000000 ,1.000000
563.800000 ,-0.190000 ,1353.000000 ,1.000000
564.500000 ,-0.190000 ,1354.000000 ,1.000000
564.500000 ,-0.480000 ,1355.000000 ,1.000000
565.200000 ,-0.190000 ,1356.000000 ,1.000000
565.200000 ,-0.750000 ,1357.000000 ,1.000000
565.900000 ,-0.190000 ,1358.000000 ,1.000000
565.900000 ,-0.330000 ,1359.000000 ,1.000000
565.900000 ,120.935000 ,1360.000000 ,0.000000
566.600000 ,-0.190000 ,1361.000000 ,1.000000
566.600000 ,-0.390000 ,1362.000000 ,1.000000
567.300000 ,-0.190000 ,1363.000000 ,1.000000
567.300000 ,-0.480000 ,1364.000000 ,1.000000
568.000000 ,-0.190000 ,1365.000000 ,1.000000
568.000000 ,-0.540000 ,1366.000000 ,1.000000
568.700000 ,-0.190000 ,1367.000000 ,1.000000
568.700000 ,-0.510000 ,1368.000000 ,1.000000
569.400000 ,-0.190000 ,1369.000000 ,1.000000
569.400000 ,-0.720000 ,1370.000000 ,1.000000
570.100000 ,-0.190000 ,1371.000000 ,1.000000
570.800000 ,-0.190000 ,1372.000000 ,1.000000
570.800000 ,232.715000 ,1373.000000 ,0.000000
571.500000 ,58.955000 ,1374.000000 ,0.000000
571.500000 ,-0.190000 ,1375.000000 ,1.000000
571.500000 ,-0.430000 ,1376.000000 ,1.000000
572.200000 ,-0.190000 ,1377.000000 ,1.000000
572.200000 ,-0.400000 ,1378.000000 ,1.000000
572.200000 ,124.715000 ,1379.000000 ,0.000000
572.900000 ,-0.190000 ,1380.000000 ,1.000000
572.900000 ,-0.430000 ,1381.000000 ,1.000000
573.600000 ,-0.190000 ,1382.000000 ,1.000000
574.300000 ,-0.190000 ,1383.000000 ,1.000000
574.300000 ,-0.340000 ,1384.000000 ,1.000000
575.000000 ,-0.190000 ,1385.000000 ,1.000000
575.700000 ,-0.190000 ,1386.000000 ,1.000000
576.400000 ,-0.190000 ,1387.000000 ,1.000000
576.400000 ,-0.490000 ,1388.000000 ,1.000000
577.100000 ,-0.280000 ,1389.000000 ,1.000000
577.800000 ,-0.260000 ,1390.000000 ,1.000000
577.800000 ,-0.540000 ,1391.000000 ,1.000000
578.500000 ,-0.260000 ,1392.000000 ,1.000000
578.500000 ,-0.600000 ,1393.000000 ,1.000000
579.200000 ,67.415000 ,1394.000000 ,0.000000
579.200000 ,-0.260000 ,1395.000000 ,1.000000
579.200000 ,-0.540000 ,1396.000000 ,1.000000
579.900000 ,-0.260000 ,1397.000000 ,1.000000
579.900000 ,-0.390000 ,1398.000000 ,1.000000
580.600000 ,-0.260000 ,1399.000000 ,1.000000
580.600000 ,-0.730000 ,1400.000000 ,1.000000
581.300000 ,-0.230000 ,1401.000000 ,1.000000
582.000000 ,-0.230000 ,1402.000000 ,1.000000
582.000000 ,-0.420000 ,1403.000000 ,1.000000
582.700000 ,-0.230000 ,1404.000000 ,1.000000
583.400000 ,-0.230000 ,1405.000000 ,1.000000
583.400000 ,-0.660000 ,1406.000000 ,1.000000
584.100000 ,-0.210000 ,1407.000000 ,1.000000
584.800000 ,-0.210000 ,1408.000000 ,1.000000
585.500000 ,-0.210000 ,1409.000000 ,1.000000
585.500000 ,-0.480000 ,1410.000000 ,1.000000
586.200000 ,-0.210000 ,1411.000000 ,1.000000
586.200000 ,-0.540000 ,1412.000000 ,1.000000
586.900000 ,-0.210000 ,1413.000000 ,1.000000
586.900000 ,-0.330000 ,1414.000000 ,1.000000
587.600000 ,-0.210000 ,1415.000000 ,1.000000
588.300000 ,-0.170000 ,1416.000000 ,1.000000
588.300000 ,-0.570000 ,1417.000000 ,1.000000
589.000000 ,-0.170000 ,1418.000000 ,1.000000
589.000000 ,-0.420000 ,1419.000000 ,1.000000
589.700000 ,-0.170000 ,1420.000000 ,1.000000
589.700000 ,-0.510000 ,1421.000000 ,1.000000
590.400000 ,-0.170000 ,1422.000000 ,1.000000
590.400000 ,-0.570000 ,1423.000000 ,1.000000
591.100000 ,-0.170000 ,1424.000000 ,1.000000
591.100000 ,-0.770000 ,1425.000000 ,1.000000
591.800000 ,-0.170000 ,1426.000000 ,1.000000
591.800000 ,-0.420000 ,1427.000000 ,1.000000
592.500000 ,-0.170000 ,1428.000000 ,1.000000
592.500000 ,-0.420000 ,1429.000000 ,1.000000
593.200000 ,-0.170000 ,1430.000000 ,1.000000
593.200000 ,-0.320000 ,1431.000000 ,1.000000
593.900000 ,-0.170000 ,1432.000000 ,1.000000
593.900000 ,-0.390000 ,1433.000000 ,1.000000
594.600000 ,-0.170000 ,1434.000000 ,1.000000
594.600000 ,-0.420000 ,1435.000000 ,1.000000
595.300000 ,-0.170000 ,1436.000000 ,1.000000
595.300000 ,-0.540000 ,1437.000000 ,1.000000
596.000000 ,-0.260000 ,1438.000000 ,1.000000
596.000000 ,-0.510000 ,1439.000000 ,1.000000
596.700000 ,-0.260000 ,1440.000000 ,1.000000
596.700000 ,-0.540000 ,1441.000000 ,1.000000
597.400000 ,-0.270000 ,1442.000000 ,1.000000
597.400000 ,-0.570000 ,1443.000000 ,1.000000
598.100000 ,-0.270000 ,1444.000000 ,1.000000
598.100000 ,-0.860000 ,1445.000000 ,1.000000
598.800000 ,-0.270000 ,1446.000000 ,1.000000
599.500000 ,-0.270000 ,1447.000000 ,1.000000
599.500000 ,-0.570000 ,1448.000000 ,1.000000
600.200000 ,-0.270000 ,1449.000000 ,1.000000
600.200000 ,-0.510000 ,1450.000000 ,1.000000
600.900000 ,-0.270000 ,1451.000000 ,1.000000
600.900000 ,-0.690000 ,1452.000000 ,1.000000
601.600000 ,-0.270000 ,1453.000000 ,1.000000
602.300000 ,-0.270000 ,1454.000000 ,1.000000
603.000000 ,-0.270000 ,1455.000000 ,1.000000
603.700000 ,-0.270000 ,1456.000000 ,1.000000
604.400000 ,-0.270000 ,1457.000000 ,1.000000
604.400000 ,-0.400000 ,1458.000000 ,1.000000
605.100000 ,-0.270000 ,1459.000000 ,1.000000
605.800000 ,-0.270000 ,1460.000000 ,1.000000
605.800000 ,-0.550000 ,1461.000000 ,1.000000
606.500000 ,-0.270000 ,1462.000000 ,1.000000
607.200000 ,-0.270000 ,1463.000000 ,1.000000
607.200000 ,-0.490000 ,1464.000000 ,1.000000
607.900000 ,-0.270000 ,1465.000000 ,1.000000
608.600000 ,-0.270000 ,1466.000000 ,1.000000
609.300000 ,-0.270000 ,1467.000000 ,1.000000
609.300000 ,-0.550000 ,1468.000000 ,1.000000
610.000000 ,-0.270000 ,1469.000000 ,1.000000
610.000000 ,-0.700000 ,1470.000000 ,1.000000
610.700000 ,72.335000 ,1471.000000 ,0.000000
610.700000 ,-0.270000 ,1472.000000 ,1.000000
611.400000 ,-0.220000 ,1473.000000 ,1.000000
611.400000 ,-0.560000 ,1474.000000 ,1.000000
612.100000 ,-0.220000 ,1475.000000 ,1.000000
612.800000 ,-0.220000 ,1476.000000 ,1.000000
612.800000 ,-0.560000 ,1477.000000 ,1.000000
613.500000 ,-0.220000 ,1478.000000 ,1.000000
614.200000 ,-0.220000 ,1479.000000 ,1.000000
614.200000 ,-0.650000 ,1480.000000 ,1.000000
614.900000 ,-0.220000 ,1481.000000 ,1.000000
614.900000 ,-0.680000 ,1482.000000 ,1.000000
615.600000 ,-0.180000 ,1483.000000 ,1.000000
615.600000 ,244.595000 ,1484.000000 ,0.000000
616.300000 ,-0.180000 ,1485.000000 ,1.000000
616.300000 ,-1.000000 ,1486.000000 ,1.000000
617.000000 ,-0.180000 ,1487.000000 ,1.000000
617.000000 ,-0.640000 ,1488.000000 ,1.000000
617.700000 ,-0.220000 ,1489.000000 ,1.000000
618.400000 ,-0.220000 ,1490.000000 ,1.000000
619.100000 ,-0.220000 ,1491.000000 ,1.000000
619.100000 ,-0.490000 ,1492.000000 ,1.000000
619.800000 ,-0.220000 ,1493.000000 ,1.000000
619.800000 ,-0.690000 ,1494.000000 ,1.000000
620.500000 ,-0.220000 ,1495.000000 ,1.000000
620.500000 ,-0.510000 ,1496.000000 ,1.000000
621.200000 ,-0.220000 ,1497.000000 ,1.000000
621.900000 ,-0.220000 ,1498.000000 ,1.000000
622.600000 ,-0.220000 ,1499.000000 ,1.000000
622.600000 ,-0.570000 ,1500.000000 ,1.000000
623.300000 ,-0.220000 ,1501.000000 ,1.000000
624.000000 ,-0.220000 ,1502.000000 ,1.000000
624.000000 ,-0.510000 ,1503.000000 ,1.000000
624.700000 ,-0.220000 ,1504.000000 ,1.000000
624.700000 ,-0.730000 ,1505.000000 ,1.000000
625.400000 ,-0.220000 ,1506.000000 ,1.000000
625.400000 ,-0.540000 ,1507.000000 ,1.000000
625.400000 ,160.355000 ,1508.000000 ,0.000000
626.100000 ,-0.220000 ,1509.000000 ,1.000000
626.100000 ,-0.600000 ,1510.000000 ,1.000000
626.800000 ,-0.220000 ,1511.000000 ,1.000000
627.500000 ,-0.220000 ,1512.000000 ,1.000000
627.500000 ,-0.390000 ,1513.000000 ,1.000000
628.200000 ,-0.240000 ,1514.000000 ,1.000000
628.200000 ,-0.630000 ,1515.000000 ,1.000000
628.900000 ,-0.240000 ,1516.000000 ,1.000000
628.900000 ,-0.570000 ,1517.000000 ,1.000000
629.600000 ,-24.925000 ,1518.000000 ,0.000000
629.600000 ,-0.240000 ,1519.000000 ,1.000000
630.300000 ,-0.240000 ,1520.000000 ,1.000000
630.300000 ,193.415000 ,1521.000000 ,0.000000
631.000000 ,-0.240000 ,1522.000000 ,1.000000
631.000000 ,-0.630000 ,1523.000000 ,1.000000
631.700000 ,-0.240000 ,1524.000000 ,1.000000
631.700000 ,-0.420000 ,1525.000000 ,1.000000
632.400000 ,-0.240000 ,1526.000000 ,1.000000
633.100000 ,-0.240000 ,1527.000000 ,1.000000
633.800000 ,-0.240000 ,1528.000000 ,1.000000
633.800000 ,-0.760000 ,1529.000000 ,1.000000
634.500000 ,-0.240000 ,1530.000000 ,1.000000
635.200000 ,-0.240000 ,1531.000000 ,1.000000
635.900000 ,-0.240000 ,1532.000000 ,1.000000
636.600000 ,-0.240000 ,1533.000000 ,1.000000
637.300000 ,-0.240000 ,1534.000000 ,1.000000
637.300000 ,-0.680000 ,1535.000000 ,1.000000
638.000000 ,-0.240000 ,1536.000000 ,1.000000
638.700000 ,71.315000 ,1537.000000 ,0.000000
638.700000 ,-0.240000 ,1538.000000 ,1.000000
638.700000 ,124.115000 ,1539.000000 ,0.000000
639.400000 ,-0.240000 ,1540.000000 ,1.000000
640.100000 ,-0.240000 ,1541.000000 ,1.000000
640.800000 ,-0.240000 ,1542.000000 ,1.000000
640.800000 ,-0.560000 ,1543.000000 ,1.000000
641.500000 ,-0.240000 ,1544.000000 ,1.000000
641.500000 ,-0.560000 ,1545.000000 ,1.000000
642.200000 ,-0.240000 ,1546.000000 ,1.000000
642.200000 ,-0.400000 ,1547.000000 ,1.000000
642.900000 ,-0.260000 ,1548.000000 ,1.000000
642.900000 ,-0.410000 ,1549.000000 ,1.000000
643.600000 ,-0.280000 ,1550.000000 ,1.000000
643.600000 ,-0.560000 ,1551.000000 ,1.000000
644.300000 ,-0.210000 ,1552.000000 ,1.000000
644.300000 ,-0.720000 ,1553.000000 ,1.000000
645.000000 ,-0.210000 ,1554.000000 ,1.000000
645.700000 ,-0.210000 ,1555.000000 ,1.000000
646.400000 ,-0.210000 ,1556.000000 ,1.000000
646.400000 ,-0.650000 ,1557.000000 ,1.000000
647.100000 ,-0.210000 ,1558.000000 ,1.000000
647.100000 ,-0.560000 ,1559.000000 ,1.000000
647.800000 ,-0.210000 ,1560.000000 ,1.000000
648.500000 ,-0.210000 ,1561.000000 ,1.000000
648.500000 ,-0.680000 ,1562.000000 ,1.000000
649.200000 ,-0.210000 ,1563.000000 ,1.000000
649.900000 ,-0.210000 ,1564.000000 ,1.000000
650.600000 ,-0.210000 ,1565.000000 ,1.000000
650.600000 ,-0.550000 ,1566.000000 ,1.000000
651.300000 ,-0.210000 ,1567.000000 ,1.000000
651.300000 ,-0.700000 ,1568.000000 ,1.000000
652.000000 ,-0.210000 ,1569.000000 ,1.000000
652.000000 ,-0.610000 ,1570.000000 ,1.000000
652.700000 ,44.795000 ,1571.000000 ,0.000000
652.700000 ,-0.210000 ,1572.000000 ,1.000000
652.700000 ,-0.330000 ,1573.000000 ,1.000000
653.400000 ,-0.210000 ,1574.000000 ,1.000000
654.100000 ,-28.945000 ,1575.000000 ,0.000000
654.100000 ,-0.210000 ,1576.000000 ,1.000000
654.100000 ,-0.620000 ,1577.000000 ,1.000000
654.800000 ,-0.210000 ,1578.000000 ,1.000000
654.800000 ,-0.710000 ,1579.000000 ,1.000000
655.500000 ,-0.180000 ,1580.000000 ,1.000000
656.200000 ,-0.180000 ,1581.000000 ,1.000000
656.200000 ,-0.710000 ,1582.000000 ,1.000000
656.900000 ,-0.180000 ,1583.000000 ,1.000000
656.900000 ,-0.560000 ,1584.000000 ,1.000000
657.600000 ,-0.180000 ,1585.000000 ,1.000000
657.600000 ,-0.500000 ,1586.000000 ,1.000000
658.300000 ,-0.180000 ,1587.000000 ,1.000000
658.300000 ,-0.380000 ,1588.000000 ,1.000000
659.000000 ,-0.180000 ,1589.000000 ,1.000000
659.000000 ,-0.560000 ,1590.000000 ,1.000000
659.700000 ,1.835000 ,1591.000000 ,0.000000
659.700000 ,-0.180000 ,1592.000000 ,1.000000
660.400000 ,-0.180000 ,1593.000000 ,1.000000
660.400000 ,-0.410000 ,1594.000000 ,1.000000
661.100000 ,-20.125000 ,1595.000000 ,0.000000
661.100000 ,-0.180000 ,1596.000000 ,1.000000
661.100000 ,-0.550000 ,1597.000000 ,1.000000
661.800000 ,-0.180000 ,1598.000000 ,1.000000
661.800000 ,-0.620000 ,1599.000000 ,1.000000
662.500000 ,-0.180000 ,1600.000000 ,1.000000
662.500000 ,-0.560000 ,1601.000000 ,1.000000
663.200000 ,-0.180000 ,1602.000000 ,1.000000
663.200000 ,-0.500000 ,1603.000000 ,1.000000
663.900000 ,-0.180000 ,1604.000000 ,1.000000
663.900000 ,-0.560000 ,1605.000000 ,1.000000
664.600000 ,-0.180000 ,1606.000000 ,1.000000
664.600000 ,-0.590000 ,1607.000000 ,1.000000
665.300000 ,-0.180000 ,1608.000000 ,1.000000
666.000000 ,-0.180000 ,1609.000000 ,1.000000
666.700000 ,-0.180000 ,1610.000000 ,1.000000
666.700000 ,-0.650000 ,1611.000000 ,1.000000
667.400000 ,-0.180000 ,1612.000000 ,1.000000
667.400000 ,-0.590000 ,1613.000000 ,1.000000
668.100000 ,-0.180000 ,1614.000000 ,1.000000
668.100000 ,-0.590000 ,1615.000000 ,1.000000
668.800000 ,-0.180000 ,1616.000000 ,1.000000
668.800000 ,-0.620000 ,1617.000000 ,1.000000
669.500000 ,-0.180000 ,1618.000000 ,1.000000
669.500000 ,-0.740000 ,1619.000000 ,1.000000
670.200000 ,-0.180000 ,1620.000000 ,1.000000
670.200000 ,-0.500000 ,1621.000000 ,1.000000
670.900000 ,-0.260000 ,1622.000000 ,1.000000
670.900000 ,-0.740000 ,1623.000000 ,1.000000
671.600000 ,-0.260000 ,1624.000000 ,1.000000
671.600000 ,-0.410000 ,1625.000000 ,1.000000
672.300000 ,-0.260000 ,1626.000000 ,1.000000
672.300000 ,-0.590000 ,1627.000000 ,1.000000
673.000000 ,-0.260000 ,1628.000000 ,1.000000
673.000000 ,-0.590000 ,1629.000000 ,1.000000
673.700000 ,-0.260000 ,1630.000000 ,1.000000
673.700000 ,-0.500000 ,1631.000000 ,1.000000
674.400000 ,-0.260000 ,1632.000000 ,1.000000
674.400000 ,-0.590000 ,1633.000000 ,1.000000
675.100000 ,-0.260000 ,1634.000000 ,1.000000
675.800000 ,-0.260000 ,1635.000000 ,1.000000
675.800000 ,-0.440000 ,1636.000000 ,1.000000
676.500000 ,-0.260000 ,1637.000000 ,1.000000
676.500000 ,-0.590000 ,1638.000000 ,1.000000
677.200000 ,-0.260000 ,1639.000000 ,1.000000
677.200000 ,-0.580000 ,1640.000000 ,1.000000
677.900000 ,-0.260000 ,1641.000000 ,1.000000
677.900000 ,-0.520000 ,1642.000000 ,1.000000
678.600000 ,-0.260000 ,1643.000000 ,1.000000
679.300000 ,-0.260000 ,1644.000000 ,1.000000
679.300000 ,-0.580000 ,1645.000000 ,1.000000
680.000000 ,-0.260000 ,1646.000000 ,1.000000
680.700000 ,-0.260000 ,1647.000000 ,1.000000
680.700000 ,-0.580000 ,1648.000000 ,1.000000
681.400000 ,-0.260000 ,1649.000000 ,1.000000
681.400000 ,-0.400000 ,1650.000000 ,1.000000
682.100000 ,-0.260000 ,1651.000000 ,1.000000
682.100000 ,-0.490000 ,1652.000000 ,1.000000
682.800000 ,-0.260000 ,1653.000000 ,1.000000
682.800000 ,-0.560000 ,1654.000000 ,1.000000
683.500000 ,-0.260000 ,1655.000000 ,1.000000
683.500000 ,-0.560000 ,1656.000000 ,1.000000
684.200000 ,-0.260000 ,1657.000000 ,1.000000
684.200000 ,-0.560000 ,1658.000000 ,1.000000
684.900000 ,-0.260000 ,1659.000000 ,1.000000
684.900000 ,-0.550000 ,1660.000000 ,1.000000
685.600000 ,-0.260000 ,1661.000000 ,1.000000
686.300000 ,-0.320000 ,1662.000000 ,1.000000
686.300000 ,-0.400000 ,1663.000000 ,1.000000
687.000000 ,-0.320000 ,1664.000000 ,1.000000
687.700000 ,-0.320000 ,1665.000000 ,1.000000
687.700000 ,-0.490000 ,1666.000000 ,1.000000
688.400000 ,-0.320000 ,1667.000000 ,1.000000
688.400000 ,-0.830000 ,1668.000000 ,1.000000
689.100000 ,-0.320000 ,1669.000000 ,1.000000
689.100000 ,-0.490000 ,1670.000000 ,1.000000
689.800000 ,-0.320000 ,1671.000000 ,1.000000
689.800000 ,-0.580000 ,1672.000000 ,1.000000
690.500000 ,-0.320000 ,1673.000000 ,1.000000
690.500000 ,-0.860000 ,1674.000000 ,1.000000
691.200000 ,-0.320000 ,1675.000000 ,1.000000
691.200000 ,-0.590000 ,1676.000000 ,1.000000
691.900000 ,-0.320000 ,1677.000000 ,1.000000
691.900000 ,-0.650000 ,1678.000000 ,1.000000
692.600000 ,-0.290000 ,1679.000000 ,1.000000
692.600000 ,-0.620000 ,1680.000000 ,1.000000
693.300000 ,-0.160000 ,1681.000000 ,1.000000
693.300000 ,-0.770000 ,1682.000000 ,1.000000
694.000000 ,-0.160000 ,1683.000000 ,1.000000
694.000000 ,-0.500000 ,1684.000000 ,1.000000
694.700000 ,-0.160000 ,1685.000000 ,1.000000
694.700000 ,-0.440000 ,1686.000000 ,1.000000
695.400000 ,-34.405000 ,1687.000000 ,0.000000
695.400000 ,-0.160000 ,1688.000000 ,1.000000
695.400000 ,-0.550000 ,1689.000000 ,1.000000
696.100000 ,-0.280000 ,1690.000000 ,1.000000
696.800000 ,-0.160000 ,1691.000000 ,1.000000
696.800000 ,-0.550000 ,1692.000000 ,1.000000
697.500000 ,-0.160000 ,1693.000000 ,1.000000
697.500000 ,-0.580000 ,1694.000000 ,1.000000
698.200000 ,-0.160000 ,1695.000000 ,1.000000
698.200000 ,-0.640000 ,1696.000000 ,1.000000
698.900000 ,-0.160000 ,1697.000000 ,1.000000
698.900000 ,-0.640000 ,1698.000000 ,1.000000
699.600000 ,-0.160000 ,1699.000000 ,1.000000
699.600000 ,-0.680000 ,1700.000000 ,1.000000
700.300000 ,-0.160000 ,1701.000000 ,1.000000
701.000000 ,-0.160000 ,1702.000000 ,1.000000
701.700000 ,-0.160000 ,1703.000000 ,1.000000
701.700000 ,-0.440000 ,1704.000000 ,1.000000
702.400000 ,-0.160000 ,1705.000000 ,1.000000
702.400000 ,-0.750000 ,1706.000000 ,1.000000
703.100000 ,-0.160000 ,1707.000000 ,1.000000
703.100000 ,-0.650000 ,1708.000000 ,1.000000
703.800000 ,-0.160000 ,1709.000000 ,1.000000
703.800000 ,-0.440000 ,1710.000000 ,1.000000
704.500000 ,-0.160000 ,1711.000000 ,1.000000
704.500000 ,-0.560000 ,1712.000000 ,1.000000
705.200000 ,-0.160000 ,1713.000000 ,1.000000
705.200000 ,-0.560000 ,1714.000000 ,1.000000
705.900000 ,-0.160000 ,1715.000000 ,1.000000
705.900000 ,-0.410000 ,1716.000000 ,1.000000
706.600000 ,-12.925000 ,1717.000000 ,0.000000
706.600000 ,-0.160000 ,1718.000000 ,1.000000
706.600000 ,-0.500000 ,1719.000000 ,1.000000
707.300000 ,-0.160000 ,1720.000000 ,1.000000
707.300000 ,-0.650000 ,1721.000000 ,1.000000
708.000000 ,-0.160000 ,1722.000000 ,1.000000
708.000000 ,-0.680000 ,1723.000000 ,1.000000
708.700000 ,-0.160000 ,1724.000000 ,1.000000
708.700000 ,-0.770000 ,1725.000000 ,1.000000
709.400000 ,-0.280000 ,1726.000000 ,1.000000
709.400000 ,-0.800000 ,1727.000000 ,1.000000
710.100000 ,-0.220000 ,1728.000000 ,1.000000
710.800000 ,-0.100000 ,1729.000000 ,1.000000
711.500000 ,-0.100000 ,1730.000000 ,1.000000
711.500000 ,-0.560000 ,1731.000000 ,1.000000
712.200000 ,-0.220000 ,1732.000000 ,1.000000
712.900000 ,-0.100000 ,1733.000000 ,1.000000
712.900000 ,-0.560000 ,1734.000000 ,1.000000
713.600000 ,-0.100000 ,1735.000000 ,1.000000
713.600000 ,-0.340000 ,1736.000000 ,1.000000
714.300000 ,-0.100000 ,1737.000000 ,1.000000
714.300000 ,-0.500000 ,1738.000000 ,1.000000
715.000000 ,-0.100000 ,1739.000000 ,1.000000
715.700000 ,-0.100000 ,1740.000000 ,1.000000
715.700000 ,-0.420000 ,1741.000000 ,1.000000
716.400000 ,-0.220000 ,1742.000000 ,1.000000
716.400000 ,-0.730000 ,1743.000000 ,1.000000
717.100000 ,-0.100000 ,1744.000000 ,1.000000
717.100000 ,-0.570000 ,1745.000000 ,1.000000
717.800000 ,-0.100000 ,1746.000000 ,1.000000
717.800000 ,-0.630000 ,1747.000000 ,1.000000
718.500000 ,-0.100000 ,1748.000000 ,1.000000
718.500000 ,-0.550000 ,1749.000000 ,1.000000
719.200000 ,-0.220000 ,1750.000000 ,1.000000
719.900000 ,-0.100000 ,1751.000000 ,1.000000
719.900000 ,-0.340000 ,1752.000000 ,1.000000
720.600000 ,-0.220000 ,1753.000000 ,1.000000
720.600000 ,184.655000 ,1754.000000 ,0.000000
721.300000 ,-0.100000 ,1755.000000 ,1.000000
721.300000 ,-0.580000 ,1756.000000 ,1.000000
722.000000 ,-0.100000 ,1757.000000 ,1.000000
722.000000 ,-0.730000 ,1758.000000 ,1.000000
722.700000 ,-0.100000 ,1759.000000 ,1.000000
722.700000 ,-0.440000 ,1760.000000 ,1.000000
723.400000 ,-0.100000 ,1761.000000 ,1.000000
723.400000 ,-0.460000 ,1762.000000 ,1.000000
724.100000 ,-0.100000 ,1763.000000 ,1.000000
724.100000 ,-0.430000 ,1764.000000 ,1.000000
724.800000 ,-0.100000 ,1765.000000 ,1.000000
725.500000 ,-0.290000 ,1766.000000 ,1.000000
725.500000 ,-0.580000 ,1767.000000 ,1.000000
726.200000 ,-0.210000 ,1768.000000 ,1.000000
726.200000 ,-0.550000 ,1769.000000 ,1.000000
726.900000 ,-0.210000 ,1770.000000 ,1.000000
726.900000 ,-0.630000 ,1771.000000 ,1.000000
727.600000 ,-0.210000 ,1772.000000 ,1.000000
727.600000 ,-0.570000 ,1773.000000 ,1.000000
728.300000 ,-0.210000 ,1774.000000 ,1.000000
728.300000 ,-0.270000 ,1775.000000 ,1.000000
729.000000 ,-0.210000 ,1776.000000 ,1.000000
729.000000 ,-0.780000 ,1777.000000 ,1.000000
729.700000 ,-0.210000 ,1778.000000 ,1.000000
729.700000 ,-0.570000 ,1779.000000 ,1.000000
730.400000 ,-0.210000 ,1780.000000 ,1.000000
730.400000 ,-0.480000 ,1781.000000 ,1.000000
731.100000 ,-0.210000 ,1782.000000 ,1.000000
731.100000 ,-0.570000 ,1783.000000 ,1.000000
731.100000 ,87.515000 ,1784.000000 ,0.000000
731.800000 ,-0.270000 ,1785.000000 ,1.000000
731.800000 ,-0.510000 ,1786.000000 ,1.000000
732.500000 ,-0.270000 ,1787.000000 ,1.000000
732.500000 ,-0.500000 ,1788.000000 ,1.000000
733.200000 ,-0.270000 ,1789.000000 ,1.000000
733.900000 ,-0.270000 ,1790.000000 ,1.000000
734.600000 ,-0.270000 ,1791.000000 ,1.000000
734.600000 ,-0.620000 ,1792.000000 ,1.000000
735.300000 ,-0.270000 ,1793.000000 ,1.000000
735.300000 ,-0.650000 ,1794.000000 ,1.000000
736.000000 ,-0.270000 ,1795.000000 ,1.000000
736.000000 ,-0.590000 ,1796.000000 ,1.000000
736.700000 ,-0.270000 ,1797.000000 ,1.000000
736.700000 ,-0.650000 ,1798.000000 ,1.000000
737.400000 ,-0.270000 ,1799.000000 ,1.000000
737.400000 ,-0.590000 ,1800.000000 ,1.000000
738.100000 ,-0.270000 ,1801.000000 ,1.000000
738.100000 ,-0.590000 ,1802.000000 ,1.000000
738.800000 ,-0.270000 ,1803.000000 ,1.000000
738.800000 ,-0.620000 ,1804.000000 ,1.000000
739.500000 ,-0.270000 ,1805.000000 ,1.000000
739.500000 ,-0.590000 ,1806.000000 ,1.000000
740.200000 ,-0.270000 ,1807.000000 ,1.000000
740.200000 ,-0.590000 ,1808.000000 ,1.000000
740.900000 ,2.975000 ,1809.000000 ,0.000000
740.900000 ,-0.270000 ,1810.000000 ,1.000000
740.900000 ,-0.650000 ,1811.000000 ,1.000000
741.600000 ,-0.270000 ,1812.000000 ,1.000000
742.300000 ,-38.965000 ,1813.000000 ,0.000000
742.300000 ,-0.270000 ,1814.000000 ,1.000000
742.300000 ,-0.480000 ,1815.000000 ,1.000000
743.000000 ,-0.270000 ,1816.000000 ,1.000000
743.000000 ,-0.390000 ,1817.000000 ,1.000000
743.700000 ,-0.270000 ,1818.000000 ,1.000000
743.700000 ,-0.600000 ,1819.000000 ,1.000000
744.400000 ,-0.270000 ,1820.000000 ,1.000000
744.400000 ,-0.590000 ,1821.000000 ,1.000000
745.100000 ,-0.270000 ,1822.000000 ,1.000000
745.100000 ,-0.540000 ,1823.000000 ,1.000000
745.800000 ,-0.270000 ,1824.000000 ,1.000000
745.800000 ,-0.560000 ,1825.000000 ,1.000000
746.500000 ,-0.270000 ,1826.000000 ,1.000000
746.500000 ,-0.650000 ,1827.000000 ,1.000000
747.200000 ,-0.250000 ,1828.000000 ,1.000000
747.200000 ,-0.650000 ,1829.000000 ,1.000000
747.900000 ,-0.220000 ,1830.000000 ,1.000000
747.900000 ,-0.740000 ,1831.000000 ,1.000000
748.600000 ,-0.220000 ,1832.000000 ,1.000000
748.600000 ,-0.410000 ,1833.000000 ,1.000000
749.300000 ,-0.220000 ,1834.000000 ,1.000000
749.300000 ,-0.410000 ,1835.000000 ,1.000000
750.000000 ,-0.220000 ,1836.000000 ,1.000000
750.700000 ,-0.220000 ,1837.000000 ,1.000000
750.700000 ,-0.650000 ,1838.000000 ,1.000000
751.400000 ,-0.220000 ,1839.000000 ,1.000000
751.400000 ,-0.560000 ,1840.000000 ,1.000000
752.100000 ,-0.220000 ,1841.000000 ,1.000000
752.100000 ,-0.560000 ,1842.000000 ,1.000000
752.100000 ,111.515000 ,1843.000000 ,0.000000
752.800000 ,-0.220000 ,1844.000000 ,1.000000
752.800000 ,-0.390000 ,1845.000000 ,1.000000
753.500000 ,-0.220000 ,1846.000000 ,1.000000
754.200000 ,-0.220000 ,1847.000000 ,1.000000
754.200000 ,-0.600000 ,1848.000000 ,1.000000
754.900000 ,-0.220000 ,1849.000000 ,1.000000
754.900000 ,-0.570000 ,1850.000000 ,1.000000
755.600000 ,-0.220000 ,1851.000000 ,1.000000
755.600000 ,-0.410000 ,1852.000000 ,1.000000
756.300000 ,-0.220000 ,1853.000000 ,1.000000
756.300000 ,-0.740000 ,1854.000000 ,1.000000
757.000000 ,-0.220000 ,1855.000000 ,1.000000
757.000000 ,-0.710000 ,1856.000000 ,1.000000
757.700000 ,-0.220000 ,1857.000000 ,1.000000
757.700000 ,-0.560000 ,1858.000000 ,1.000000
758.400000 ,-0.270000 ,1859.000000 ,1.000000
758.400000 ,-0.500000 ,1860.000000 ,1.000000
759.100000 ,-0.280000 ,1861.000000 ,1.000000
759.800000 ,-0.280000 ,1862.000000 ,1.000000
759.800000 ,-0.630000 ,1863.000000 ,1.000000
760.500000 ,-0.230000 ,1864.000000 ,1.000000
760.500000 ,-0.480000 ,1865.000000 ,1.000000
761.200000 ,-0.230000 ,1866.000000 ,1.000000
761.200000 ,-0.600000 ,1867.000000 ,1.000000
761.900000 ,-0.230000 ,1868.000000 ,1.000000
761.900000 ,-0.660000 ,1869.000000 ,1.000000
762.600000 ,-0.230000 ,1870.000000 ,1.000000
763.300000 ,-0.230000 ,1871.000000 ,1.000000
763.300000 ,-0.480000 ,1872.000000 ,1.000000
764.000000 ,-0.230000 ,1873.000000 ,1.000000
764.000000 ,-0.480000 ,1874.000000 ,1.000000
764.700000 ,-0.230000 ,1875.000000 ,1.000000
765.400000 ,-0.230000 ,1876.000000 ,1.000000
765.400000 ,-0.420000 ,1877.000000 ,1.000000
766.100000 ,-0.230000 ,1878.000000 ,1.000000
766.100000 ,-0.420000 ,1879.000000 ,1.000000
766.800000 ,-0.230000 ,1880.000000 ,1.000000
766.800000 ,-0.660000 ,1881.000000 ,1.000000
767.500000 ,-0.230000 ,1882.000000 ,1.000000
767.500000 ,-0.420000 ,1883.000000 ,1.000000
768.200000 ,-0.230000 ,1884.000000 ,1.000000
768.200000 ,-0.480000 ,1885.000000 ,1.000000
768.900000 ,-0.230000 ,1886.000000 ,1.000000
768.900000 ,-0.480000 ,1887.000000 ,1.000000
769.600000 ,-0.230000 ,1888.000000 ,1.000000
769.600000 ,-0.630000 ,1889.000000 ,1.000000
770.300000 ,-0.230000 ,1890.000000 ,1.000000
770.300000 ,-0.480000 ,1891.000000 ,1.000000
771.000000 ,-0.230000 ,1892.000000 ,1.000000
771.000000 ,-0.600000 ,1893.000000 ,1.000000
771.700000 ,-0.230000 ,1894.000000 ,1.000000
771.700000 ,-0.420000 ,1895.000000 ,1.000000
772.400000 ,-0.230000 ,1896.000000 ,1.000000
772.400000 ,-0.420000 ,1897.000000 ,1.000000
773.100000 ,-0.230000 ,1898.000000 ,1.000000
773.100000 ,-0.480000 ,1899.000000 ,1.000000
773.800000 ,-0.270000 ,1900.000000 ,1.000000
773.800000 ,-0.540000 ,1901.000000 ,1.000000
774.500000 ,-0.290000 ,1902.000000 ,1.000000
774.500000 ,-0.480000 ,1903.000000 ,1.000000
775.200000 ,-0.290000 ,1904.000000 ,1.000000
775.900000 ,-0.290000 ,1905.000000 ,1.000000
775.900000 ,-0.570000 ,1906.000000 ,1.000000
776.600000 ,-0.290000 ,1907.000000 ,1.000000
776.600000 ,-0.480000 ,1908.000000 ,1.000000
777.300000 ,-0.290000 ,1909.000000 ,1.000000
777.300000 ,-0.540000 ,1910.000000 ,1.000000
778.000000 ,-0.290000 ,1911.000000 ,1.000000
778.700000 ,-0.290000 ,1912.000000 ,1.000000
778.700000 ,-0.540000 ,1913.000000 ,1.000000
779.400000 ,-0.290000 ,1914.000000 ,1.000000
779.400000 ,-0.510000 ,1915.000000 ,1.000000
780.100000 ,-0.290000 ,1916.000000 ,1.000000
780.100000 ,-0.420000 ,1917.000000 ,1.000000
780.800000 ,-0.280000 ,1918.000000 ,1.000000
781.500000 ,-0.280000 ,1919.000000 ,1.000000
781.500000 ,-0.550000 ,1920.000000 ,1.000000
782.200000 ,-0.280000 ,1921.000000 ,1.000000
782.200000 ,-0.630000 ,1922.000000 ,1.000000
782.900000 ,-0.280000 ,1923.000000 ,1.000000
782.900000 ,-0.510000 ,1924.000000 ,1.000000
783.600000 ,-0.280000 ,1925.000000 ,1.000000
783.600000 ,-0.570000 ,1926.000000 ,1.000000
784.300000 ,-0.280000 ,1927.000000 ,1.000000
784.300000 ,-0.550000 ,1928.000000 ,1.000000
785.000000 ,-0.280000 ,1929.000000 ,1.000000
785.000000 ,-0.610000 ,1930.000000 ,1.000000
785.700000 ,-0.280000 ,1931.000000 ,1.000000
785.700000 ,-0.490000 ,1932.000000 ,1.000000
786.400000 ,-0.280000 ,1933.000000 ,1.000000
787.100000 ,-0.280000 ,1934.000000 ,1.000000
787.100000 ,-0.580000 ,1935.000000 ,1.000000
787.800000 ,-0.280000 ,1936.000000 ,1.000000
788.500000 ,-0.280000 ,1937.000000 ,1.000000
788.500000 ,-0.490000 ,1938.000000 ,1.000000
789.200000 ,-0.280000 ,1939.000000 ,1.000000
789.200000 ,-0.400000 ,1940.000000 ,1.000000
789.900000 ,-0.170000 ,1941.000000 ,1.000000
789.900000 ,-0.460000 ,1942.000000 ,1.000000
790.600000 ,-0.170000 ,1943.000000 ,1.000000
790.600000 ,-0.550000 ,1944.000000 ,1.000000
791.300000 ,-0.170000 ,1945.000000 ,1.000000
791.300000 ,-0.430000 ,1946.000000 ,1.000000
792.000000 ,-0.170000 ,1947.000000 ,1.000000
792.000000 ,-0.490000 ,1948.000000 ,1.000000
792.700000 ,-0.170000 ,1949.000000 ,1.000000
792.700000 ,-0.400000 ,1950.000000 ,1.000000
793.400000 ,-0.170000 ,1951.000000 ,1.000000
793.400000 ,-0.580000 ,1952.000000 ,1.000000
794.100000 ,-0.170000 ,1953.000000 ,1.000000
794.800000 ,-0.170000 ,1954.000000 ,1.000000
794.800000 ,-0.400000 ,1955.000000 ,1.000000
795.500000 ,-0.170000 ,1956.000000 ,1.000000
795.500000 ,-0.590000 ,1957.000000 ,1.000000
796.200000 ,-0.170000 ,1958.000000 ,1.000000
796.200000 ,-0.500000 ,1959.000000 ,1.000000
796.900000 ,-0.170000 ,1960.000000 ,1.000000
796.900000 ,-0.610000 ,1961.000000 ,1.000000
797.600000 ,-0.170000 ,1962.000000 ,1.000000
798.300000 ,-0.170000 ,1963.000000 ,1.000000
798.300000 ,-0.550000 ,1964.000000 ,1.000000
799.000000 ,-0.170000 ,1965.000000 ,1.000000
799.000000 ,-0.520000 ,1966.000000 ,1.000000
799.700000 ,-0.170000 ,1967.000000 ,1.000000
799.700000 ,-0.490000 ,1968.000000 ,1.000000
800.400000 ,-0.170000 ,1969.000000 ,1.000000
800.400000 ,-0.550000 ,1970.000000 ,1.000000
801.100000 ,-0.170000 ,1971.000000 ,1.000000
801.100000 ,-0.460000 ,1972.000000 ,1.000000
801.800000 ,-0.170000 ,1973.000000 ,1.000000
801.800000 ,-0.400000 ,1974.000000 ,1.000000
802.500000 ,-0.170000 ,1975.000000 ,1.000000
802.500000 ,-0.430000 ,1976.000000 ,1.000000
803.200000 ,-0.170000 ,1977.000000 ,1.000000
803.200000 ,-0.430000 ,1978.000000 ,1.000000
803.900000 ,-0.170000 ,1979.000000 ,1.000000
803.900000 ,-0.490000 ,1980.000000 ,1.000000
804.600000 ,-0.170000 ,1981.000000 ,1.000000
805.300000 ,-0.170000 ,1982.000000 ,1.000000
805.300000 ,-0.550000 ,1983.000000 ,1.000000
806.000000 ,-0.170000 ,1984.000000 ,1.000000
806.000000 ,-0.400000 ,1985.000000 ,1.000000
806.700000 ,-0.140000 ,1986.000000 ,1.000000
806.700000 ,-0.510000 ,1987.000000 ,1.000000
807.400000 ,-0.140000 ,1988.000000 ,1.000000
807.400000 ,-0.480000 ,1989.000000 ,1.000000
807.400000 ,95.855000 ,1990.000000 ,0.000000
808.100000 ,-0.140000 ,1991.000000 ,1.000000
808.100000 ,-0.420000 ,1992.000000 ,1.000000
808.800000 ,-0.140000 ,1993.000000 ,1.000000
808.800000 ,-0.510000 ,1994.000000 ,1.000000
809.500000 ,-0.140000 ,1995.000000 ,1.000000
809.500000 ,-0.480000 ,1996.000000 ,1.000000
810.200000 ,-0.140000 ,1997.000000 ,1.000000
810.200000 ,-0.390000 ,1998.000000 ,1.000000
810.900000 ,-0.140000 ,1999.000000 ,1.000000
810.900000 ,-0.630000 ,2000.000000 ,1.000000
810.900000 ,162.215000 ,2001.000000 ,0.000000
811.600000 ,-0.140000 ,2002.000000 ,1.000000
812.300000 ,-0.140000 ,2003.000000 ,1.000000
812.300000 ,-0.540000 ,2004.000000 ,1.000000
813.000000 ,-0.140000 ,2005.000000 ,1.000000
813.000000 ,-0.540000 ,2006.000000 ,1.000000
813.700000 ,-0.130000 ,2007.000000 ,1.000000
814.400000 ,-0.130000 ,2008.000000 ,1.000000
814.400000 ,-0.600000 ,2009.000000 ,1.000000
814.400000 ,228.515000 ,2010.000000 ,0.000000
815.100000 ,-0.130000 ,2011.000000 ,1.000000
815.100000 ,-0.420000 ,2012.000000 ,1.000000
815.800000 ,-0.130000 ,2013.000000 ,1.000000
815.800000 ,-0.330000 ,2014.000000 ,1.000000
816.500000 ,-0.130000 ,2015.000000 ,1.000000
816.500000 ,-0.480000 ,2016.000000 ,1.000000
817.200000 ,-0.130000 ,2017.000000 ,1.000000
817.900000 ,-0.130000 ,2018.000000 ,1.000000
817.900000 ,-0.550000 ,2019.000000 ,1.000000
818.600000 ,-0.130000 ,2020.000000 ,1.000000
818.600000 ,-0.580000 ,2021.000000 ,1.000000
819.300000 ,-0.130000 ,2022.000000 ,1.000000
819.300000 ,-0.390000 ,2023.000000 ,1.000000
820.000000 ,-0.130000 ,2024.000000 ,1.000000
820.700000 ,-0.130000 ,2025.000000 ,1.000000
820.700000 ,-0.540000 ,2026.000000 ,1.000000
821.400000 ,-0.130000 ,2027.000000 ,1.000000
821.400000 ,-0.480000 ,2028.000000 ,1.000000
822.100000 ,-0.130000 ,2029.000000 ,1.000000
822.100000 ,-0.480000 ,2030.000000 ,1.000000
822.800000 ,-0.130000 ,2031.000000 ,1.000000
822.800000 ,-0.260000 ,2032.000000 ,1.000000
823.500000 ,-0.130000 ,2033.000000 ,1.000000
824.200000 ,-0.130000 ,2034.000000 ,1.000000
824.200000 ,-0.560000 ,2035.000000 ,1.000000
824.900000 ,-0.130000 ,2036.000000 ,1.000000
824.900000 ,-0.410000 ,2037.000000 ,1.000000
824.900000 ,120.695000 ,2038.000000 ,0.000000
825.600000 ,-0.130000 ,2039.000000 ,1.000000
825.600000 ,-0.590000 ,2040.000000 ,1.000000
826.300000 ,-0.130000 ,2041.000000 ,1.000000
826.300000 ,-0.440000 ,2042.000000 ,1.000000
827.000000 ,-0.130000 ,2043.000000 ,1.000000
827.000000 ,-0.600000 ,2044.000000 ,1.000000
827.700000 ,-0.130000 ,2045.000000 ,1.000000
827.700000 ,-0.420000 ,2046.000000 ,1.000000
828.400000 ,-0.170000 ,2047.000000 ,1.000000
828.400000 ,-0.420000 ,2048.000000 ,1.000000
829.100000 ,-0.170000 ,2049.000000 ,1.000000
829.100000 ,-0.200000 ,2050.000000 ,1.000000
829.100000 ,119.315000 ,2051.000000 ,0.000000
829.800000 ,-0.170000 ,2052.000000 ,1.000000
829.800000 ,-0.390000 ,2053.000000 ,1.000000
830.500000 ,-0.170000 ,2054.000000 ,1.000000
830.500000 ,-0.390000 ,2055.000000 ,1.000000
831.200000 ,-0.170000 ,2056.000000 ,1.000000
831.900000 ,-0.170000 ,2057.000000 ,1.000000
831.900000 ,-0.560000 ,2058.000000 ,1.000000
832.600000 ,-0.170000 ,2059.000000 ,1.000000
832.600000 ,-0.500000 ,2060.000000 ,1.000000
833.300000 ,-0.170000 ,2061.000000 ,1.000000
833.300000 ,-0.500000 ,2062.000000 ,1.000000
834.000000 ,-0.170000 ,2063.000000 ,1.000000
834.000000 ,-0.340000 ,2064.000000 ,1.000000
834.700000 ,-0.170000 ,2065.000000 ,1.000000
834.700000 ,-0.520000 ,2066.000000 ,1.000000
834.700000 ,164.435000 ,2067.000000 ,0.000000
835.400000 ,-0.170000 ,2068.000000 ,1.000000
835.400000 ,-0.340000 ,2069.000000 ,1.000000
836.100000 ,-0.170000 ,2070.000000 ,1.000000
836.100000 ,-0.490000 ,2071.000000 ,1.000000
836.800000 ,-0.170000 ,2072.000000 ,1.000000
836.800000 ,-0.400000 ,2073.000000 ,1.000000
837.500000 ,-0.170000 ,2074.000000 ,1.000000
838.200000 ,-0.170000 ,2075.000000 ,1.000000
838.200000 ,-0.400000 ,2076.000000 ,1.000000
838.900000 ,-0.170000 ,2077.000000 ,1.000000
838.900000 ,-0.550000 ,2078.000000 ,1.000000
839.600000 ,-0.170000 ,2079.000000 ,1.000000
839.600000 ,-0.430000 ,2080.000000 ,1.000000
840.300000 ,-0.170000 ,2081.000000 ,1.000000
840.300000 ,-0.430000 ,2082.000000 ,1.000000
841.000000 ,-0.170000 ,2083.000000 ,1.000000
841.700000 ,-0.170000 ,2084.000000 ,1.000000
841.700000 ,-0.580000 ,2085.000000 ,1.000000
842.400000 ,-0.170000 ,2086.000000 ,1.000000
843.100000 ,-0.170000 ,2087.000000 ,1.000000
843.100000 ,-0.280000 ,2088.000000 ,1.000000
843.800000 ,-0.250000 ,2089.000000 ,1.000000
843.800000 ,-0.490000 ,2090.000000 ,1.000000
844.500000 ,-0.250000 ,2091.000000 ,1.000000
845.200000 ,-0.250000 ,2092.000000 ,1.000000
845.200000 ,-0.520000 ,2093.000000 ,1.000000
845.900000 ,-0.250000 ,2094.000000 ,1.000000
845.900000 ,-0.400000 ,2095.000000 ,1.000000
846.600000 ,-0.250000 ,2096.000000 ,1.000000
846.600000 ,-0.580000 ,2097.000000 ,1.000000
847.300000 ,-0.250000 ,2098.000000 ,1.000000
848.000000 ,-0.260000 ,2099.000000 ,1.000000
848.700000 ,-0.260000 ,2100.000000 ,1.000000
848.700000 ,-0.510000 ,2101.000000 ,1.000000
849.400000 ,-0.260000 ,2102.000000 ,1.000000
849.400000 ,-0.570000 ,2103.000000 ,1.000000
850.100000 ,-0.290000 ,2104.000000 ,1.000000
850.100000 ,-0.390000 ,2105.000000 ,1.000000
850.800000 ,-0.290000 ,2106.000000 ,1.000000
850.800000 ,-0.540000 ,2107.000000 ,1.000000
851.500000 ,-0.290000 ,2108.000000 ,1.000000
851.500000 ,-0.560000 ,2109.000000 ,1.000000
852.200000 ,-0.290000 ,2110.000000 ,1.000000
852.200000 ,-0.620000 ,2111.000000 ,1.000000
852.200000 ,195.515000 ,2112.000000 ,0.000000
852.900000 ,-0.290000 ,2113.000000 ,1.000000
852.900000 ,-0.620000 ,2114.000000 ,1.000000
853.600000 ,-0.290000 ,2115.000000 ,1.000000
853.600000 ,-0.500000 ,2116.000000 ,1.000000
854.300000 ,-0.290000 ,2117.000000 ,1.000000
855.000000 ,-0.290000 ,2118.000000 ,1.000000
855.700000 ,-0.290000 ,2119.000000 ,1.000000
855.700000 ,-0.430000 ,2120.000000 ,1.000000
856.400000 ,-0.290000 ,2121.000000 ,1.000000
856.400000 ,-0.490000 ,2122.000000 ,1.000000
857.100000 ,-0.230000 ,2123.000000 ,1.000000
857.100000 ,-0.610000 ,2124.000000 ,1.000000
857.800000 ,-0.230000 ,2125.000000 ,1.000000
857.800000 ,-0.550000 ,2126.000000 ,1.000000
858.500000 ,-0.230000 ,2127.000000 ,1.000000
858.500000 ,-0.550000 ,2128.000000 ,1.000000
859.200000 ,-0.230000 ,2129.000000 ,1.000000
859.200000 ,189.995000 ,2130.000000 ,0.000000
859.900000 ,-0.230000 ,2131.000000 ,1.000000
859.900000 ,-0.400000 ,2132.000000 ,1.000000
860.600000 ,-0.230000 ,2133.000000 ,1.000000
860.600000 ,-0.430000 ,2134.000000 ,1.000000
861.300000 ,-0.230000 ,2135.000000 ,1.000000
861.300000 ,-0.550000 ,2136.000000 ,1.000000
862.000000 ,-0.230000 ,2137.000000 ,1.000000
862.000000 ,-0.430000 ,2138.000000 ,1.000000
862.700000 ,-0.230000 ,2139.000000 ,1.000000
862.700000 ,-0.490000 ,2140.000000 ,1.000000
863.400000 ,-0.230000 ,2141.000000 ,1.000000
864.100000 ,-0.230000 ,2142.000000 ,1.000000
864.100000 ,-0.490000 ,2143.000000 ,1.000000
864.800000 ,-0.230000 ,2144.000000 ,1.000000
865.500000 ,-0.230000 ,2145.000000 ,1.000000
866.200000 ,-0.230000 ,2146.000000 ,1.000000
866.200000 ,-0.640000 ,2147.000000 ,1.000000
866.900000 ,-0.230000 ,2148.000000 ,1.000000
867.600000 ,-0.230000 ,2149.000000 ,1.000000
867.600000 ,-0.490000 ,2150.000000 ,1.000000
868.300000 ,-0.230000 ,2151.000000 ,1.000000
868.300000 ,-0.500000 ,2152.000000 ,1.000000
869.000000 ,-0.230000 ,2153.000000 ,1.000000
869.000000 ,-0.650000 ,2154.000000 ,1.000000
869.700000 ,-0.230000 ,2155.000000 ,1.000000
869.700000 ,-0.590000 ,2156.000000 ,1.000000
870.400000 ,-0.230000 ,2157.000000 ,1.000000
870.400000 ,-0.380000 ,2158.000000 ,1.000000
871.100000 ,-0.230000 ,2159.000000 ,1.000000
871.100000 ,-0.620000 ,2160.000000 ,1.000000
871.800000 ,-0.230000 ,2161.000000 ,1.000000
872.500000 ,-0.230000 ,2162.000000 ,1.000000
873.200000 ,-0.230000 ,2163.000000 ,1.000000
873.900000 ,-0.390000 ,2164.000000 ,1.000000
874.600000 ,-0.400000 ,2165.000000 ,1.000000
875.300000 ,-0.400000 ,2166.000000 ,1.000000
875.300000 ,255.755000 ,2167.000000 ,0.000000
876.000000 ,-0.500000 ,2168.000000 ,1.000000
876.000000 ,250.835000 ,2169.000000 ,0.000000
876.700000 ,-0.400000 ,2170.000000 ,1.000000
877.400000 ,-0.400000 ,2171.000000 ,1.000000
