13.500000 ,3621290.320500 ,1.000000 ,1.000000
16.300000 ,3621289.994000 ,2.000000 ,1.000000
17.700000 ,3621290.184000 ,3.000000 ,1.000000
19.100000 ,3621289.994000 ,4.000000 ,1.000000
20.500000 ,3621290.047500 ,5.000000 ,1.000000
23.300000 ,3621290.047500 ,6.000000 ,1.000000
24.700000 ,3621290.020750 ,7.000000 ,1.000000
27.500000 ,3621289.726500 ,8.000000 ,1.000000
33.100000 ,3621289.913750 ,9.000000 ,1.000000
38.700000 ,3621289.833500 ,10.000000 ,1.000000
40.100000 ,3621289.833500 ,11.000000 ,1.000000
40.100000 ,3621367.661625 ,12.000000 ,0.000000
45.700000 ,3621289.753250 ,13.000000 ,1.000000
47.100000 ,3621289.456107 ,14.000000 ,1.000000
48.500000 ,3621288.909536 ,15.000000 ,1.000000
49.900000 ,3621288.909536 ,16.000000 ,1.000000
54.100000 ,3621288.909536 ,17.000000 ,1.000000
55.500000 ,3621342.941625 ,18.000000 ,0.000000
55.500000 ,3621407.561625 ,19.000000 ,0.000000
58.300000 ,3621289.319464 ,20.000000 ,1.000000
59.700000 ,3621289.182821 ,21.000000 ,1.000000
59.700000 ,3621288.650063 ,22.000000 ,1.000000
61.100000 ,3621288.909536 ,23.000000 ,1.000000
62.500000 ,3621288.227750 ,24.000000 ,1.000000
63.900000 ,3621288.227750 ,25.000000 ,1.000000
68.100000 ,3621288.772893 ,26.000000 ,1.000000
69.500000 ,3621282.641625 ,27.000000 ,0.000000
75.100000 ,3621288.750375 ,28.000000 ,1.000000
75.100000 ,3621286.860125 ,29.000000 ,1.000000
76.500000 ,3621288.997042 ,30.000000 ,1.000000
77.900000 ,3621288.227750 ,31.000000 ,1.000000
83.500000 ,3621288.706042 ,32.000000 ,1.000000
84.900000 ,3621288.400750 ,33.000000 ,1.000000
86.300000 ,3621289.281625 ,34.000000 ,1.000000
89.100000 ,3621289.662625 ,35.000000 ,1.000000
89.100000 ,3621288.410250 ,36.000000 ,1.000000
97.500000 ,3621289.281625 ,37.000000 ,1.000000
100.300000 ,3621287.550750 ,38.000000 ,1.000000
101.700000 ,3621289.281625 ,39.000000 ,1.000000
111.500000 ,3621288.410250 ,40.000000 ,1.000000
119.900000 ,3621222.101625 ,41.000000 ,0.000000
121.300000 ,3621288.889750 ,42.000000 ,1.000000
122.700000 ,3621339.341625 ,43.000000 ,0.000000
122.700000 ,3621378.821625 ,44.000000 ,0.000000
125.500000 ,3621286.928250 ,45.000000 ,1.000000
126.900000 ,3621288.489083 ,46.000000 ,1.000000
128.300000 ,3621288.412417 ,47.000000 ,1.000000
129.700000 ,3621288.798500 ,48.000000 ,1.000000
129.700000 ,3621288.412417 ,49.000000 ,1.000000
129.700000 ,3621302.141625 ,50.000000 ,0.000000
138.100000 ,3621206.921625 ,51.000000 ,0.000000
138.100000 ,3621288.798500 ,52.000000 ,1.000000
138.100000 ,3621288.218750 ,53.000000 ,1.000000
139.500000 ,3621254.681625 ,54.000000 ,0.000000
142.300000 ,3621287.240250 ,55.000000 ,1.000000
143.700000 ,3621284.378250 ,56.000000 ,1.000000
146.500000 ,3621288.523375 ,57.000000 ,1.000000
146.500000 ,3621287.240250 ,58.000000 ,1.000000
147.900000 ,3621286.928250 ,59.000000 ,1.000000
150.700000 ,3621288.412417 ,60.000000 ,1.000000
153.500000 ,3621288.523375 ,61.000000 ,1.000000
159.100000 ,3621288.523375 ,62.000000 ,1.000000
163.300000 ,3621284.500750 ,63.000000 ,1.000000
170.300000 ,3621284.537500 ,64.000000 ,1.000000
171.700000 ,3621284.549750 ,65.000000 ,1.000000
175.900000 ,3621284.574250 ,66.000000 ,1.000000
181.500000 ,3621284.611000 ,67.000000 ,1.000000
189.900000 ,3621284.660000 ,68.000000 ,1.000000
194.100000 ,3621284.684500 ,69.000000 ,1.000000
195.500000 ,3621284.696750 ,70.000000 ,1.000000
201.100000 ,3621284.721250 ,71.000000 ,1.000000
201.100000 ,3621253.961625 ,72.000000 ,0.000000
202.500000 ,3621284.733500 ,73.000000 ,1.000000
206.700000 ,3621284.745750 ,74.000000 ,1.000000
210.900000 ,3621284.845000 ,75.000000 ,1.000000
210.900000 ,3621353.621625 ,76.000000 ,0.000000
215.100000 ,3621284.845000 ,77.000000 ,1.000000
217.900000 ,3621284.845000 ,78.000000 ,1.000000
219.300000 ,3621284.845000 ,79.000000 ,1.000000
220.700000 ,3621201.581625 ,80.000000 ,0.000000
223.500000 ,3621284.849750 ,81.000000 ,1.000000
230.500000 ,3621285.397500 ,82.000000 ,1.000000
250.100000 ,3621284.849750 ,83.000000 ,1.000000
254.300000 ,3621286.777650 ,84.000000 ,1.000000
257.100000 ,3621286.865350 ,85.000000 ,1.000000
258.500000 ,3621286.777650 ,86.000000 ,1.000000
259.900000 ,3621286.953050 ,87.000000 ,1.000000
262.700000 ,3621286.427750 ,88.000000 ,1.000000
268.300000 ,3621286.602250 ,89.000000 ,1.000000
269.700000 ,3621287.293679 ,90.000000 ,1.000000
269.700000 ,3621343.961625 ,91.000000 ,0.000000
271.100000 ,3621286.427750 ,92.000000 ,1.000000
272.500000 ,3621287.095550 ,93.000000 ,1.000000
272.500000 ,3621286.514550 ,94.000000 ,1.000000
273.900000 ,3621286.820500 ,95.000000 ,1.000000
282.300000 ,3621286.427750 ,96.000000 ,1.000000
283.700000 ,3621163.961625 ,97.000000 ,0.000000
283.700000 ,3621322.781625 ,98.000000 ,0.000000
286.500000 ,3621286.984100 ,99.000000 ,1.000000
287.900000 ,3621286.810750 ,100.000000 ,1.000000
292.100000 ,3621287.228250 ,101.000000 ,1.000000
293.500000 ,3621286.843250 ,102.000000 ,1.000000
297.700000 ,3621287.228250 ,103.000000 ,1.000000
299.100000 ,3621286.090750 ,104.000000 ,1.000000
303.300000 ,3621286.984100 ,105.000000 ,1.000000
304.700000 ,3621285.512500 ,106.000000 ,1.000000
306.100000 ,3621320.801625 ,107.000000 ,0.000000
311.700000 ,3621329.501625 ,108.000000 ,0.000000
313.100000 ,3621285.579167 ,109.000000 ,1.000000
314.500000 ,3621286.090750 ,110.000000 ,1.000000
314.500000 ,3621245.381625 ,111.000000 ,0.000000
315.900000 ,3621285.908125 ,112.000000 ,1.000000
315.900000 ,3621285.403021 ,113.000000 ,1.000000
320.100000 ,3621285.579167 ,114.000000 ,1.000000
324.300000 ,3621285.579167 ,115.000000 ,1.000000
328.500000 ,3621286.015250 ,116.000000 ,1.000000
332.700000 ,3621285.403021 ,117.000000 ,1.000000
334.100000 ,3621285.175500 ,118.000000 ,1.000000
334.100000 ,3621394.901625 ,119.000000 ,0.000000
346.700000 ,3621285.116750 ,120.000000 ,1.000000
353.700000 ,3621285.116750 ,121.000000 ,1.000000
356.500000 ,3621285.074500 ,122.000000 ,1.000000
356.500000 ,3621277.841625 ,123.000000 ,0.000000
357.900000 ,3621284.492583 ,124.000000 ,1.000000
357.900000 ,3621283.357125 ,125.000000 ,1.000000
359.300000 ,3621285.074500 ,126.000000 ,1.000000
360.700000 ,3621285.074500 ,127.000000 ,1.000000
362.100000 ,3621285.074500 ,128.000000 ,1.000000
362.100000 ,3621283.357125 ,129.000000 ,1.000000
363.500000 ,3621284.976250 ,130.000000 ,1.000000
363.500000 ,3621264.041625 ,131.000000 ,0.000000
364.900000 ,3621282.258000 ,132.000000 ,1.000000
367.700000 ,3621284.774750 ,133.000000 ,1.000000
369.100000 ,3621283.357125 ,134.000000 ,1.000000
373.300000 ,3621172.601625 ,135.000000 ,0.000000
376.100000 ,3621284.931000 ,136.000000 ,1.000000
377.500000 ,3621284.456250 ,137.000000 ,1.000000
380.300000 ,3621283.903000 ,138.000000 ,1.000000
381.700000 ,3621282.258000 ,139.000000 ,1.000000
387.300000 ,3621284.492583 ,140.000000 ,1.000000
391.500000 ,3621284.382750 ,141.000000 ,1.000000
397.100000 ,3621215.201625 ,142.000000 ,0.000000
397.100000 ,3621284.302750 ,143.000000 ,1.000000
402.700000 ,3621284.382750 ,144.000000 ,1.000000
404.100000 ,3621283.927750 ,145.000000 ,1.000000
409.700000 ,3621152.381625 ,146.000000 ,0.000000
413.900000 ,3621284.382750 ,147.000000 ,1.000000
423.700000 ,3621283.918000 ,148.000000 ,1.000000
426.500000 ,3621284.130750 ,149.000000 ,1.000000
430.700000 ,3621283.763750 ,150.000000 ,1.000000
439.100000 ,3621283.609500 ,151.000000 ,1.000000
440.500000 ,3621283.066375 ,152.000000 ,1.000000
441.900000 ,3621282.009750 ,153.000000 ,1.000000
443.300000 ,3621282.009750 ,154.000000 ,1.000000
446.100000 ,3621282.881500 ,155.000000 ,1.000000
448.900000 ,3621282.198075 ,156.000000 ,1.000000
457.300000 ,3621282.582125 ,157.000000 ,1.000000
464.300000 ,3621393.761625 ,158.000000 ,0.000000
471.300000 ,3621282.305787 ,159.000000 ,1.000000
474.100000 ,3621275.141625 ,160.000000 ,0.000000
475.500000 ,3621282.497700 ,161.000000 ,1.000000
476.900000 ,3621112.181625 ,162.000000 ,0.000000
476.900000 ,3621282.582125 ,163.000000 ,1.000000
479.700000 ,3621282.723750 ,164.000000 ,1.000000
482.500000 ,3621281.477000 ,165.000000 ,1.000000
483.900000 ,3621281.058167 ,166.000000 ,1.000000
490.900000 ,3621281.549167 ,167.000000 ,1.000000
500.700000 ,3621281.740250 ,168.000000 ,1.000000
507.700000 ,3621281.549167 ,169.000000 ,1.000000
510.500000 ,3621281.174393 ,170.000000 ,1.000000
511.900000 ,3621281.325125 ,171.000000 ,1.000000
514.700000 ,3621280.983083 ,172.000000 ,1.000000
516.100000 ,3621281.174393 ,173.000000 ,1.000000
520.300000 ,3621280.983083 ,174.000000 ,1.000000
523.100000 ,3621281.380000 ,175.000000 ,1.000000
523.100000 ,3621246.041625 ,176.000000 ,0.000000
527.300000 ,3621279.513750 ,177.000000 ,1.000000
530.100000 ,3621280.983083 ,178.000000 ,1.000000
531.500000 ,3621279.225813 ,179.000000 ,1.000000
534.300000 ,3621136.181625 ,180.000000 ,0.000000
534.300000 ,3621277.210250 ,181.000000 ,1.000000
538.500000 ,3621279.513750 ,182.000000 ,1.000000
548.300000 ,3621275.482625 ,183.000000 ,1.000000
549.700000 ,3621274.906750 ,184.000000 ,1.000000
552.500000 ,3621277.786125 ,185.000000 ,1.000000
552.500000 ,3621275.482625 ,186.000000 ,1.000000
556.700000 ,3621274.042937 ,187.000000 ,1.000000
559.500000 ,3621198.701625 ,188.000000 ,0.000000
566.500000 ,3621274.618813 ,189.000000 ,1.000000
567.900000 ,3621200.921625 ,190.000000 ,0.000000
569.300000 ,3621272.315313 ,191.000000 ,1.000000
574.900000 ,3621273.179125 ,192.000000 ,1.000000
576.300000 ,3621272.891188 ,193.000000 ,1.000000
577.700000 ,3621275.482625 ,194.000000 ,1.000000
577.700000 ,3621272.027375 ,195.000000 ,1.000000
579.100000 ,3621272.603250 ,196.000000 ,1.000000
584.700000 ,3621273.467063 ,197.000000 ,1.000000
593.100000 ,3621271.163563 ,198.000000 ,1.000000
598.700000 ,3621271.163563 ,199.000000 ,1.000000
602.900000 ,3621274.305273 ,200.000000 ,1.000000
604.300000 ,3621274.305273 ,201.000000 ,1.000000
609.900000 ,3621270.011812 ,202.000000 ,1.000000
614.100000 ,3621279.637500 ,203.000000 ,1.000000
615.500000 ,3621276.883909 ,204.000000 ,1.000000
618.300000 ,3621276.883909 ,205.000000 ,1.000000
619.700000 ,3621276.883909 ,206.000000 ,1.000000
621.100000 ,3621279.342700 ,207.000000 ,1.000000
623.900000 ,3621271.726636 ,208.000000 ,1.000000
628.100000 ,3621276.883909 ,209.000000 ,1.000000
629.500000 ,3621279.637500 ,210.000000 ,1.000000
629.500000 ,3621275.164818 ,211.000000 ,1.000000
633.700000 ,3621279.047900 ,212.000000 ,1.000000
633.700000 ,3621311.141625 ,213.000000 ,0.000000
635.100000 ,3621277.743455 ,214.000000 ,1.000000
636.500000 ,3621278.310900 ,215.000000 ,1.000000
637.900000 ,3621278.458300 ,216.000000 ,1.000000
639.300000 ,3621279.490100 ,217.000000 ,1.000000
642.100000 ,3621278.605700 ,218.000000 ,1.000000
643.500000 ,3621279.490100 ,219.000000 ,1.000000
643.500000 ,3621278.163500 ,220.000000 ,1.000000
647.700000 ,3621201.701625 ,221.000000 ,0.000000
647.700000 ,3621278.316000 ,222.000000 ,1.000000
649.100000 ,3621279.342700 ,223.000000 ,1.000000
649.100000 ,3621278.163500 ,224.000000 ,1.000000
651.900000 ,3621279.195300 ,225.000000 ,1.000000
651.900000 ,3621278.753100 ,226.000000 ,1.000000
653.300000 ,3621278.900500 ,227.000000 ,1.000000
654.700000 ,3621278.316000 ,228.000000 ,1.000000
656.100000 ,3621278.571000 ,229.000000 ,1.000000
656.100000 ,3621327.401625 ,230.000000 ,0.000000
657.500000 ,3621278.316000 ,231.000000 ,1.000000
668.700000 ,3621393.221625 ,232.000000 ,0.000000
670.100000 ,3621278.716125 ,233.000000 ,1.000000
674.300000 ,3621278.716125 ,234.000000 ,1.000000
678.500000 ,3621278.716125 ,235.000000 ,1.000000
679.900000 ,3621278.716125 ,236.000000 ,1.000000
684.100000 ,3621278.716125 ,237.000000 ,1.000000
684.100000 ,3621407.681625 ,238.000000 ,0.000000
688.300000 ,3621278.541875 ,239.000000 ,1.000000
693.900000 ,3621196.961625 ,240.000000 ,0.000000
693.900000 ,3621278.271931 ,241.000000 ,1.000000
698.100000 ,3621278.725500 ,242.000000 ,1.000000
702.300000 ,3621278.375403 ,243.000000 ,1.000000
705.100000 ,3621266.725250 ,244.000000 ,1.000000
706.500000 ,3621266.725250 ,245.000000 ,1.000000
709.300000 ,3621276.527750 ,246.000000 ,1.000000
710.700000 ,3621209.381625 ,247.000000 ,0.000000
710.700000 ,3621266.725250 ,248.000000 ,1.000000
712.100000 ,3621266.725250 ,249.000000 ,1.000000
713.500000 ,3621225.401625 ,250.000000 ,0.000000
714.900000 ,3621266.725250 ,251.000000 ,1.000000
716.300000 ,3621271.865813 ,252.000000 ,1.000000
719.100000 ,3621276.016750 ,253.000000 ,1.000000
723.300000 ,3621266.725250 ,254.000000 ,1.000000
724.700000 ,3621266.725250 ,255.000000 ,1.000000
727.500000 ,3621375.881625 ,256.000000 ,0.000000
731.700000 ,3621271.865813 ,257.000000 ,1.000000
733.100000 ,3621273.865000 ,258.000000 ,1.000000
734.500000 ,3621266.921625 ,259.000000 ,0.000000
754.100000 ,3621276.885125 ,260.000000 ,1.000000
756.900000 ,3621277.607350 ,261.000000 ,1.000000
762.500000 ,3621275.811861 ,262.000000 ,1.000000
766.700000 ,3621275.472583 ,263.000000 ,1.000000
768.100000 ,3621343.421625 ,264.000000 ,0.000000
772.300000 ,3621277.039750 ,265.000000 ,1.000000
773.700000 ,3621275.472583 ,266.000000 ,1.000000
773.700000 ,3621273.410875 ,267.000000 ,1.000000
776.500000 ,3621274.794028 ,268.000000 ,1.000000
780.700000 ,3621275.133306 ,269.000000 ,1.000000
787.700000 ,3621138.701625 ,270.000000 ,0.000000
787.700000 ,3621277.039750 ,271.000000 ,1.000000
790.500000 ,3621276.846000 ,272.000000 ,1.000000
791.900000 ,3621274.323167 ,273.000000 ,1.000000
793.300000 ,3621274.622500 ,274.000000 ,1.000000
798.900000 ,3621277.039750 ,275.000000 ,1.000000
798.900000 ,3621273.477417 ,276.000000 ,1.000000
800.300000 ,3621277.039750 ,277.000000 ,1.000000
803.100000 ,3621156.761625 ,278.000000 ,0.000000
811.500000 ,3621270.388833 ,279.000000 ,1.000000
812.900000 ,3621267.300250 ,280.000000 ,1.000000
815.700000 ,3621275.219250 ,281.000000 ,1.000000
817.100000 ,3621275.892667 ,282.000000 ,1.000000
821.300000 ,3621275.892667 ,283.000000 ,1.000000
821.300000 ,3621275.381571 ,284.000000 ,1.000000
825.500000 ,3621276.100656 ,285.000000 ,1.000000
826.900000 ,3621274.640250 ,286.000000 ,1.000000
828.300000 ,3621276.193179 ,287.000000 ,1.000000
831.100000 ,3621275.892667 ,288.000000 ,1.000000
835.300000 ,3621276.355500 ,289.000000 ,1.000000
835.300000 ,3621275.175750 ,290.000000 ,1.000000
839.500000 ,3621276.193179 ,291.000000 ,1.000000
839.500000 ,3621273.680750 ,292.000000 ,1.000000
840.900000 ,3621274.710500 ,293.000000 ,1.000000
842.300000 ,3621162.281625 ,294.000000 ,0.000000
842.300000 ,3621275.175750 ,295.000000 ,1.000000
843.700000 ,3621274.710500 ,296.000000 ,1.000000
845.100000 ,3621275.676000 ,297.000000 ,1.000000
852.100000 ,3621275.175750 ,298.000000 ,1.000000
853.500000 ,3621275.175750 ,299.000000 ,1.000000
857.700000 ,3621273.680750 ,300.000000 ,1.000000
861.900000 ,3621274.710500 ,301.000000 ,1.000000
861.900000 ,3621272.064167 ,302.000000 ,1.000000
863.300000 ,3621271.749708 ,303.000000 ,1.000000
864.700000 ,3621272.064167 ,304.000000 ,1.000000
873.100000 ,3621273.646229 ,305.000000 ,1.000000
875.900000 ,3621273.646229 ,306.000000 ,1.000000
884.300000 ,3621273.646229 ,307.000000 ,1.000000
885.700000 ,3621382.481625 ,308.000000 ,0.000000
888.500000 ,3621271.875250 ,309.000000 ,1.000000
889.900000 ,3621366.161625 ,310.000000 ,0.000000
891.300000 ,3621191.021625 ,311.000000 ,0.000000
891.300000 ,3621260.049500 ,312.000000 ,1.000000
896.900000 ,3621271.875250 ,313.000000 ,1.000000
899.700000 ,3621271.875250 ,314.000000 ,1.000000
901.100000 ,3621152.321625 ,315.000000 ,0.000000
902.500000 ,3621122.981625 ,316.000000 ,0.000000
902.500000 ,3621271.104583 ,317.000000 ,1.000000
905.300000 ,3621271.875250 ,318.000000 ,1.000000
909.500000 ,3621271.401500 ,319.000000 ,1.000000
912.300000 ,3621271.951500 ,320.000000 ,1.000000
912.300000 ,3621271.104583 ,321.000000 ,1.000000
916.500000 ,3621234.521625 ,322.000000 ,0.000000
916.500000 ,3621271.951500 ,323.000000 ,1.000000
919.300000 ,3621273.122250 ,324.000000 ,1.000000
919.300000 ,3621271.373125 ,325.000000 ,1.000000
923.500000 ,3621273.122250 ,326.000000 ,1.000000
927.700000 ,3621272.001575 ,327.000000 ,1.000000
929.100000 ,3621271.007464 ,328.000000 ,1.000000
930.500000 ,3621273.443563 ,329.000000 ,1.000000
931.900000 ,3621166.541625 ,330.000000 ,0.000000
937.500000 ,3621305.141625 ,331.000000 ,0.000000
940.300000 ,3621271.803275 ,332.000000 ,1.000000
941.700000 ,3621273.105917 ,333.000000 ,1.000000
941.700000 ,3621272.351433 ,334.000000 ,1.000000
944.500000 ,3621120.041625 ,335.000000 ,0.000000
944.500000 ,3621270.494750 ,336.000000 ,1.000000
945.900000 ,3621271.803275 ,337.000000 ,1.000000
947.300000 ,3621272.351433 ,338.000000 ,1.000000
951.500000 ,3621272.351433 ,339.000000 ,1.000000
952.900000 ,3621271.454346 ,340.000000 ,1.000000
955.700000 ,3621271.803275 ,341.000000 ,1.000000
957.100000 ,3621271.454346 ,342.000000 ,1.000000
958.500000 ,3621267.855625 ,343.000000 ,1.000000
961.300000 ,3621272.152417 ,344.000000 ,1.000000
965.500000 ,3621271.328167 ,345.000000 ,1.000000
965.500000 ,3621268.181750 ,346.000000 ,1.000000
969.700000 ,3621271.328167 ,347.000000 ,1.000000
973.900000 ,3621207.041625 ,348.000000 ,0.000000
975.300000 ,3621271.248167 ,349.000000 ,1.000000
976.700000 ,3621267.855625 ,350.000000 ,1.000000
979.500000 ,3621270.124625 ,351.000000 ,1.000000
982.300000 ,3621268.181750 ,352.000000 ,1.000000
985.100000 ,3621270.335639 ,353.000000 ,1.000000
986.500000 ,3621270.566083 ,354.000000 ,1.000000
990.700000 ,3621270.145437 ,355.000000 ,1.000000
993.500000 ,3621270.566083 ,356.000000 ,1.000000
993.500000 ,3621270.145437 ,357.000000 ,1.000000
993.500000 ,3621269.299292 ,358.000000 ,1.000000
994.900000 ,3621266.389750 ,359.000000 ,1.000000
997.700000 ,3621270.566083 ,360.000000 ,1.000000
999.100000 ,3621266.389750 ,361.000000 ,1.000000
1000.500000 ,3621171.221625 ,362.000000 ,0.000000
1001.900000 ,3621265.376250 ,363.000000 ,1.000000
1003.300000 ,3621267.562000 ,364.000000 ,1.000000
1004.700000 ,3621268.323167 ,365.000000 ,1.000000
1006.100000 ,3621270.306250 ,366.000000 ,1.000000
1008.900000 ,3621267.893187 ,367.000000 ,1.000000
1010.300000 ,3621268.990750 ,368.000000 ,1.000000
1020.100000 ,3621267.795688 ,369.000000 ,1.000000
1020.100000 ,3621265.376250 ,370.000000 ,1.000000
1021.500000 ,3621268.381312 ,371.000000 ,1.000000
1022.900000 ,3621268.648000 ,372.000000 ,1.000000
1024.300000 ,3621268.990750 ,373.000000 ,1.000000
1024.300000 ,3621268.381312 ,374.000000 ,1.000000
1027.100000 ,3621268.648000 ,375.000000 ,1.000000
1028.500000 ,3621268.381312 ,376.000000 ,1.000000
1032.700000 ,3621268.211000 ,377.000000 ,1.000000
1032.700000 ,3621267.223875 ,378.000000 ,1.000000
1038.300000 ,3621267.223875 ,379.000000 ,1.000000
1043.900000 ,3621263.768250 ,380.000000 ,1.000000
1049.500000 ,3621268.616750 ,381.000000 ,1.000000
1050.900000 ,3621263.768250 ,382.000000 ,1.000000
1052.300000 ,3621267.703000 ,383.000000 ,1.000000
1052.300000 ,3621265.279625 ,384.000000 ,1.000000
1053.700000 ,3621267.964875 ,385.000000 ,1.000000
1056.500000 ,3621268.616750 ,386.000000 ,1.000000
1057.900000 ,3621267.357417 ,387.000000 ,1.000000
1059.300000 ,3621266.795000 ,388.000000 ,1.000000
1060.700000 ,3621269.026500 ,389.000000 ,1.000000
1060.700000 ,3621267.357417 ,390.000000 ,1.000000
1060.700000 ,3621333.821625 ,391.000000 ,0.000000
1062.100000 ,3621269.026500 ,392.000000 ,1.000000
1062.100000 ,3621284.741625 ,393.000000 ,0.000000
1063.500000 ,3621267.964750 ,394.000000 ,1.000000
1069.100000 ,3621268.365000 ,395.000000 ,1.000000
1071.900000 ,3621269.026500 ,396.000000 ,1.000000
1074.700000 ,3621264.742486 ,397.000000 ,1.000000
1076.100000 ,3621264.742486 ,398.000000 ,1.000000
1080.300000 ,3621264.487056 ,399.000000 ,1.000000
1084.500000 ,3621259.619500 ,400.000000 ,1.000000
1085.900000 ,3621259.619500 ,401.000000 ,1.000000
1090.100000 ,3621259.619500 ,402.000000 ,1.000000
1091.500000 ,3621113.501625 ,403.000000 ,0.000000
1091.500000 ,3621264.487056 ,404.000000 ,1.000000
1091.500000 ,3621258.846900 ,405.000000 ,1.000000
1092.900000 ,3621259.040050 ,406.000000 ,1.000000
1094.300000 ,3621259.619500 ,407.000000 ,1.000000
1099.900000 ,3621259.233200 ,408.000000 ,1.000000
1102.700000 ,3621259.233200 ,409.000000 ,1.000000
1104.100000 ,3621258.074300 ,410.000000 ,1.000000
1105.500000 ,3621257.994071 ,411.000000 ,1.000000
1108.300000 ,3621120.401625 ,412.000000 ,0.000000
1108.300000 ,3621258.017679 ,413.000000 ,1.000000
1112.500000 ,3621258.074300 ,414.000000 ,1.000000
1115.300000 ,3621258.112107 ,415.000000 ,1.000000
1116.700000 ,3621258.112107 ,416.000000 ,1.000000
1118.100000 ,3621258.041286 ,417.000000 ,1.000000
1119.500000 ,3621258.159321 ,418.000000 ,1.000000
1122.300000 ,3621258.182929 ,419.000000 ,1.000000
1125.100000 ,3621258.206536 ,420.000000 ,1.000000
1126.500000 ,3621129.641625 ,421.000000 ,0.000000
1127.900000 ,3621160.121625 ,422.000000 ,0.000000
1127.900000 ,3621289.001625 ,423.000000 ,0.000000
1130.700000 ,3621258.277357 ,424.000000 ,1.000000
1136.300000 ,3621258.348179 ,425.000000 ,1.000000
1136.300000 ,3621303.701625 ,426.000000 ,0.000000
1137.700000 ,3621258.324571 ,427.000000 ,1.000000
1146.100000 ,3621258.466214 ,428.000000 ,1.000000
1150.300000 ,3621258.513429 ,429.000000 ,1.000000
1151.700000 ,3621258.537036 ,430.000000 ,1.000000
1154.500000 ,3621258.560643 ,431.000000 ,1.000000
1157.300000 ,3621404.501625 ,432.000000 ,0.000000
1160.100000 ,3621258.584250 ,433.000000 ,1.000000
1162.900000 ,3621258.395393 ,434.000000 ,1.000000
1165.700000 ,3621258.584250 ,435.000000 ,1.000000
1169.900000 ,3621258.395393 ,436.000000 ,1.000000
1175.500000 ,3621258.584250 ,437.000000 ,1.000000
1176.900000 ,3621258.584250 ,438.000000 ,1.000000
1181.100000 ,3621258.584250 ,439.000000 ,1.000000
1182.500000 ,3621258.414700 ,440.000000 ,1.000000
1183.900000 ,3621258.414700 ,441.000000 ,1.000000
1185.300000 ,3621258.584250 ,442.000000 ,1.000000
1188.100000 ,3621258.584250 ,443.000000 ,1.000000
1189.500000 ,3621258.329269 ,444.000000 ,1.000000
1192.300000 ,3621258.403365 ,445.000000 ,1.000000
1193.700000 ,3621258.329269 ,446.000000 ,1.000000
1200.700000 ,3621227.141625 ,447.000000 ,0.000000
1207.700000 ,3621258.699750 ,448.000000 ,1.000000
1214.700000 ,3621264.261750 ,449.000000 ,1.000000
1214.700000 ,3621258.551558 ,450.000000 ,1.000000
1216.100000 ,3621263.566500 ,451.000000 ,1.000000
1216.100000 ,3621261.480750 ,452.000000 ,1.000000
1223.100000 ,3621259.395000 ,453.000000 ,1.000000
1230.100000 ,3621263.755458 ,454.000000 ,1.000000
1232.900000 ,3621264.653750 ,455.000000 ,1.000000
1238.500000 ,3621128.261625 ,456.000000 ,0.000000
1238.500000 ,3621264.957000 ,457.000000 ,1.000000
1241.300000 ,3621173.321625 ,458.000000 ,0.000000
1248.300000 ,3621262.616667 ,459.000000 ,1.000000
1249.700000 ,3621264.810000 ,460.000000 ,1.000000
1251.100000 ,3621264.172750 ,461.000000 ,1.000000
1252.500000 ,3621264.894250 ,462.000000 ,1.000000
1253.900000 ,3621263.755458 ,463.000000 ,1.000000
1255.300000 ,3621149.921625 ,464.000000 ,0.000000
1256.700000 ,3621264.894250 ,465.000000 ,1.000000
1258.100000 ,3621263.474563 ,466.000000 ,1.000000
1265.100000 ,3621172.781625 ,467.000000 ,0.000000
1266.500000 ,3621262.969437 ,468.000000 ,1.000000
1277.700000 ,3621263.546250 ,469.000000 ,1.000000
1284.700000 ,3621264.577375 ,470.000000 ,1.000000
1287.500000 ,3621265.232875 ,471.000000 ,1.000000
1288.900000 ,3621265.456750 ,472.000000 ,1.000000
1293.100000 ,3621263.546250 ,473.000000 ,1.000000
1295.900000 ,3621257.054500 ,474.000000 ,1.000000
1300.100000 ,3621263.629500 ,475.000000 ,1.000000
1302.900000 ,3621257.054500 ,476.000000 ,1.000000
1305.700000 ,3621263.629500 ,477.000000 ,1.000000
1308.500000 ,3621318.521625 ,478.000000 ,0.000000
1311.300000 ,3621263.629500 ,479.000000 ,1.000000
1312.700000 ,3621260.860000 ,480.000000 ,1.000000
1312.700000 ,3621258.717625 ,481.000000 ,1.000000
1314.100000 ,3621262.975083 ,482.000000 ,1.000000
1314.100000 ,3621259.898500 ,483.000000 ,1.000000
1314.100000 ,3621258.717625 ,484.000000 ,1.000000
1315.500000 ,3621261.917542 ,485.000000 ,1.000000
1319.700000 ,3621263.629500 ,486.000000 ,1.000000
1323.900000 ,3621261.917542 ,487.000000 ,1.000000
1325.300000 ,3621265.371417 ,488.000000 ,1.000000
1325.300000 ,3621262.975083 ,489.000000 ,1.000000
1326.700000 ,3621259.734000 ,490.000000 ,1.000000
1328.100000 ,3621265.371417 ,491.000000 ,1.000000
1342.100000 ,3621156.821625 ,492.000000 ,0.000000
1343.500000 ,3621262.470750 ,493.000000 ,1.000000
1344.900000 ,3621264.959100 ,494.000000 ,1.000000
1346.300000 ,3621264.795529 ,495.000000 ,1.000000
1347.700000 ,3621264.017721 ,496.000000 ,1.000000
1353.300000 ,3621258.894625 ,497.000000 ,1.000000
1358.900000 ,3621258.894625 ,498.000000 ,1.000000
1363.100000 ,3621263.837750 ,499.000000 ,1.000000
1365.900000 ,3621261.057031 ,500.000000 ,1.000000
1367.300000 ,3621264.620250 ,501.000000 ,1.000000
1367.300000 ,3621263.837750 ,502.000000 ,1.000000
1377.100000 ,3621258.975750 ,503.000000 ,1.000000
1378.500000 ,3621259.321500 ,504.000000 ,1.000000
1381.300000 ,3621210.341625 ,505.000000 ,0.000000
1381.300000 ,3621259.482977 ,506.000000 ,1.000000
1381.300000 ,3621259.023477 ,507.000000 ,1.000000
1385.500000 ,3621259.321500 ,508.000000 ,1.000000
1396.700000 ,3621259.023477 ,509.000000 ,1.000000
1402.300000 ,3621260.971500 ,510.000000 ,1.000000
1403.700000 ,3621237.941625 ,511.000000 ,0.000000
1403.700000 ,3621258.518583 ,512.000000 ,1.000000
1403.700000 ,3621257.692107 ,513.000000 ,1.000000
1405.100000 ,3621260.971500 ,514.000000 ,1.000000
1416.300000 ,3621263.796000 ,515.000000 ,1.000000
1417.700000 ,3621263.091550 ,516.000000 ,1.000000
1426.100000 ,3621262.644167 ,517.000000 ,1.000000
1428.900000 ,3621227.801625 ,518.000000 ,0.000000
1435.900000 ,3621262.644167 ,519.000000 ,1.000000
1435.900000 ,3621262.078000 ,520.000000 ,1.000000
1438.700000 ,3621262.737000 ,521.000000 ,1.000000
1438.700000 ,3621262.078000 ,522.000000 ,1.000000
1445.700000 ,3621262.737000 ,523.000000 ,1.000000
1447.100000 ,3621260.838050 ,524.000000 ,1.000000
1448.500000 ,3621262.513000 ,525.000000 ,1.000000
1448.500000 ,3621261.977333 ,526.000000 ,1.000000
1449.900000 ,3621263.192250 ,527.000000 ,1.000000
1454.100000 ,3621198.881625 ,528.000000 ,0.000000
1455.500000 ,3621155.261625 ,529.000000 ,0.000000
1455.500000 ,3621262.737000 ,530.000000 ,1.000000
1459.700000 ,3621262.410333 ,531.000000 ,1.000000
1466.700000 ,3621270.941625 ,532.000000 ,0.000000
1472.300000 ,3621262.531500 ,533.000000 ,1.000000
1472.300000 ,3621261.546250 ,534.000000 ,1.000000
1472.300000 ,3621408.161625 ,535.000000 ,0.000000
1473.700000 ,3621250.361625 ,536.000000 ,0.000000
1480.700000 ,3621258.649588 ,537.000000 ,1.000000
1482.100000 ,3621262.531500 ,538.000000 ,1.000000
1482.100000 ,3621261.526071 ,539.000000 ,1.000000
1482.100000 ,3621258.095029 ,540.000000 ,1.000000
1486.300000 ,3621261.422382 ,541.000000 ,1.000000
1486.300000 ,3621260.313265 ,542.000000 ,1.000000
1487.700000 ,3621399.581625 ,543.000000 ,0.000000
1489.100000 ,3621255.322235 ,544.000000 ,1.000000
1490.500000 ,3621260.313265 ,545.000000 ,1.000000
1491.900000 ,3621256.985912 ,546.000000 ,1.000000
1493.300000 ,3621260.867824 ,547.000000 ,1.000000
1494.700000 ,3621214.121625 ,548.000000 ,0.000000
1496.100000 ,3621256.985912 ,549.000000 ,1.000000
1496.100000 ,3621253.658559 ,550.000000 ,1.000000
1504.500000 ,3621253.104000 ,551.000000 ,1.000000
1505.900000 ,3621256.431353 ,552.000000 ,1.000000
1505.900000 ,3621255.391250 ,553.000000 ,1.000000
1508.700000 ,3621387.281625 ,554.000000 ,0.000000
1510.100000 ,3621255.391250 ,555.000000 ,1.000000
1511.500000 ,3621255.391250 ,556.000000 ,1.000000
1512.900000 ,3621334.541625 ,557.000000 ,0.000000
1515.700000 ,3621255.391250 ,558.000000 ,1.000000
1515.700000 ,3621254.788625 ,559.000000 ,1.000000
1515.700000 ,3621253.658559 ,560.000000 ,1.000000
1517.100000 ,3621255.876794 ,561.000000 ,1.000000
1517.100000 ,3621254.371375 ,562.000000 ,1.000000
1518.500000 ,3621254.788625 ,563.000000 ,1.000000
1519.900000 ,3621254.989750 ,564.000000 ,1.000000
1521.300000 ,3621255.391250 ,565.000000 ,1.000000
1524.100000 ,3621254.788625 ,566.000000 ,1.000000
1525.500000 ,3621255.391250 ,567.000000 ,1.000000
1525.500000 ,3621254.371375 ,568.000000 ,1.000000
1538.100000 ,3621254.660500 ,569.000000 ,1.000000
1538.100000 ,3621254.082250 ,570.000000 ,1.000000
1540.900000 ,3621253.690500 ,571.000000 ,1.000000
1542.300000 ,3621278.921625 ,572.000000 ,0.000000
1543.700000 ,3621254.082250 ,573.000000 ,1.000000
1545.100000 ,3621253.773375 ,574.000000 ,1.000000
1550.700000 ,3621254.082250 ,575.000000 ,1.000000
1553.500000 ,3621253.690500 ,576.000000 ,1.000000
1557.700000 ,3621118.061625 ,577.000000 ,0.000000
1557.700000 ,3621253.374958 ,578.000000 ,1.000000
1559.100000 ,3621253.607625 ,579.000000 ,1.000000
1573.100000 ,3621253.172750 ,580.000000 ,1.000000
1575.900000 ,3621253.465833 ,581.000000 ,1.000000
1577.300000 ,3621254.119375 ,582.000000 ,1.000000
1578.700000 ,3621138.581625 ,583.000000 ,0.000000
1578.700000 ,3621254.119375 ,584.000000 ,1.000000
1580.100000 ,3621254.364833 ,585.000000 ,1.000000
1582.900000 ,3621127.541625 ,586.000000 ,0.000000
1582.900000 ,3621254.445500 ,587.000000 ,1.000000
1592.700000 ,3621254.664500 ,588.000000 ,1.000000
1594.100000 ,3621254.445500 ,589.000000 ,1.000000
1594.100000 ,3621252.575019 ,590.000000 ,1.000000
1595.500000 ,3621254.445500 ,591.000000 ,1.000000
1602.500000 ,3621253.186800 ,592.000000 ,1.000000
1602.500000 ,3621252.337500 ,593.000000 ,1.000000
1603.900000 ,3621252.575019 ,594.000000 ,1.000000
1605.300000 ,3621252.433300 ,595.000000 ,1.000000
1608.100000 ,3621409.181625 ,596.000000 ,0.000000
1609.500000 ,3621252.575019 ,597.000000 ,1.000000
1613.700000 ,3621252.575019 ,598.000000 ,1.000000
1619.300000 ,3621252.340750 ,599.000000 ,1.000000
1620.700000 ,3621252.575019 ,600.000000 ,1.000000
1622.100000 ,3621252.575019 ,601.000000 ,1.000000
1629.100000 ,3621252.420250 ,602.000000 ,1.000000
1630.500000 ,3621251.951889 ,603.000000 ,1.000000
1631.900000 ,3621381.041625 ,604.000000 ,0.000000
1634.700000 ,3621252.261250 ,605.000000 ,1.000000
1634.700000 ,3621251.717708 ,606.000000 ,1.000000
1636.100000 ,3621251.834750 ,607.000000 ,1.000000
1638.900000 ,3621251.717708 ,608.000000 ,1.000000
1640.300000 ,3621252.186069 ,609.000000 ,1.000000
1648.700000 ,3621252.186069 ,610.000000 ,1.000000
1650.100000 ,3621128.801625 ,611.000000 ,0.000000
1651.500000 ,3621251.834750 ,612.000000 ,1.000000
1652.900000 ,3621251.572167 ,613.000000 ,1.000000
1655.700000 ,3621251.572167 ,614.000000 ,1.000000
1657.100000 ,3621251.249347 ,615.000000 ,1.000000
1657.100000 ,3621398.921625 ,616.000000 ,0.000000
1662.700000 ,3621249.692000 ,617.000000 ,1.000000
1665.500000 ,3621251.659150 ,618.000000 ,1.000000
1665.500000 ,3621251.179000 ,619.000000 ,1.000000
1666.900000 ,3621249.692000 ,620.000000 ,1.000000
1673.900000 ,3621249.155000 ,621.000000 ,1.000000
1678.100000 ,3621118.301625 ,622.000000 ,0.000000
1683.700000 ,3621250.337000 ,623.000000 ,1.000000
1689.300000 ,3621249.811500 ,624.000000 ,1.000000
1692.100000 ,3621250.337000 ,625.000000 ,1.000000
1692.100000 ,3621249.155000 ,626.000000 ,1.000000
1694.900000 ,3621250.337000 ,627.000000 ,1.000000
1697.700000 ,3621250.003187 ,628.000000 ,1.000000
1701.900000 ,3621249.811500 ,629.000000 ,1.000000
1703.300000 ,3621249.758000 ,630.000000 ,1.000000
1704.700000 ,3621249.758000 ,631.000000 ,1.000000
1706.100000 ,3621250.749875 ,632.000000 ,1.000000
1708.900000 ,3621250.441583 ,633.000000 ,1.000000
1713.100000 ,3621250.801194 ,634.000000 ,1.000000
1714.500000 ,3621217.181625 ,635.000000 ,0.000000
1714.500000 ,3621250.179250 ,636.000000 ,1.000000
1714.500000 ,3621399.401625 ,637.000000 ,0.000000
1717.300000 ,3621250.441583 ,638.000000 ,1.000000
1718.700000 ,3621250.865250 ,639.000000 ,1.000000
1721.500000 ,3621250.801194 ,640.000000 ,1.000000
1727.100000 ,3621323.501625 ,641.000000 ,0.000000
1729.900000 ,3621251.067750 ,642.000000 ,1.000000
1731.300000 ,3621251.067750 ,643.000000 ,1.000000
1732.700000 ,3621250.941375 ,644.000000 ,1.000000
1735.500000 ,3621251.004562 ,645.000000 ,1.000000
1738.300000 ,3621406.481625 ,646.000000 ,0.000000
1741.100000 ,3621250.623750 ,647.000000 ,1.000000
1743.900000 ,3621250.941375 ,648.000000 ,1.000000
1743.900000 ,3621250.244231 ,649.000000 ,1.000000
1746.700000 ,3621250.472538 ,650.000000 ,1.000000
1748.100000 ,3621250.244231 ,651.000000 ,1.000000
1756.500000 ,3621248.501625 ,652.000000 ,0.000000
1757.900000 ,3621250.586692 ,653.000000 ,1.000000
1757.900000 ,3621249.331000 ,654.000000 ,1.000000
1760.700000 ,3621250.700846 ,655.000000 ,1.000000
1763.500000 ,3621310.541625 ,656.000000 ,0.000000
1771.900000 ,3621158.681625 ,657.000000 ,0.000000
1771.900000 ,3621249.901769 ,658.000000 ,1.000000
1771.900000 ,3621248.988538 ,659.000000 ,1.000000
1774.700000 ,3621248.874385 ,660.000000 ,1.000000
1776.100000 ,3621249.331000 ,661.000000 ,1.000000
1787.300000 ,3621312.641625 ,662.000000 ,0.000000
1795.700000 ,3621248.646077 ,663.000000 ,1.000000
1795.700000 ,3621248.075308 ,664.000000 ,1.000000
1799.900000 ,3621248.531923 ,665.000000 ,1.000000
1801.300000 ,3621247.847000 ,666.000000 ,1.000000
1802.700000 ,3621248.303615 ,667.000000 ,1.000000
1804.100000 ,3621336.521625 ,668.000000 ,0.000000
1808.300000 ,3621122.381625 ,669.000000 ,0.000000
1808.300000 ,3621245.379625 ,670.000000 ,1.000000
1809.700000 ,3621247.047923 ,671.000000 ,1.000000
1812.500000 ,3621247.618692 ,672.000000 ,1.000000
1813.900000 ,3621247.047923 ,673.000000 ,1.000000
1813.900000 ,3621384.221625 ,674.000000 ,0.000000
1815.300000 ,3621247.047923 ,675.000000 ,1.000000
1815.300000 ,3621245.042942 ,676.000000 ,1.000000
1816.700000 ,3621355.001625 ,677.000000 ,0.000000
1818.100000 ,3621245.379625 ,678.000000 ,1.000000
1823.700000 ,3621247.162077 ,679.000000 ,1.000000
1823.700000 ,3621244.719596 ,680.000000 ,1.000000
1825.100000 ,3621245.527962 ,681.000000 ,1.000000
1827.900000 ,3621245.527962 ,682.000000 ,1.000000
1834.900000 ,3621246.498000 ,683.000000 ,1.000000
1836.300000 ,3621246.174654 ,684.000000 ,1.000000
1836.300000 ,3621245.042942 ,685.000000 ,1.000000
1837.700000 ,3621314.921625 ,686.000000 ,0.000000
1840.500000 ,3621246.428978 ,687.000000 ,1.000000
1840.500000 ,3621402.161625 ,688.000000 ,0.000000
1841.900000 ,3621245.366288 ,689.000000 ,1.000000
1844.700000 ,3621245.366288 ,690.000000 ,1.000000
1847.500000 ,3621245.851308 ,691.000000 ,1.000000
1848.900000 ,3621308.861625 ,692.000000 ,0.000000
1850.300000 ,3621245.204615 ,693.000000 ,1.000000
1860.100000 ,3621246.498000 ,694.000000 ,1.000000
1865.700000 ,3621245.600711 ,695.000000 ,1.000000
1868.500000 ,3621245.945822 ,696.000000 ,1.000000
1869.900000 ,3621246.221911 ,697.000000 ,1.000000
1869.900000 ,3621349.961625 ,698.000000 ,0.000000
1871.300000 ,3621246.083867 ,699.000000 ,1.000000
1874.100000 ,3621286.721625 ,700.000000 ,0.000000
1874.100000 ,3621389.681625 ,701.000000 ,0.000000
1879.700000 ,3621245.255600 ,702.000000 ,1.000000
1881.100000 ,3621245.600711 ,703.000000 ,1.000000
1882.500000 ,3621347.081625 ,704.000000 ,0.000000
1890.900000 ,3621343.001625 ,705.000000 ,0.000000
1893.700000 ,3621245.600711 ,706.000000 ,1.000000
1900.700000 ,3621244.841467 ,707.000000 ,1.000000
1903.500000 ,3621169.181625 ,708.000000 ,0.000000
1903.500000 ,3621244.427333 ,709.000000 ,1.000000
1910.500000 ,3621244.358311 ,710.000000 ,1.000000
1913.300000 ,3621244.358311 ,711.000000 ,1.000000
1914.700000 ,3621183.041625 ,712.000000 ,0.000000
1917.500000 ,3621244.082222 ,713.000000 ,1.000000
1918.900000 ,3621244.961625 ,714.000000 ,0.000000
1918.900000 ,3621244.703422 ,715.000000 ,1.000000
1918.900000 ,3621243.806133 ,716.000000 ,1.000000
1921.700000 ,3621244.565378 ,717.000000 ,1.000000
1923.100000 ,3621244.565378 ,718.000000 ,1.000000
1924.500000 ,3621249.761625 ,719.000000 ,0.000000
1928.700000 ,3621244.358311 ,720.000000 ,1.000000
1930.100000 ,3621244.151244 ,721.000000 ,1.000000
1932.900000 ,3621243.875156 ,722.000000 ,1.000000
1934.300000 ,3621243.875156 ,723.000000 ,1.000000
1935.700000 ,3621243.875156 ,724.000000 ,1.000000
1937.100000 ,3621243.546500 ,725.000000 ,1.000000
1939.900000 ,3621243.668089 ,726.000000 ,1.000000
1942.700000 ,3621243.940500 ,727.000000 ,1.000000
1944.100000 ,3621243.495000 ,728.000000 ,1.000000
1946.900000 ,3621243.599067 ,729.000000 ,1.000000
1949.700000 ,3621355.721625 ,730.000000 ,0.000000
1955.300000 ,3621293.381625 ,731.000000 ,0.000000
1955.300000 ,3621247.630500 ,732.000000 ,1.000000
1956.700000 ,3621243.940500 ,733.000000 ,1.000000
1960.900000 ,3621243.940500 ,734.000000 ,1.000000
1963.700000 ,3621243.546500 ,735.000000 ,1.000000
1966.500000 ,3621247.630500 ,736.000000 ,1.000000
1967.900000 ,3621245.738625 ,737.000000 ,1.000000
1970.700000 ,3621246.060500 ,738.000000 ,1.000000
1970.700000 ,3621244.490500 ,739.000000 ,1.000000
1970.700000 ,3621243.940500 ,740.000000 ,1.000000
1974.900000 ,3621244.490500 ,741.000000 ,1.000000
1976.300000 ,3621407.021625 ,742.000000 ,0.000000
1980.500000 ,3621234.701625 ,743.000000 ,0.000000
1980.500000 ,3621248.219000 ,744.000000 ,1.000000
1980.500000 ,3621360.341625 ,745.000000 ,0.000000
1983.300000 ,3621248.219000 ,746.000000 ,1.000000
1983.300000 ,3621246.060500 ,747.000000 ,1.000000
1986.100000 ,3621244.378667 ,748.000000 ,1.000000
1990.300000 ,3621245.786333 ,749.000000 ,1.000000
1991.700000 ,3621242.398875 ,750.000000 ,1.000000
2007.100000 ,3621244.811625 ,751.000000 ,1.000000
2012.700000 ,3621244.811625 ,752.000000 ,1.000000
2012.700000 ,3621325.241625 ,753.000000 ,0.000000
2018.300000 ,3621244.243250 ,754.000000 ,1.000000
2019.700000 ,3621244.243250 ,755.000000 ,1.000000
2021.100000 ,3621242.529250 ,756.000000 ,1.000000
2022.500000 ,3621242.014750 ,757.000000 ,1.000000
2023.900000 ,3621242.529250 ,758.000000 ,1.000000
2026.700000 ,3621245.521250 ,759.000000 ,1.000000
2026.700000 ,3621243.079875 ,760.000000 ,1.000000
2026.700000 ,3621242.529250 ,761.000000 ,1.000000
2028.100000 ,3621246.378063 ,762.000000 ,1.000000
2029.500000 ,3621242.496875 ,763.000000 ,1.000000
2030.900000 ,3621244.811625 ,764.000000 ,1.000000
2033.700000 ,3621242.529250 ,765.000000 ,1.000000
2035.100000 ,3621242.529250 ,766.000000 ,1.000000
2036.500000 ,3621246.923750 ,767.000000 ,1.000000
2037.900000 ,3621242.014750 ,768.000000 ,1.000000
2040.700000 ,3621246.601500 ,769.000000 ,1.000000
2042.100000 ,3621246.923750 ,770.000000 ,1.000000
2042.100000 ,3621245.521250 ,771.000000 ,1.000000
2050.500000 ,3621247.179375 ,772.000000 ,1.000000
2050.500000 ,3621243.079875 ,773.000000 ,1.000000
2051.900000 ,3621243.079875 ,774.000000 ,1.000000
2061.700000 ,3621247.930000 ,775.000000 ,1.000000
2061.700000 ,3621246.923750 ,776.000000 ,1.000000
2063.100000 ,3621247.179375 ,777.000000 ,1.000000
2064.500000 ,3621247.359375 ,778.000000 ,1.000000
2070.100000 ,3621246.197417 ,779.000000 ,1.000000
2075.700000 ,3621247.359375 ,780.000000 ,1.000000
2078.500000 ,3621246.197417 ,781.000000 ,1.000000
2079.900000 ,3621248.088750 ,782.000000 ,1.000000
2085.500000 ,3621247.198250 ,783.000000 ,1.000000
2088.300000 ,3621247.024250 ,784.000000 ,1.000000
2089.700000 ,3621246.934500 ,785.000000 ,1.000000
2091.100000 ,3621244.438312 ,786.000000 ,1.000000
2092.500000 ,3621243.107000 ,787.000000 ,1.000000
2095.300000 ,3621245.688938 ,788.000000 ,1.000000
2098.100000 ,3621246.934500 ,789.000000 ,1.000000
2103.700000 ,3621244.643333 ,790.000000 ,1.000000
2103.700000 ,3621242.515089 ,791.000000 ,1.000000
2105.100000 ,3621247.198250 ,792.000000 ,1.000000
2106.500000 ,3621245.464500 ,793.000000 ,1.000000
2107.900000 ,3621182.861625 ,794.000000 ,0.000000
2107.900000 ,3621245.688938 ,795.000000 ,1.000000
2109.300000 ,3621245.464500 ,796.000000 ,1.000000
2109.300000 ,3621244.942875 ,797.000000 ,1.000000
2110.700000 ,3621246.934500 ,798.000000 ,1.000000
2112.100000 ,3621253.241625 ,799.000000 ,0.000000
2114.900000 ,3621244.942875 ,800.000000 ,1.000000
2116.300000 ,3621244.220188 ,801.000000 ,1.000000
2124.700000 ,3621244.965550 ,802.000000 ,1.000000
2124.700000 ,3621243.293107 ,803.000000 ,1.000000
2128.900000 ,3621171.101625 ,804.000000 ,0.000000
2138.700000 ,3621243.643531 ,805.000000 ,1.000000
2141.500000 ,3621244.223167 ,806.000000 ,1.000000
2145.700000 ,3621244.267450 ,807.000000 ,1.000000
2149.900000 ,3621244.428143 ,808.000000 ,1.000000
2151.300000 ,3621243.798813 ,809.000000 ,1.000000
2165.300000 ,3621244.353250 ,810.000000 ,1.000000
2168.100000 ,3621244.428143 ,811.000000 ,1.000000
2170.900000 ,3621281.321625 ,812.000000 ,0.000000
2173.700000 ,3621244.281062 ,813.000000 ,1.000000
2186.300000 ,3621244.466350 ,814.000000 ,1.000000
2189.100000 ,3621243.219511 ,815.000000 ,1.000000
2191.900000 ,3621242.596091 ,816.000000 ,1.000000
2200.300000 ,3621243.219511 ,817.000000 ,1.000000
2201.700000 ,3621241.972672 ,818.000000 ,1.000000
2203.100000 ,3621241.349252 ,819.000000 ,1.000000
2205.900000 ,3621242.180478 ,820.000000 ,1.000000
2205.900000 ,3621241.557059 ,821.000000 ,1.000000
2211.500000 ,3621243.635124 ,822.000000 ,1.000000
2211.500000 ,3621241.972672 ,823.000000 ,1.000000
2215.700000 ,3621376.961625 ,824.000000 ,0.000000
2221.300000 ,3621178.961625 ,825.000000 ,0.000000
2221.300000 ,3621239.478993 ,826.000000 ,1.000000
2224.100000 ,3621241.349252 ,827.000000 ,1.000000
2226.900000 ,3621239.478993 ,828.000000 ,1.000000
2235.300000 ,3621240.725833 ,829.000000 ,1.000000
2235.300000 ,3621359.381625 ,830.000000 ,0.000000
2236.700000 ,3621240.102413 ,831.000000 ,1.000000
2238.100000 ,3621406.481625 ,832.000000 ,0.000000
2239.500000 ,3621238.855574 ,833.000000 ,1.000000
2242.300000 ,3621238.647767 ,834.000000 ,1.000000
2242.300000 ,3621237.608735 ,835.000000 ,1.000000
2243.700000 ,3621240.102413 ,836.000000 ,1.000000
2245.100000 ,3621239.686800 ,837.000000 ,1.000000
2247.900000 ,3621323.081625 ,838.000000 ,0.000000
2250.700000 ,3621237.400928 ,839.000000 ,1.000000
2253.500000 ,3621238.439961 ,840.000000 ,1.000000
2257.700000 ,3621237.193122 ,841.000000 ,1.000000
2257.700000 ,3621236.569702 ,842.000000 ,1.000000
2264.700000 ,3621212.501625 ,843.000000 ,0.000000
2268.900000 ,3621238.084583 ,844.000000 ,1.000000
2268.900000 ,3621236.777509 ,845.000000 ,1.000000
2271.700000 ,3621235.601625 ,846.000000 ,0.000000
2274.500000 ,3621236.777509 ,847.000000 ,1.000000
2280.100000 ,3621235.322863 ,848.000000 ,1.000000
2281.500000 ,3621209.321625 ,849.000000 ,0.000000
2281.500000 ,3621238.318458 ,850.000000 ,1.000000
2281.500000 ,3621235.115057 ,851.000000 ,1.000000
2291.300000 ,3621178.541625 ,852.000000 ,0.000000
2291.300000 ,3621236.963667 ,853.000000 ,1.000000
2292.700000 ,3621237.234625 ,854.000000 ,1.000000
2309.500000 ,3621238.589417 ,855.000000 ,1.000000
2310.900000 ,3621236.998708 ,856.000000 ,1.000000
2316.500000 ,3621237.699500 ,857.000000 ,1.000000
2317.900000 ,3621237.699500 ,858.000000 ,1.000000
2317.900000 ,3621236.998708 ,859.000000 ,1.000000
2319.300000 ,3621235.319250 ,860.000000 ,1.000000
2320.700000 ,3621237.699500 ,861.000000 ,1.000000
2324.900000 ,3621237.699500 ,862.000000 ,1.000000
2326.300000 ,3621237.699500 ,863.000000 ,1.000000
2327.700000 ,3621237.699500 ,864.000000 ,1.000000
2330.500000 ,3621235.319250 ,865.000000 ,1.000000
2331.900000 ,3621309.821625 ,866.000000 ,0.000000
2334.700000 ,3621240.091125 ,867.000000 ,1.000000
2336.100000 ,3621237.699500 ,868.000000 ,1.000000
2344.500000 ,3621239.746875 ,869.000000 ,1.000000
2348.700000 ,3621123.221625 ,870.000000 ,0.000000
2352.900000 ,3621239.746875 ,871.000000 ,1.000000
2354.300000 ,3621235.869750 ,872.000000 ,1.000000
2366.900000 ,3621237.752250 ,873.000000 ,1.000000
2372.500000 ,3621241.297750 ,874.000000 ,1.000000
2372.500000 ,3621237.715375 ,875.000000 ,1.000000
2372.500000 ,3621235.869750 ,876.000000 ,1.000000
2375.300000 ,3621241.028750 ,877.000000 ,1.000000
2383.700000 ,3621236.981250 ,878.000000 ,1.000000
2386.500000 ,3621237.715375 ,879.000000 ,1.000000
2387.900000 ,3621241.297750 ,880.000000 ,1.000000
2392.100000 ,3621236.132875 ,881.000000 ,1.000000
2392.100000 ,3621393.581625 ,882.000000 ,0.000000
2396.300000 ,3621238.635875 ,883.000000 ,1.000000
2397.700000 ,3621239.138250 ,884.000000 ,1.000000
2399.100000 ,3621233.748000 ,885.000000 ,1.000000
2401.900000 ,3621244.841625 ,886.000000 ,0.000000
2401.900000 ,3621236.380167 ,887.000000 ,1.000000
2401.900000 ,3621234.428375 ,888.000000 ,1.000000
2404.700000 ,3621238.635875 ,889.000000 ,1.000000
2404.700000 ,3621237.461792 ,890.000000 ,1.000000
2404.700000 ,3621234.428375 ,891.000000 ,1.000000
2406.100000 ,3621235.406500 ,892.000000 ,1.000000
2408.900000 ,3621234.428375 ,893.000000 ,1.000000
2410.300000 ,3621234.428375 ,894.000000 ,1.000000
2414.500000 ,3621234.980563 ,895.000000 ,1.000000
2417.300000 ,3621234.980563 ,896.000000 ,1.000000
2418.700000 ,3621234.980563 ,897.000000 ,1.000000
2424.300000 ,3621236.689375 ,898.000000 ,1.000000
2424.300000 ,3621234.320250 ,899.000000 ,1.000000
2432.700000 ,3621238.270000 ,900.000000 ,1.000000
2434.100000 ,3621234.918750 ,901.000000 ,1.000000
2435.500000 ,3621234.320250 ,902.000000 ,1.000000
2436.900000 ,3621234.918750 ,903.000000 ,1.000000
2439.700000 ,3621236.082500 ,904.000000 ,1.000000
2441.100000 ,3621238.270000 ,905.000000 ,1.000000
2441.100000 ,3621234.918750 ,906.000000 ,1.000000
2442.500000 ,3621234.918750 ,907.000000 ,1.000000
2443.900000 ,3621238.972125 ,908.000000 ,1.000000
2445.300000 ,3621241.913750 ,909.000000 ,1.000000
2450.900000 ,3621240.172214 ,910.000000 ,1.000000
2452.300000 ,3621238.972125 ,911.000000 ,1.000000
2452.300000 ,3621236.082500 ,912.000000 ,1.000000
2456.500000 ,3621239.057300 ,913.000000 ,1.000000
2456.500000 ,3621234.626250 ,914.000000 ,1.000000
2457.900000 ,3621237.568167 ,915.000000 ,1.000000
2462.100000 ,3621236.832100 ,916.000000 ,1.000000
2463.500000 ,3621239.799550 ,917.000000 ,1.000000
2469.100000 ,3621239.057300 ,918.000000 ,1.000000
2476.100000 ,3621239.057300 ,919.000000 ,1.000000
2476.100000 ,3621235.981821 ,920.000000 ,1.000000
2480.300000 ,3621239.057300 ,921.000000 ,1.000000
2483.100000 ,3621239.057300 ,922.000000 ,1.000000
2483.100000 ,3621235.675393 ,923.000000 ,1.000000
2487.300000 ,3621236.584673 ,924.000000 ,1.000000
2490.100000 ,3621239.057300 ,925.000000 ,1.000000
2494.300000 ,3621236.802250 ,926.000000 ,1.000000
2498.500000 ,3621238.479614 ,927.000000 ,1.000000
2501.300000 ,3621238.834000 ,928.000000 ,1.000000
2502.700000 ,3621239.007875 ,929.000000 ,1.000000
2505.500000 ,3621236.141036 ,930.000000 ,1.000000
2506.900000 ,3621132.881625 ,931.000000 ,0.000000
2515.300000 ,3621239.007875 ,932.000000 ,1.000000
2523.700000 ,3621396.281625 ,933.000000 ,0.000000
2525.100000 ,3621236.570536 ,934.000000 ,1.000000
2532.100000 ,3621236.570536 ,935.000000 ,1.000000
2533.500000 ,3621239.668813 ,936.000000 ,1.000000
2533.500000 ,3621237.372917 ,937.000000 ,1.000000
2533.500000 ,3621233.895083 ,938.000000 ,1.000000
2536.300000 ,3621237.372917 ,939.000000 ,1.000000
2539.100000 ,3621233.895083 ,940.000000 ,1.000000
2540.500000 ,3621234.201375 ,941.000000 ,1.000000
2543.300000 ,3621236.559800 ,942.000000 ,1.000000
2546.100000 ,3621239.259500 ,943.000000 ,1.000000
2550.300000 ,3621235.279300 ,944.000000 ,1.000000
2555.900000 ,3621200.681625 ,945.000000 ,0.000000
2557.300000 ,3621232.317804 ,946.000000 ,1.000000
2564.300000 ,3621234.201375 ,947.000000 ,1.000000
2565.700000 ,3621233.202982 ,948.000000 ,1.000000
2565.700000 ,3621232.601938 ,949.000000 ,1.000000
2567.100000 ,3621233.202982 ,950.000000 ,1.000000
2571.300000 ,3621233.202982 ,951.000000 ,1.000000
2571.300000 ,3621232.601938 ,952.000000 ,1.000000
2572.700000 ,3621231.414625 ,953.000000 ,1.000000
2575.500000 ,3621232.194300 ,954.000000 ,1.000000
2576.900000 ,3621231.554875 ,955.000000 ,1.000000
2579.700000 ,3621232.126750 ,956.000000 ,1.000000
2583.900000 ,3621231.897292 ,957.000000 ,1.000000
2585.300000 ,3621231.554875 ,958.000000 ,1.000000
2586.700000 ,3621232.074333 ,959.000000 ,1.000000
2586.700000 ,3621231.470125 ,960.000000 ,1.000000
2589.500000 ,3621232.074333 ,961.000000 ,1.000000
2589.500000 ,3621231.246400 ,962.000000 ,1.000000
2597.900000 ,3621232.098650 ,963.000000 ,1.000000
2603.500000 ,3621231.270600 ,964.000000 ,1.000000
2613.300000 ,3621231.270600 ,965.000000 ,1.000000
2614.700000 ,3621231.270600 ,966.000000 ,1.000000
2616.100000 ,3621231.270600 ,967.000000 ,1.000000
2617.500000 ,3621231.109083 ,968.000000 ,1.000000
2620.300000 ,3621135.041625 ,969.000000 ,0.000000
2621.700000 ,3621231.140800 ,970.000000 ,1.000000
2628.700000 ,3621231.140800 ,971.000000 ,1.000000
2631.500000 ,3621230.960750 ,972.000000 ,1.000000
2634.300000 ,3621230.960750 ,973.000000 ,1.000000
2635.700000 ,3621371.201625 ,974.000000 ,0.000000
2637.100000 ,3621230.960750 ,975.000000 ,1.000000
2639.900000 ,3621230.806500 ,976.000000 ,1.000000
2651.100000 ,3621230.838250 ,977.000000 ,1.000000
2652.500000 ,3621230.827667 ,978.000000 ,1.000000
2658.100000 ,3621230.945750 ,979.000000 ,1.000000
2659.500000 ,3621230.945750 ,980.000000 ,1.000000
2672.100000 ,3621230.945750 ,981.000000 ,1.000000
2673.500000 ,3621230.567875 ,982.000000 ,1.000000
2676.300000 ,3621230.711917 ,983.000000 ,1.000000
2684.700000 ,3621230.945750 ,984.000000 ,1.000000
2688.900000 ,3621230.650625 ,985.000000 ,1.000000
2691.700000 ,3621230.650625 ,986.000000 ,1.000000
2694.500000 ,3621230.602625 ,987.000000 ,1.000000
2697.300000 ,3621230.602625 ,988.000000 ,1.000000
2698.700000 ,3621230.582375 ,989.000000 ,1.000000
2700.100000 ,3621230.582375 ,990.000000 ,1.000000
2701.500000 ,3621230.582375 ,991.000000 ,1.000000
2702.900000 ,3621230.538938 ,992.000000 ,1.000000
2707.100000 ,3621244.601625 ,993.000000 ,0.000000
2708.500000 ,3621230.474000 ,994.000000 ,1.000000
2711.300000 ,3621230.438500 ,995.000000 ,1.000000
2712.700000 ,3621230.350906 ,996.000000 ,1.000000
2721.100000 ,3621230.350688 ,997.000000 ,1.000000
2725.300000 ,3621230.350688 ,998.000000 ,1.000000
2729.500000 ,3621230.236250 ,999.000000 ,1.000000
2730.900000 ,3621230.236250 ,1000.000000 ,1.000000
2732.300000 ,3621230.236250 ,1001.000000 ,1.000000
2735.100000 ,3621230.236250 ,1002.000000 ,1.000000
2740.700000 ,3621230.122750 ,1003.000000 ,1.000000
2742.100000 ,3621230.122750 ,1004.000000 ,1.000000
2744.900000 ,3621139.001625 ,1005.000000 ,0.000000
2746.300000 ,3621230.098000 ,1006.000000 ,1.000000
2750.500000 ,3621133.661625 ,1007.000000 ,0.000000
2751.900000 ,3621307.301625 ,1008.000000 ,0.000000
2753.300000 ,3621230.032083 ,1009.000000 ,1.000000
2763.100000 ,3621202.181625 ,1010.000000 ,0.000000
2764.500000 ,3621229.939361 ,1011.000000 ,1.000000
2765.900000 ,3621146.921625 ,1012.000000 ,0.000000
2765.900000 ,3621229.939361 ,1013.000000 ,1.000000
2770.100000 ,3621232.181625 ,1014.000000 ,0.000000
2770.100000 ,3621229.892250 ,1015.000000 ,1.000000
2772.900000 ,3621229.882167 ,1016.000000 ,1.000000
2775.700000 ,3621229.863750 ,1017.000000 ,1.000000
2777.100000 ,3621229.817125 ,1018.000000 ,1.000000
2785.500000 ,3621198.761625 ,1019.000000 ,0.000000
2786.900000 ,3621397.721625 ,1020.000000 ,0.000000
2788.300000 ,3621260.621625 ,1021.000000 ,0.000000
2788.300000 ,3621229.673750 ,1022.000000 ,1.000000
2789.700000 ,3621229.800750 ,1023.000000 ,1.000000
2793.900000 ,3621229.673750 ,1024.000000 ,1.000000
2798.100000 ,3621229.673125 ,1025.000000 ,1.000000
2799.500000 ,3621229.672500 ,1026.000000 ,1.000000
2802.300000 ,3621229.592750 ,1027.000000 ,1.000000
2805.100000 ,3621409.421625 ,1028.000000 ,0.000000
2809.300000 ,3621187.241625 ,1029.000000 ,0.000000
2812.100000 ,3621229.422000 ,1030.000000 ,1.000000
2819.100000 ,3621229.422000 ,1031.000000 ,1.000000
2820.500000 ,3621229.404625 ,1032.000000 ,1.000000
2823.300000 ,3621229.393531 ,1033.000000 ,1.000000
2827.500000 ,3621229.371344 ,1034.000000 ,1.000000
2830.300000 ,3621229.341850 ,1035.000000 ,1.000000
2831.700000 ,3621229.341850 ,1036.000000 ,1.000000
2833.100000 ,3621229.323450 ,1037.000000 ,1.000000
2835.900000 ,3621229.305050 ,1038.000000 ,1.000000
2838.700000 ,3621193.301625 ,1039.000000 ,0.000000
2841.500000 ,3621292.541625 ,1040.000000 ,0.000000
2845.700000 ,3621229.213050 ,1041.000000 ,1.000000
2847.100000 ,3621229.194650 ,1042.000000 ,1.000000
2848.500000 ,3621229.066917 ,1043.000000 ,1.000000
2851.300000 ,3621229.157850 ,1044.000000 ,1.000000
2854.100000 ,3621228.962917 ,1045.000000 ,1.000000
2855.500000 ,3621229.121050 ,1046.000000 ,1.000000
2862.500000 ,3621229.049583 ,1047.000000 ,1.000000
2863.900000 ,3621229.049583 ,1048.000000 ,1.000000
2865.300000 ,3621229.032250 ,1049.000000 ,1.000000
2866.700000 ,3621229.014917 ,1050.000000 ,1.000000
2869.500000 ,3621214.721625 ,1051.000000 ,0.000000
2876.500000 ,3621228.928250 ,1052.000000 ,1.000000
2883.500000 ,3621228.876250 ,1053.000000 ,1.000000
2884.900000 ,3621228.864728 ,1054.000000 ,1.000000
2886.300000 ,3621228.853207 ,1055.000000 ,1.000000
2890.500000 ,3621228.830164 ,1056.000000 ,1.000000
2891.900000 ,3621132.221625 ,1057.000000 ,0.000000
2894.700000 ,3621205.301625 ,1058.000000 ,0.000000
2894.700000 ,3621227.741625 ,1059.000000 ,0.000000
2897.500000 ,3621389.801625 ,1060.000000 ,0.000000
2898.900000 ,3621228.784078 ,1061.000000 ,1.000000
2901.700000 ,3621228.772556 ,1062.000000 ,1.000000
2903.100000 ,3621228.761034 ,1063.000000 ,1.000000
2907.300000 ,3621228.737991 ,1064.000000 ,1.000000
2914.300000 ,3621162.101625 ,1065.000000 ,0.000000
2914.300000 ,3621228.691905 ,1066.000000 ,1.000000
2926.900000 ,3621228.622776 ,1067.000000 ,1.000000
2928.300000 ,3621228.611254 ,1068.000000 ,1.000000
2929.700000 ,3621228.611254 ,1069.000000 ,1.000000
2932.500000 ,3621228.588211 ,1070.000000 ,1.000000
2933.900000 ,3621228.588211 ,1071.000000 ,1.000000
2938.100000 ,3621228.565168 ,1072.000000 ,1.000000
2942.300000 ,3621228.530603 ,1073.000000 ,1.000000
2949.300000 ,3621228.496039 ,1074.000000 ,1.000000
2949.300000 ,3621393.881625 ,1075.000000 ,0.000000
2950.700000 ,3621228.484517 ,1076.000000 ,1.000000
2953.500000 ,3621228.472996 ,1077.000000 ,1.000000
2959.100000 ,3621228.438431 ,1078.000000 ,1.000000
2960.500000 ,3621244.421625 ,1079.000000 ,0.000000
2961.900000 ,3621233.681625 ,1080.000000 ,0.000000
2964.700000 ,3621228.403866 ,1081.000000 ,1.000000
2968.900000 ,3621228.380823 ,1082.000000 ,1.000000
2973.100000 ,3621228.357780 ,1083.000000 ,1.000000
2977.300000 ,3621228.664275 ,1084.000000 ,1.000000
2978.700000 ,3621228.323216 ,1085.000000 ,1.000000
2980.100000 ,3621228.323216 ,1086.000000 ,1.000000
2998.300000 ,3621229.790875 ,1087.000000 ,1.000000
2999.700000 ,3621230.226250 ,1088.000000 ,1.000000
3005.300000 ,3621228.231125 ,1089.000000 ,1.000000
3015.100000 ,3621230.187625 ,1090.000000 ,1.000000
3024.900000 ,3621346.361625 ,1091.000000 ,0.000000
3027.700000 ,3621275.321625 ,1092.000000 ,0.000000
3029.100000 ,3621230.207750 ,1093.000000 ,1.000000
3030.500000 ,3621230.207750 ,1094.000000 ,1.000000
3031.900000 ,3621229.901625 ,1095.000000 ,1.000000
3033.300000 ,3621230.154375 ,1096.000000 ,1.000000
3034.700000 ,3621230.187625 ,1097.000000 ,1.000000
3036.100000 ,3621230.187625 ,1098.000000 ,1.000000
3037.500000 ,3621229.866208 ,1099.000000 ,1.000000
3043.100000 ,3621230.026500 ,1100.000000 ,1.000000
3044.500000 ,3621229.901625 ,1101.000000 ,1.000000
3045.900000 ,3621230.026500 ,1102.000000 ,1.000000
3045.900000 ,3621229.575500 ,1103.000000 ,1.000000
3047.300000 ,3621229.901625 ,1104.000000 ,1.000000
3048.700000 ,3621229.735500 ,1105.000000 ,1.000000
3050.100000 ,3621229.792750 ,1106.000000 ,1.000000
3052.900000 ,3621229.837500 ,1107.000000 ,1.000000
3054.300000 ,3621229.792750 ,1108.000000 ,1.000000
3055.700000 ,3621229.837500 ,1109.000000 ,1.000000
3057.100000 ,3621229.735500 ,1110.000000 ,1.000000
3059.900000 ,3621229.735500 ,1111.000000 ,1.000000
3061.300000 ,3621229.684750 ,1112.000000 ,1.000000
3062.700000 ,3621228.660000 ,1113.000000 ,1.000000
3065.500000 ,3621228.957000 ,1114.000000 ,1.000000
3068.300000 ,3621229.610850 ,1115.000000 ,1.000000
3069.700000 ,3621228.138042 ,1116.000000 ,1.000000
3069.700000 ,3621394.781625 ,1117.000000 ,0.000000
3071.100000 ,3621229.397750 ,1118.000000 ,1.000000
3071.100000 ,3621228.138042 ,1119.000000 ,1.000000
3073.900000 ,3621229.575500 ,1120.000000 ,1.000000
3073.900000 ,3621228.957000 ,1121.000000 ,1.000000
3075.300000 ,3621228.796150 ,1122.000000 ,1.000000
3076.700000 ,3621229.575500 ,1123.000000 ,1.000000
3076.700000 ,3621228.138042 ,1124.000000 ,1.000000
3082.300000 ,3621229.152500 ,1125.000000 ,1.000000
3083.700000 ,3621228.138042 ,1126.000000 ,1.000000
3085.100000 ,3621228.871813 ,1127.000000 ,1.000000
3089.300000 ,3621229.411958 ,1128.000000 ,1.000000
3089.300000 ,3621228.871813 ,1129.000000 ,1.000000
3093.500000 ,3621229.941875 ,1130.000000 ,1.000000
3093.500000 ,3621226.607250 ,1131.000000 ,1.000000
3094.900000 ,3621229.941875 ,1132.000000 ,1.000000
3100.500000 ,3621228.049500 ,1133.000000 ,1.000000
3107.500000 ,3621227.401286 ,1134.000000 ,1.000000
3108.900000 ,3621226.607250 ,1135.000000 ,1.000000
3110.300000 ,3621228.871813 ,1136.000000 ,1.000000
3110.300000 ,3621226.607250 ,1137.000000 ,1.000000
3113.100000 ,3621229.599708 ,1138.000000 ,1.000000
3113.100000 ,3621228.727781 ,1139.000000 ,1.000000
3114.500000 ,3621226.607250 ,1140.000000 ,1.000000
3115.900000 ,3621224.426786 ,1141.000000 ,1.000000
3117.300000 ,3621224.956500 ,1142.000000 ,1.000000
3118.700000 ,3621226.607250 ,1143.000000 ,1.000000
3118.700000 ,3621224.956500 ,1144.000000 ,1.000000
3118.700000 ,3621368.921625 ,1145.000000 ,0.000000
3120.100000 ,3621229.599708 ,1146.000000 ,1.000000
3121.500000 ,3621224.956500 ,1147.000000 ,1.000000
3122.900000 ,3621224.663500 ,1148.000000 ,1.000000
3124.300000 ,3621224.847250 ,1149.000000 ,1.000000
3127.100000 ,3621224.956500 ,1150.000000 ,1.000000
3131.300000 ,3621224.603583 ,1151.000000 ,1.000000
3134.100000 ,3621224.847250 ,1152.000000 ,1.000000
3135.500000 ,3621224.956500 ,1153.000000 ,1.000000
3136.900000 ,3621224.794300 ,1154.000000 ,1.000000
3138.300000 ,3621225.750938 ,1155.000000 ,1.000000
3138.300000 ,3621224.794300 ,1156.000000 ,1.000000
3139.700000 ,3621177.041625 ,1157.000000 ,0.000000
3139.700000 ,3621224.478679 ,1158.000000 ,1.000000
3141.100000 ,3621225.750938 ,1159.000000 ,1.000000
3149.500000 ,3621224.478679 ,1160.000000 ,1.000000
3149.500000 ,3621395.021625 ,1161.000000 ,0.000000
3150.900000 ,3621225.001725 ,1162.000000 ,1.000000
3155.100000 ,3621225.001725 ,1163.000000 ,1.000000
3163.500000 ,3621234.881625 ,1164.000000 ,0.000000
3164.900000 ,3621224.887656 ,1165.000000 ,1.000000
3167.700000 ,3621224.794300 ,1166.000000 ,1.000000
3169.100000 ,3621224.746050 ,1167.000000 ,1.000000
3173.300000 ,3621225.642958 ,1168.000000 ,1.000000
3181.700000 ,3621226.655375 ,1169.000000 ,1.000000
3181.700000 ,3621224.420800 ,1170.000000 ,1.000000
3185.900000 ,3621225.642958 ,1171.000000 ,1.000000
3190.100000 ,3621225.005850 ,1172.000000 ,1.000000
3191.500000 ,3621226.655375 ,1173.000000 ,1.000000
3201.300000 ,3621224.420800 ,1174.000000 ,1.000000
3208.300000 ,3621130.541625 ,1175.000000 ,0.000000
3208.300000 ,3621224.950829 ,1176.000000 ,1.000000
3208.300000 ,3621223.726071 ,1177.000000 ,1.000000
3216.700000 ,3621224.950829 ,1178.000000 ,1.000000
3219.500000 ,3621224.950829 ,1179.000000 ,1.000000
3220.900000 ,3621224.328900 ,1180.000000 ,1.000000
3225.100000 ,3621223.596650 ,1181.000000 ,1.000000
3226.500000 ,3621224.328900 ,1182.000000 ,1.000000
3230.700000 ,3621223.583650 ,1183.000000 ,1.000000
3232.100000 ,3621223.191350 ,1184.000000 ,1.000000
3237.700000 ,3621222.608659 ,1185.000000 ,1.000000
3243.300000 ,3621223.388000 ,1186.000000 ,1.000000
3244.700000 ,3621173.321625 ,1187.000000 ,0.000000
3250.300000 ,3621222.349292 ,1188.000000 ,1.000000
3251.700000 ,3621223.112687 ,1189.000000 ,1.000000
3253.100000 ,3621223.112687 ,1190.000000 ,1.000000
3254.500000 ,3621221.200812 ,1191.000000 ,1.000000
3255.900000 ,3621221.739000 ,1192.000000 ,1.000000
3257.300000 ,3621221.739000 ,1193.000000 ,1.000000
3260.100000 ,3621224.955750 ,1194.000000 ,1.000000
3260.100000 ,3621223.112687 ,1195.000000 ,1.000000
3261.500000 ,3621223.112687 ,1196.000000 ,1.000000
3264.300000 ,3621222.676125 ,1197.000000 ,1.000000
3265.700000 ,3621221.878250 ,1198.000000 ,1.000000
3272.700000 ,3621220.089250 ,1199.000000 ,1.000000
3274.100000 ,3621221.502750 ,1200.000000 ,1.000000
3275.500000 ,3621222.349292 ,1201.000000 ,1.000000
3275.500000 ,3621221.878250 ,1202.000000 ,1.000000
3276.900000 ,3621219.969000 ,1203.000000 ,1.000000
3281.100000 ,3621220.309125 ,1204.000000 ,1.000000
3282.500000 ,3621220.089250 ,1205.000000 ,1.000000
3285.300000 ,3621220.089250 ,1206.000000 ,1.000000
3285.300000 ,3621219.674500 ,1207.000000 ,1.000000
3293.700000 ,3621219.735500 ,1208.000000 ,1.000000
3299.300000 ,3621301.541625 ,1209.000000 ,0.000000
3304.900000 ,3621219.613500 ,1210.000000 ,1.000000
3307.700000 ,3621219.720500 ,1211.000000 ,1.000000
3309.100000 ,3621219.720500 ,1212.000000 ,1.000000
3310.500000 ,3621219.720500 ,1213.000000 ,1.000000
3313.300000 ,3621219.720500 ,1214.000000 ,1.000000
3317.500000 ,3621275.681625 ,1215.000000 ,0.000000
3317.500000 ,3621219.831750 ,1216.000000 ,1.000000
3320.300000 ,3621219.831750 ,1217.000000 ,1.000000
3321.700000 ,3621219.831750 ,1218.000000 ,1.000000
3321.700000 ,3621219.259750 ,1219.000000 ,1.000000
3325.900000 ,3621219.831750 ,1220.000000 ,1.000000
3328.700000 ,3621220.139625 ,1221.000000 ,1.000000
3328.700000 ,3621219.756656 ,1222.000000 ,1.000000
3330.100000 ,3621219.945750 ,1223.000000 ,1.000000
3331.500000 ,3621219.831750 ,1224.000000 ,1.000000
3337.100000 ,3621219.945750 ,1225.000000 ,1.000000
3338.500000 ,3621219.720500 ,1226.000000 ,1.000000
3339.900000 ,3621219.832937 ,1227.000000 ,1.000000
3344.100000 ,3621220.139625 ,1228.000000 ,1.000000
3345.500000 ,3621220.139625 ,1229.000000 ,1.000000
3348.300000 ,3621220.139625 ,1230.000000 ,1.000000
3349.700000 ,3621220.562583 ,1231.000000 ,1.000000
3352.500000 ,3621219.681563 ,1232.000000 ,1.000000
3353.900000 ,3621220.784500 ,1233.000000 ,1.000000
3356.700000 ,3621178.301625 ,1234.000000 ,0.000000
3356.700000 ,3621220.139625 ,1235.000000 ,1.000000
3365.100000 ,3621219.599469 ,1236.000000 ,1.000000
3366.500000 ,3621220.562583 ,1237.000000 ,1.000000
3367.900000 ,3621242.321625 ,1238.000000 ,0.000000
3372.100000 ,3621221.499350 ,1239.000000 ,1.000000
3373.500000 ,3621221.094107 ,1240.000000 ,1.000000
3374.900000 ,3621221.094107 ,1241.000000 ,1.000000
3376.300000 ,3621221.783375 ,1242.000000 ,1.000000
3380.500000 ,3621221.094107 ,1243.000000 ,1.000000
3387.500000 ,3621221.094107 ,1244.000000 ,1.000000
3388.900000 ,3621221.783375 ,1245.000000 ,1.000000
3391.700000 ,3621221.307333 ,1246.000000 ,1.000000
3393.100000 ,3621221.783375 ,1247.000000 ,1.000000
3395.900000 ,3621221.499350 ,1248.000000 ,1.000000
3402.900000 ,3621222.074000 ,1249.000000 ,1.000000
3405.700000 ,3621222.074000 ,1250.000000 ,1.000000
3405.700000 ,3621220.565148 ,1251.000000 ,1.000000
3409.900000 ,3621221.399716 ,1252.000000 ,1.000000
3416.900000 ,3621219.313295 ,1253.000000 ,1.000000
3426.700000 ,3621221.399716 ,1254.000000 ,1.000000
3428.100000 ,3621221.399716 ,1255.000000 ,1.000000
3429.500000 ,3621218.061443 ,1256.000000 ,1.000000
3430.900000 ,3621253.421625 ,1257.000000 ,0.000000
3436.500000 ,3621217.226875 ,1258.000000 ,1.000000
3437.900000 ,3621216.472500 ,1259.000000 ,1.000000
3443.500000 ,3621216.472500 ,1260.000000 ,1.000000
3446.300000 ,3621216.472500 ,1261.000000 ,1.000000
3447.700000 ,3621216.472500 ,1262.000000 ,1.000000
3449.100000 ,3621217.644159 ,1263.000000 ,1.000000
3451.900000 ,3621217.322750 ,1264.000000 ,1.000000
3451.900000 ,3621216.472500 ,1265.000000 ,1.000000
3457.500000 ,3621216.472500 ,1266.000000 ,1.000000
3458.900000 ,3621148.781625 ,1267.000000 ,0.000000
3458.900000 ,3621166.601625 ,1268.000000 ,0.000000
3458.900000 ,3621218.727000 ,1269.000000 ,1.000000
3460.300000 ,3621218.460250 ,1270.000000 ,1.000000
3460.300000 ,3621216.421438 ,1271.000000 ,1.000000
3461.700000 ,3621218.727000 ,1272.000000 ,1.000000
3461.700000 ,3621217.322750 ,1273.000000 ,1.000000
3467.300000 ,3621217.719125 ,1274.000000 ,1.000000
3468.700000 ,3621218.417500 ,1275.000000 ,1.000000
3470.100000 ,3621218.727000 ,1276.000000 ,1.000000
3477.100000 ,3621218.727000 ,1277.000000 ,1.000000
3484.100000 ,3621219.011400 ,1278.000000 ,1.000000
3486.900000 ,3621219.197632 ,1279.000000 ,1.000000
3486.900000 ,3621218.068250 ,1280.000000 ,1.000000
3489.700000 ,3621218.834304 ,1281.000000 ,1.000000
3489.700000 ,3621215.615750 ,1282.000000 ,1.000000
3491.100000 ,3621219.197632 ,1283.000000 ,1.000000
3496.700000 ,3621217.354750 ,1284.000000 ,1.000000
3498.100000 ,3621219.145324 ,1285.000000 ,1.000000
3509.300000 ,3621215.808125 ,1286.000000 ,1.000000
3510.700000 ,3621219.011400 ,1287.000000 ,1.000000
3510.700000 ,3621217.354750 ,1288.000000 ,1.000000
3510.700000 ,3621215.808125 ,1289.000000 ,1.000000
3512.100000 ,3621309.101625 ,1290.000000 ,0.000000
3514.900000 ,3621185.681625 ,1291.000000 ,0.000000
3516.300000 ,3621216.662208 ,1292.000000 ,1.000000
3520.500000 ,3621216.965667 ,1293.000000 ,1.000000
3523.300000 ,3621292.961625 ,1294.000000 ,0.000000
3524.700000 ,3621216.868062 ,1295.000000 ,1.000000
3524.700000 ,3621215.694312 ,1296.000000 ,1.000000
3528.900000 ,3621216.924643 ,1297.000000 ,1.000000
3533.100000 ,3621215.808125 ,1298.000000 ,1.000000
3534.500000 ,3621190.601625 ,1299.000000 ,0.000000
3534.500000 ,3621215.808125 ,1300.000000 ,1.000000
3535.900000 ,3621218.185421 ,1301.000000 ,1.000000
3535.900000 ,3621217.830650 ,1302.000000 ,1.000000
3542.900000 ,3621392.321625 ,1303.000000 ,0.000000
3545.700000 ,3621218.185421 ,1304.000000 ,1.000000
3545.700000 ,3621214.941000 ,1305.000000 ,1.000000
3547.100000 ,3621218.185421 ,1306.000000 ,1.000000
3547.100000 ,3621215.694312 ,1307.000000 ,1.000000
3551.300000 ,3621215.475500 ,1308.000000 ,1.000000
3552.700000 ,3621396.281625 ,1309.000000 ,0.000000
3558.300000 ,3621216.544500 ,1310.000000 ,1.000000
3559.700000 ,3621216.544500 ,1311.000000 ,1.000000
3561.100000 ,3621214.874750 ,1312.000000 ,1.000000
3562.500000 ,3621218.021500 ,1313.000000 ,1.000000
3563.900000 ,3621214.941000 ,1314.000000 ,1.000000
3568.100000 ,3621214.941000 ,1315.000000 ,1.000000
3569.500000 ,3621214.941000 ,1316.000000 ,1.000000
3570.900000 ,3621214.941000 ,1317.000000 ,1.000000
3573.700000 ,3621214.941000 ,1318.000000 ,1.000000
3577.900000 ,3621206.441625 ,1319.000000 ,0.000000
3579.300000 ,3621116.021625 ,1320.000000 ,0.000000
3580.700000 ,3621214.874750 ,1321.000000 ,1.000000
3584.900000 ,3621214.874750 ,1322.000000 ,1.000000
3589.100000 ,3621214.874750 ,1323.000000 ,1.000000
3590.500000 ,3621214.874750 ,1324.000000 ,1.000000
3591.900000 ,3621214.874750 ,1325.000000 ,1.000000
3593.300000 ,3621350.261625 ,1326.000000 ,0.000000
3600.300000 ,3621214.861286 ,1327.000000 ,1.000000
3601.700000 ,3621214.861286 ,1328.000000 ,1.000000
3605.900000 ,3621214.854554 ,1329.000000 ,1.000000
3607.300000 ,3621214.851188 ,1330.000000 ,1.000000
3610.100000 ,3621238.541625 ,1331.000000 ,0.000000
3614.300000 ,3621214.837723 ,1332.000000 ,1.000000
3617.100000 ,3621346.301625 ,1333.000000 ,0.000000
3618.500000 ,3621214.830991 ,1334.000000 ,1.000000
3624.100000 ,3621214.811062 ,1335.000000 ,1.000000
3625.500000 ,3621214.794500 ,1336.000000 ,1.000000
3632.500000 ,3621214.737500 ,1337.000000 ,1.000000
3633.900000 ,3621214.737500 ,1338.000000 ,1.000000
3636.700000 ,3621214.737500 ,1339.000000 ,1.000000
3638.100000 ,3621214.737500 ,1340.000000 ,1.000000
3639.500000 ,3621214.718200 ,1341.000000 ,1.000000
3647.900000 ,3621214.557000 ,1342.000000 ,1.000000
3649.300000 ,3621214.620000 ,1343.000000 ,1.000000
3650.700000 ,3621214.599000 ,1344.000000 ,1.000000
3652.100000 ,3621214.599000 ,1345.000000 ,1.000000
3653.500000 ,3621305.621625 ,1346.000000 ,0.000000
3653.500000 ,3621214.578000 ,1347.000000 ,1.000000
3657.700000 ,3621214.541100 ,1348.000000 ,1.000000
3660.500000 ,3621214.509300 ,1349.000000 ,1.000000
3666.100000 ,3621214.488833 ,1350.000000 ,1.000000
3668.900000 ,3621214.488833 ,1351.000000 ,1.000000
3674.500000 ,3621213.967750 ,1352.000000 ,1.000000
3675.900000 ,3621214.488833 ,1353.000000 ,1.000000
3677.300000 ,3621214.488833 ,1354.000000 ,1.000000
3680.100000 ,3621214.186500 ,1355.000000 ,1.000000
3682.900000 ,3621213.967750 ,1356.000000 ,1.000000
3687.100000 ,3621214.488833 ,1357.000000 ,1.000000
3692.700000 ,3621213.507000 ,1358.000000 ,1.000000
3695.500000 ,3621213.507000 ,1359.000000 ,1.000000
3699.700000 ,3621213.274167 ,1360.000000 ,1.000000
3701.100000 ,3621153.341625 ,1361.000000 ,0.000000
3706.700000 ,3621213.274167 ,1362.000000 ,1.000000
3713.700000 ,3621213.507000 ,1363.000000 ,1.000000
3716.500000 ,3621213.339333 ,1364.000000 ,1.000000
3719.300000 ,3621214.135063 ,1365.000000 ,1.000000
3719.300000 ,3621212.259625 ,1366.000000 ,1.000000
3724.900000 ,3621211.744875 ,1367.000000 ,1.000000
3726.300000 ,3621214.135063 ,1368.000000 ,1.000000
3726.300000 ,3621211.744875 ,1369.000000 ,1.000000
3730.500000 ,3621212.522333 ,1370.000000 ,1.000000
3734.700000 ,3621213.441300 ,1371.000000 ,1.000000
3734.700000 ,3621211.744875 ,1372.000000 ,1.000000
3740.300000 ,3621213.027167 ,1373.000000 ,1.000000
3741.700000 ,3621213.027167 ,1374.000000 ,1.000000
3743.100000 ,3621211.897667 ,1375.000000 ,1.000000
3747.300000 ,3621394.721625 ,1376.000000 ,0.000000
3750.100000 ,3621211.897667 ,1377.000000 ,1.000000
3752.900000 ,3621211.897667 ,1378.000000 ,1.000000
3754.300000 ,3621212.974500 ,1379.000000 ,1.000000
3764.100000 ,3621211.627375 ,1380.000000 ,1.000000
3765.500000 ,3621211.913042 ,1381.000000 ,1.000000
3766.900000 ,3621211.913042 ,1382.000000 ,1.000000
3769.700000 ,3621214.633500 ,1383.000000 ,1.000000
3771.100000 ,3621211.827500 ,1384.000000 ,1.000000
3773.900000 ,3621211.913042 ,1385.000000 ,1.000000
3778.100000 ,3621312.881625 ,1386.000000 ,0.000000
3779.500000 ,3621213.366250 ,1387.000000 ,1.000000
3789.300000 ,3621212.111625 ,1388.000000 ,1.000000
3790.700000 ,3621213.366250 ,1389.000000 ,1.000000
3792.100000 ,3621354.641625 ,1390.000000 ,0.000000
3793.500000 ,3621209.876250 ,1391.000000 ,1.000000
3794.900000 ,3621212.346400 ,1392.000000 ,1.000000
3796.300000 ,3621213.332000 ,1393.000000 ,1.000000
3797.700000 ,3621212.111625 ,1394.000000 ,1.000000
3797.700000 ,3621210.070250 ,1395.000000 ,1.000000
3804.700000 ,3621348.641625 ,1396.000000 ,0.000000
3804.700000 ,3621212.581500 ,1397.000000 ,1.000000
3806.100000 ,3621212.292875 ,1398.000000 ,1.000000
3815.900000 ,3621213.353500 ,1399.000000 ,1.000000
3817.300000 ,3621316.241625 ,1400.000000 ,0.000000
3817.300000 ,3621329.501625 ,1401.000000 ,0.000000
3817.300000 ,3621209.339375 ,1402.000000 ,1.000000
3824.300000 ,3621213.353500 ,1403.000000 ,1.000000
3828.500000 ,3621208.852000 ,1404.000000 ,1.000000
3831.300000 ,3621214.432125 ,1405.000000 ,1.000000
3832.700000 ,3621209.339375 ,1406.000000 ,1.000000
3838.300000 ,3621209.339375 ,1407.000000 ,1.000000
3839.700000 ,3621212.764000 ,1408.000000 ,1.000000
3839.700000 ,3621209.339375 ,1409.000000 ,1.000000
3842.500000 ,3621213.121000 ,1410.000000 ,1.000000
3842.500000 ,3621210.334833 ,1411.000000 ,1.000000
3848.100000 ,3621209.130875 ,1412.000000 ,1.000000
3849.500000 ,3621209.339375 ,1413.000000 ,1.000000
3850.900000 ,3621209.130875 ,1414.000000 ,1.000000
3857.900000 ,3621208.852000 ,1415.000000 ,1.000000
3859.300000 ,3621208.977875 ,1416.000000 ,1.000000
3863.500000 ,3621344.141625 ,1417.000000 ,0.000000
3863.500000 ,3621208.334607 ,1418.000000 ,1.000000
3866.300000 ,3621208.837375 ,1419.000000 ,1.000000
3867.700000 ,3621207.742075 ,1420.000000 ,1.000000
3870.500000 ,3621208.334607 ,1421.000000 ,1.000000
3873.300000 ,3621208.481417 ,1422.000000 ,1.000000
3874.700000 ,3621208.481417 ,1423.000000 ,1.000000
3877.500000 ,3621208.481417 ,1424.000000 ,1.000000
3878.900000 ,3621207.452014 ,1425.000000 ,1.000000
3880.300000 ,3621208.481417 ,1426.000000 ,1.000000
3887.300000 ,3621207.250393 ,1427.000000 ,1.000000
3890.100000 ,3621207.452014 ,1428.000000 ,1.000000
3894.300000 ,3621207.452014 ,1429.000000 ,1.000000
3894.300000 ,3621206.794205 ,1430.000000 ,1.000000
3895.700000 ,3621207.250393 ,1431.000000 ,1.000000
3897.100000 ,3621207.250393 ,1432.000000 ,1.000000
3901.300000 ,3621221.441625 ,1433.000000 ,0.000000
3901.300000 ,3621207.250393 ,1434.000000 ,1.000000
3902.700000 ,3621206.913875 ,1435.000000 ,1.000000
3904.100000 ,3621206.913875 ,1436.000000 ,1.000000
3908.300000 ,3621139.001625 ,1437.000000 ,0.000000
3909.700000 ,3621206.913875 ,1438.000000 ,1.000000
3912.500000 ,3621244.481625 ,1439.000000 ,0.000000
3912.500000 ,3621206.913875 ,1440.000000 ,1.000000
3913.900000 ,3621304.361625 ,1441.000000 ,0.000000
3913.900000 ,3621206.388687 ,1442.000000 ,1.000000
3925.100000 ,3621205.914839 ,1443.000000 ,1.000000
3927.900000 ,3621206.045043 ,1444.000000 ,1.000000
3937.700000 ,3621118.001625 ,1445.000000 ,0.000000
3939.100000 ,3621205.798850 ,1446.000000 ,1.000000
3943.300000 ,3621204.791417 ,1447.000000 ,1.000000
3944.700000 ,3621336.341625 ,1448.000000 ,0.000000
3947.500000 ,3621205.161125 ,1449.000000 ,1.000000
3951.700000 ,3621204.791417 ,1450.000000 ,1.000000
3954.500000 ,3621204.999036 ,1451.000000 ,1.000000
3955.900000 ,3621318.101625 ,1452.000000 ,0.000000
3955.900000 ,3621203.860000 ,1453.000000 ,1.000000
3957.300000 ,3621205.101425 ,1454.000000 ,1.000000
3958.700000 ,3621204.739500 ,1455.000000 ,1.000000
3960.100000 ,3621204.791417 ,1456.000000 ,1.000000
3961.500000 ,3621203.860000 ,1457.000000 ,1.000000
3962.900000 ,3621204.535667 ,1458.000000 ,1.000000
3964.300000 ,3621375.161625 ,1459.000000 ,0.000000
3965.700000 ,3621205.258583 ,1460.000000 ,1.000000
3965.700000 ,3621204.739500 ,1461.000000 ,1.000000
3967.100000 ,3621204.931000 ,1462.000000 ,1.000000
3971.300000 ,3621203.860000 ,1463.000000 ,1.000000
3978.300000 ,3621203.499500 ,1464.000000 ,1.000000
3979.700000 ,3621203.860000 ,1465.000000 ,1.000000
3982.500000 ,3621205.258583 ,1466.000000 ,1.000000
3982.500000 ,3621203.499500 ,1467.000000 ,1.000000
3985.300000 ,3621203.499500 ,1468.000000 ,1.000000
3988.100000 ,3621204.762083 ,1469.000000 ,1.000000
3989.500000 ,3621202.908800 ,1470.000000 ,1.000000
3997.900000 ,3621202.833321 ,1471.000000 ,1.000000
3999.300000 ,3621202.714571 ,1472.000000 ,1.000000
4000.700000 ,3621202.714571 ,1473.000000 ,1.000000
4002.100000 ,3621202.833321 ,1474.000000 ,1.000000
4003.500000 ,3621202.908800 ,1475.000000 ,1.000000
4006.300000 ,3621201.933188 ,1476.000000 ,1.000000
4007.700000 ,3621201.933188 ,1477.000000 ,1.000000
4009.100000 ,3621203.133429 ,1478.000000 ,1.000000
4014.700000 ,3621201.566750 ,1479.000000 ,1.000000
4020.300000 ,3621201.963500 ,1480.000000 ,1.000000
4023.100000 ,3621202.558464 ,1481.000000 ,1.000000
4024.500000 ,3621201.963500 ,1482.000000 ,1.000000
4027.300000 ,3621202.386500 ,1483.000000 ,1.000000
4030.100000 ,3621202.386500 ,1484.000000 ,1.000000
4031.500000 ,3621202.386500 ,1485.000000 ,1.000000
4035.700000 ,3621247.661625 ,1486.000000 ,0.000000
4035.700000 ,3621201.963500 ,1487.000000 ,1.000000
4037.100000 ,3621202.386500 ,1488.000000 ,1.000000
4038.500000 ,3621201.353250 ,1489.000000 ,1.000000
4039.900000 ,3621201.120750 ,1490.000000 ,1.000000
4041.300000 ,3621201.353250 ,1491.000000 ,1.000000
4044.100000 ,3621201.401667 ,1492.000000 ,1.000000
4045.500000 ,3621344.981625 ,1493.000000 ,0.000000
4049.700000 ,3621201.401667 ,1494.000000 ,1.000000
4049.700000 ,3621200.589250 ,1495.000000 ,1.000000
4051.100000 ,3621200.461950 ,1496.000000 ,1.000000
4052.500000 ,3621200.589250 ,1497.000000 ,1.000000
4055.300000 ,3621200.589250 ,1498.000000 ,1.000000
4066.500000 ,3621201.216650 ,1499.000000 ,1.000000
4069.300000 ,3621355.841625 ,1500.000000 ,0.000000
4069.300000 ,3621201.216650 ,1501.000000 ,1.000000
4074.900000 ,3621201.837000 ,1502.000000 ,1.000000
4076.300000 ,3621201.216650 ,1503.000000 ,1.000000
4081.900000 ,3621202.265094 ,1504.000000 ,1.000000
4083.300000 ,3621228.221625 ,1505.000000 ,0.000000
4088.900000 ,3621204.548833 ,1506.000000 ,1.000000
4091.700000 ,3621325.181625 ,1507.000000 ,0.000000
4091.700000 ,3621202.480000 ,1508.000000 ,1.000000
4098.700000 ,3621202.432000 ,1509.000000 ,1.000000
4101.500000 ,3621200.525750 ,1510.000000 ,1.000000
4107.100000 ,3621204.548833 ,1511.000000 ,1.000000
4109.900000 ,3621202.176063 ,1512.000000 ,1.000000
4115.500000 ,3621202.781625 ,1513.000000 ,0.000000
4125.300000 ,3621200.834250 ,1514.000000 ,1.000000
4133.700000 ,3621200.694875 ,1515.000000 ,1.000000
4135.100000 ,3621202.176063 ,1516.000000 ,1.000000
4143.500000 ,3621197.112750 ,1517.000000 ,1.000000
4146.300000 ,3621203.118500 ,1518.000000 ,1.000000
4147.700000 ,3621199.835750 ,1519.000000 ,1.000000
4147.700000 ,3621197.112750 ,1520.000000 ,1.000000
4149.100000 ,3621200.460000 ,1521.000000 ,1.000000
4154.700000 ,3621200.980187 ,1522.000000 ,1.000000
4158.900000 ,3621197.112750 ,1523.000000 ,1.000000
4170.100000 ,3621201.141042 ,1524.000000 ,1.000000
4171.500000 ,3621213.161625 ,1525.000000 ,0.000000
4171.500000 ,3621201.141042 ,1526.000000 ,1.000000
4172.900000 ,3621201.632219 ,1527.000000 ,1.000000
4174.300000 ,3621201.141042 ,1528.000000 ,1.000000
4175.700000 ,3621201.769972 ,1529.000000 ,1.000000
4177.100000 ,3621200.794800 ,1530.000000 ,1.000000
4177.100000 ,3621198.841875 ,1531.000000 ,1.000000
4178.500000 ,3621200.794800 ,1532.000000 ,1.000000
4182.700000 ,3621202.149312 ,1533.000000 ,1.000000
4184.100000 ,3621315.401625 ,1534.000000 ,0.000000
4186.900000 ,3621201.141042 ,1535.000000 ,1.000000
4189.700000 ,3621202.657708 ,1536.000000 ,1.000000
4191.100000 ,3621197.685000 ,1537.000000 ,1.000000
4202.300000 ,3621200.653607 ,1538.000000 ,1.000000
4203.700000 ,3621249.701625 ,1539.000000 ,0.000000
4203.700000 ,3621201.912000 ,1540.000000 ,1.000000
4205.100000 ,3621201.295875 ,1541.000000 ,1.000000
4205.100000 ,3621199.572000 ,1542.000000 ,1.000000
4206.500000 ,3621202.657708 ,1543.000000 ,1.000000
4207.900000 ,3621202.839250 ,1544.000000 ,1.000000
4207.900000 ,3621201.912000 ,1545.000000 ,1.000000
4209.300000 ,3621198.637250 ,1546.000000 ,1.000000
4212.100000 ,3621202.839250 ,1547.000000 ,1.000000
4212.100000 ,3621201.776583 ,1548.000000 ,1.000000
4213.500000 ,3621202.839250 ,1549.000000 ,1.000000
4216.300000 ,3621202.208775 ,1550.000000 ,1.000000
4217.700000 ,3621202.208775 ,1551.000000 ,1.000000
4217.700000 ,3621199.684850 ,1552.000000 ,1.000000
4220.500000 ,3621202.839250 ,1553.000000 ,1.000000
4223.300000 ,3621201.912000 ,1554.000000 ,1.000000
4228.900000 ,3621202.839250 ,1555.000000 ,1.000000
4230.300000 ,3621201.912000 ,1556.000000 ,1.000000
4233.100000 ,3621199.684850 ,1557.000000 ,1.000000
4234.500000 ,3621202.538750 ,1558.000000 ,1.000000
4237.300000 ,3621202.538750 ,1559.000000 ,1.000000
4238.700000 ,3621198.637250 ,1560.000000 ,1.000000
4240.100000 ,3621200.145875 ,1561.000000 ,1.000000
4245.700000 ,3621202.775583 ,1562.000000 ,1.000000
4247.100000 ,3621146.621625 ,1563.000000 ,0.000000
4248.500000 ,3621201.757500 ,1564.000000 ,1.000000
4249.900000 ,3621201.371000 ,1565.000000 ,1.000000
4251.300000 ,3621354.161625 ,1566.000000 ,0.000000
4251.300000 ,3621201.757500 ,1567.000000 ,1.000000
4255.500000 ,3621201.757500 ,1568.000000 ,1.000000
4258.300000 ,3621201.757500 ,1569.000000 ,1.000000
4263.900000 ,3621201.757500 ,1570.000000 ,1.000000
4266.700000 ,3621201.757500 ,1571.000000 ,1.000000
4270.900000 ,3621332.501625 ,1572.000000 ,0.000000
4272.300000 ,3621198.555031 ,1573.000000 ,1.000000
4272.300000 ,3621197.044250 ,1574.000000 ,1.000000
4273.700000 ,3621200.925062 ,1575.000000 ,1.000000
4275.100000 ,3621199.964389 ,1576.000000 ,1.000000
4276.500000 ,3621373.361625 ,1577.000000 ,0.000000
4276.500000 ,3621200.925062 ,1578.000000 ,1.000000
4277.900000 ,3621200.925062 ,1579.000000 ,1.000000
4279.300000 ,3621199.423750 ,1580.000000 ,1.000000
4280.700000 ,3621200.356500 ,1581.000000 ,1.000000
4280.700000 ,3621198.555031 ,1582.000000 ,1.000000
4282.100000 ,3621199.423750 ,1583.000000 ,1.000000
4284.900000 ,3621201.154667 ,1584.000000 ,1.000000
4284.900000 ,3621197.686312 ,1585.000000 ,1.000000
4287.700000 ,3621153.581625 ,1586.000000 ,0.000000
4290.500000 ,3621322.781625 ,1587.000000 ,0.000000
4293.300000 ,3621200.167833 ,1588.000000 ,1.000000
4298.900000 ,3621200.167833 ,1589.000000 ,1.000000
4300.300000 ,3621199.964389 ,1590.000000 ,1.000000
4304.500000 ,3621200.232500 ,1591.000000 ,1.000000
4305.900000 ,3621249.701625 ,1592.000000 ,0.000000
4307.300000 ,3621223.361625 ,1593.000000 ,0.000000
4307.300000 ,3621200.636625 ,1594.000000 ,1.000000
4307.300000 ,3621198.642500 ,1595.000000 ,1.000000
4310.100000 ,3621199.924750 ,1596.000000 ,1.000000
4312.900000 ,3621199.905000 ,1597.000000 ,1.000000
4314.300000 ,3621200.232500 ,1598.000000 ,1.000000
4315.700000 ,3621198.642500 ,1599.000000 ,1.000000
4318.500000 ,3621199.905000 ,1600.000000 ,1.000000
4325.500000 ,3621199.905000 ,1601.000000 ,1.000000
4328.300000 ,3621199.296000 ,1602.000000 ,1.000000
4332.500000 ,3621199.541625 ,1603.000000 ,1.000000
4335.300000 ,3621199.887250 ,1604.000000 ,1.000000
4338.100000 ,3621199.869875 ,1605.000000 ,1.000000
4339.500000 ,3621199.541625 ,1606.000000 ,1.000000
4340.900000 ,3621199.716500 ,1607.000000 ,1.000000
4342.300000 ,3621198.100125 ,1608.000000 ,1.000000
4345.100000 ,3621199.049625 ,1609.000000 ,1.000000
4345.100000 ,3621198.100125 ,1610.000000 ,1.000000
4346.500000 ,3621199.307050 ,1611.000000 ,1.000000
4350.700000 ,3621335.981625 ,1612.000000 ,0.000000
4350.700000 ,3621199.390375 ,1613.000000 ,1.000000
4352.100000 ,3621199.307050 ,1614.000000 ,1.000000
4353.500000 ,3621372.101625 ,1615.000000 ,0.000000
4354.900000 ,3621301.841625 ,1616.000000 ,0.000000
4354.900000 ,3621199.390375 ,1617.000000 ,1.000000
4357.700000 ,3621199.716500 ,1618.000000 ,1.000000
4359.100000 ,3621199.390375 ,1619.000000 ,1.000000
4359.100000 ,3621198.769286 ,1620.000000 ,1.000000
4363.300000 ,3621197.681250 ,1621.000000 ,1.000000
4366.100000 ,3621199.119250 ,1622.000000 ,1.000000
4368.900000 ,3621199.119250 ,1623.000000 ,1.000000
4370.300000 ,3621198.026179 ,1624.000000 ,1.000000
4371.700000 ,3621197.275450 ,1625.000000 ,1.000000
4373.100000 ,3621198.627393 ,1626.000000 ,1.000000
4375.900000 ,3621199.119250 ,1627.000000 ,1.000000
4377.300000 ,3621198.627393 ,1628.000000 ,1.000000
4398.300000 ,3621197.914062 ,1629.000000 ,1.000000
4399.700000 ,3621277.421625 ,1630.000000 ,0.000000
4402.500000 ,3621196.968917 ,1631.000000 ,1.000000
4405.300000 ,3621197.914062 ,1632.000000 ,1.000000
4405.300000 ,3621197.332667 ,1633.000000 ,1.000000
4408.100000 ,3621333.041625 ,1634.000000 ,0.000000
4409.500000 ,3621197.914062 ,1635.000000 ,1.000000
4412.300000 ,3621368.261625 ,1636.000000 ,0.000000
4412.300000 ,3621198.220083 ,1637.000000 ,1.000000
4417.900000 ,3621197.914062 ,1638.000000 ,1.000000
4419.300000 ,3621196.957922 ,1639.000000 ,1.000000
4420.700000 ,3621197.832875 ,1640.000000 ,1.000000
4420.700000 ,3621196.563099 ,1641.000000 ,1.000000
4424.900000 ,3621197.832875 ,1642.000000 ,1.000000
4424.900000 ,3621196.563099 ,1643.000000 ,1.000000
4424.900000 ,3621195.063625 ,1644.000000 ,1.000000
4426.300000 ,3621197.155333 ,1645.000000 ,1.000000
4427.700000 ,3621197.832875 ,1646.000000 ,1.000000
4430.500000 ,3621196.957922 ,1647.000000 ,1.000000
4430.500000 ,3621196.563099 ,1648.000000 ,1.000000
4433.300000 ,3621196.199500 ,1649.000000 ,1.000000
4437.500000 ,3621195.335429 ,1650.000000 ,1.000000
4443.100000 ,3621202.601625 ,1651.000000 ,0.000000
4443.100000 ,3621235.661625 ,1652.000000 ,0.000000
4444.500000 ,3621155.501625 ,1653.000000 ,0.000000
4444.500000 ,3621195.617250 ,1654.000000 ,1.000000
4450.100000 ,3621195.019929 ,1655.000000 ,1.000000
4452.900000 ,3621194.071875 ,1656.000000 ,1.000000
4457.100000 ,3621308.921625 ,1657.000000 ,0.000000
4459.900000 ,3621217.421625 ,1658.000000 ,0.000000
4461.300000 ,3621195.335429 ,1659.000000 ,1.000000
4464.100000 ,3621195.335429 ,1660.000000 ,1.000000
4464.100000 ,3621194.071875 ,1661.000000 ,1.000000
4465.500000 ,3621195.335429 ,1662.000000 ,1.000000
4466.900000 ,3621195.335429 ,1663.000000 ,1.000000
4469.700000 ,3621195.788000 ,1664.000000 ,1.000000
4473.900000 ,3621195.193625 ,1665.000000 ,1.000000
4476.700000 ,3621195.788000 ,1666.000000 ,1.000000
4479.500000 ,3621195.788000 ,1667.000000 ,1.000000
4483.700000 ,3621395.081625 ,1668.000000 ,0.000000
4483.700000 ,3621193.784000 ,1669.000000 ,1.000000
4485.100000 ,3621308.741625 ,1670.000000 ,0.000000
4490.700000 ,3621195.560091 ,1671.000000 ,1.000000
4496.300000 ,3621171.701625 ,1672.000000 ,0.000000
4497.700000 ,3621189.041625 ,1673.000000 ,0.000000
4499.100000 ,3621195.766083 ,1674.000000 ,1.000000
4500.500000 ,3621195.788750 ,1675.000000 ,1.000000
4504.700000 ,3621195.093643 ,1676.000000 ,1.000000
4506.100000 ,3621195.788750 ,1677.000000 ,1.000000
4506.100000 ,3621193.955000 ,1678.000000 ,1.000000
4508.900000 ,3621195.302917 ,1679.000000 ,1.000000
4508.900000 ,3621192.773750 ,1680.000000 ,1.000000
4511.700000 ,3621195.788750 ,1681.000000 ,1.000000
4514.500000 ,3621195.788750 ,1682.000000 ,1.000000
4517.300000 ,3621193.955000 ,1683.000000 ,1.000000
4518.700000 ,3621220.181625 ,1684.000000 ,0.000000
4520.100000 ,3621194.269583 ,1685.000000 ,1.000000
4521.500000 ,3621195.302917 ,1686.000000 ,1.000000
4521.500000 ,3621192.773750 ,1687.000000 ,1.000000
4525.700000 ,3621195.049750 ,1688.000000 ,1.000000
4527.100000 ,3621157.661625 ,1689.000000 ,0.000000
4528.500000 ,3621195.188500 ,1690.000000 ,1.000000
4531.300000 ,3621195.188500 ,1691.000000 ,1.000000
4539.700000 ,3621195.194833 ,1692.000000 ,1.000000
4539.700000 ,3621194.346167 ,1693.000000 ,1.000000
4548.100000 ,3621195.194833 ,1694.000000 ,1.000000
4548.100000 ,3621194.620417 ,1695.000000 ,1.000000
4548.100000 ,3621192.581000 ,1696.000000 ,1.000000
4560.700000 ,3621195.505167 ,1697.000000 ,1.000000
4562.100000 ,3621194.346167 ,1698.000000 ,1.000000
4564.900000 ,3621167.561625 ,1699.000000 ,0.000000
4564.900000 ,3621195.194833 ,1700.000000 ,1.000000
4566.300000 ,3621305.801625 ,1701.000000 ,0.000000
4567.700000 ,3621195.505167 ,1702.000000 ,1.000000
4569.100000 ,3621121.241625 ,1703.000000 ,0.000000
4569.100000 ,3621191.883458 ,1704.000000 ,1.000000
4570.500000 ,3621284.441625 ,1705.000000 ,0.000000
4571.900000 ,3621115.901625 ,1706.000000 ,0.000000
4581.700000 ,3621195.487250 ,1707.000000 ,1.000000
4584.500000 ,3621193.816894 ,1708.000000 ,1.000000
4585.900000 ,3621193.921063 ,1709.000000 ,1.000000
4588.700000 ,3621193.348333 ,1710.000000 ,1.000000
4591.500000 ,3621193.587500 ,1711.000000 ,1.000000
4592.900000 ,3621191.634312 ,1712.000000 ,1.000000
4595.700000 ,3621299.561625 ,1713.000000 ,0.000000
4599.900000 ,3621192.493000 ,1714.000000 ,1.000000
4601.300000 ,3621193.587500 ,1715.000000 ,1.000000
4602.700000 ,3621192.093875 ,1716.000000 ,1.000000
4604.100000 ,3621336.761625 ,1717.000000 ,0.000000
4605.500000 ,3621192.965625 ,1718.000000 ,1.000000
4608.300000 ,3621190.601625 ,1719.000000 ,0.000000
4608.300000 ,3621194.772500 ,1720.000000 ,1.000000
4613.900000 ,3621194.772500 ,1721.000000 ,1.000000
4615.300000 ,3621191.600150 ,1722.000000 ,1.000000
4615.300000 ,3621190.226000 ,1723.000000 ,1.000000
4616.700000 ,3621191.009389 ,1724.000000 ,1.000000
4618.100000 ,3621193.163786 ,1725.000000 ,1.000000
4619.500000 ,3621232.961625 ,1726.000000 ,0.000000
4620.900000 ,3621194.772500 ,1727.000000 ,1.000000
4622.300000 ,3621192.483700 ,1728.000000 ,1.000000
4623.700000 ,3621194.772500 ,1729.000000 ,1.000000
4627.900000 ,3621190.577775 ,1730.000000 ,1.000000
4632.100000 ,3621192.483700 ,1731.000000 ,1.000000
4636.300000 ,3621191.103500 ,1732.000000 ,1.000000
4637.700000 ,3621193.723250 ,1733.000000 ,1.000000
4640.500000 ,3621190.577775 ,1734.000000 ,1.000000
4644.700000 ,3621191.426000 ,1735.000000 ,1.000000
4646.100000 ,3621190.760600 ,1736.000000 ,1.000000
4647.500000 ,3621190.577775 ,1737.000000 ,1.000000
4648.900000 ,3621190.577775 ,1738.000000 ,1.000000
4650.300000 ,3621191.426000 ,1739.000000 ,1.000000
4658.700000 ,3621311.261625 ,1740.000000 ,0.000000
4658.700000 ,3621191.103500 ,1741.000000 ,1.000000
4727.300000 ,3621138.281625 ,1742.000000 ,0.000000
4758.100000 ,3621181.241625 ,1743.000000 ,0.000000
4777.700000 ,3621129.161625 ,1744.000000 ,0.000000
4791.700000 ,3621159.341625 ,1745.000000 ,0.000000
4794.500000 ,3621360.641625 ,1746.000000 ,0.000000
4814.100000 ,3621228.281625 ,1747.000000 ,0.000000
4815.500000 ,3621349.481625 ,1748.000000 ,0.000000
4819.700000 ,3621164.681625 ,1749.000000 ,0.000000
4825.300000 ,3621128.321625 ,1750.000000 ,0.000000
4825.300000 ,3621271.901625 ,1751.000000 ,0.000000
4828.100000 ,3621404.681625 ,1752.000000 ,0.000000
4832.300000 ,3621331.421625 ,1753.000000 ,0.000000
4840.700000 ,3621174.521625 ,1754.000000 ,0.000000
4843.500000 ,3621325.301625 ,1755.000000 ,0.000000
4863.100000 ,3621381.101625 ,1756.000000 ,0.000000
4907.900000 ,3621360.641625 ,1757.000000 ,0.000000
4930.300000 ,3621164.981625 ,1758.000000 ,0.000000
4975.100000 ,3621208.241625 ,1759.000000 ,0.000000
