10.700000 ,3621319.565139 ,1.000000 ,1.000000
13.500000 ,3621150.333000 ,2.000000 ,0.000000
13.500000 ,3621319.833000 ,3.000000 ,0.000000
16.300000 ,3621319.521306 ,4.000000 ,1.000000
19.100000 ,3621319.506695 ,5.000000 ,1.000000
21.900000 ,3621319.492084 ,6.000000 ,1.000000
24.700000 ,3621319.462861 ,7.000000 ,1.000000
26.100000 ,3621319.462861 ,8.000000 ,1.000000
30.300000 ,3621319.287529 ,9.000000 ,1.000000
33.100000 ,3621319.404417 ,10.000000 ,1.000000
35.900000 ,3621319.389806 ,11.000000 ,1.000000
37.300000 ,3621319.375195 ,12.000000 ,1.000000
38.700000 ,3621393.513000 ,13.000000 ,0.000000
40.100000 ,3621319.360584 ,14.000000 ,1.000000
41.500000 ,3621147.933000 ,15.000000 ,0.000000
45.700000 ,3621149.613000 ,16.000000 ,0.000000
48.500000 ,3621319.287529 ,17.000000 ,1.000000
52.700000 ,3621319.258306 ,18.000000 ,1.000000
54.100000 ,3621319.258306 ,19.000000 ,1.000000
72.300000 ,3621319.112196 ,20.000000 ,1.000000
73.700000 ,3621132.693000 ,21.000000 ,0.000000
77.900000 ,3621319.082974 ,22.000000 ,1.000000
83.500000 ,3621319.039140 ,23.000000 ,1.000000
84.900000 ,3621319.024529 ,24.000000 ,1.000000
87.700000 ,3621319.009918 ,25.000000 ,1.000000
89.100000 ,3621318.995307 ,26.000000 ,1.000000
94.700000 ,3621318.951474 ,27.000000 ,1.000000
96.100000 ,3621203.733000 ,28.000000 ,0.000000
96.100000 ,3621318.951474 ,29.000000 ,1.000000
101.700000 ,3621318.907641 ,30.000000 ,1.000000
103.100000 ,3621318.893030 ,31.000000 ,1.000000
108.700000 ,3621318.849196 ,32.000000 ,1.000000
110.100000 ,3621318.849196 ,33.000000 ,1.000000
115.700000 ,3621318.805363 ,34.000000 ,1.000000
119.900000 ,3621318.776141 ,35.000000 ,1.000000
124.100000 ,3621318.746919 ,36.000000 ,1.000000
132.500000 ,3621318.630030 ,37.000000 ,1.000000
136.700000 ,3621318.644641 ,38.000000 ,1.000000
138.100000 ,3621318.644641 ,39.000000 ,1.000000
139.500000 ,3621318.630030 ,40.000000 ,1.000000
140.900000 ,3621187.353000 ,41.000000 ,0.000000
145.100000 ,3621323.793000 ,42.000000 ,0.000000
147.900000 ,3621318.571586 ,43.000000 ,1.000000
152.100000 ,3621318.542364 ,44.000000 ,1.000000
153.500000 ,3621318.527753 ,45.000000 ,1.000000
159.100000 ,3621318.483920 ,46.000000 ,1.000000
163.300000 ,3621318.454697 ,47.000000 ,1.000000
166.100000 ,3621318.440086 ,48.000000 ,1.000000
166.100000 ,3621401.673000 ,49.000000 ,0.000000
167.500000 ,3621318.425475 ,50.000000 ,1.000000
170.300000 ,3621378.873000 ,51.000000 ,0.000000
174.500000 ,3621318.367031 ,52.000000 ,1.000000
175.900000 ,3621318.367031 ,53.000000 ,1.000000
178.700000 ,3621318.337809 ,54.000000 ,1.000000
180.100000 ,3621318.337809 ,55.000000 ,1.000000
181.500000 ,3621318.323198 ,56.000000 ,1.000000
187.100000 ,3621318.279365 ,57.000000 ,1.000000
189.900000 ,3621318.264754 ,58.000000 ,1.000000
192.700000 ,3621255.453000 ,59.000000 ,0.000000
194.100000 ,3621318.235531 ,60.000000 ,1.000000
198.300000 ,3621318.191698 ,61.000000 ,1.000000
201.100000 ,3621318.177087 ,62.000000 ,1.000000
203.900000 ,3621318.162476 ,63.000000 ,1.000000
208.100000 ,3621318.133254 ,64.000000 ,1.000000
212.300000 ,3621318.089421 ,65.000000 ,1.000000
213.700000 ,3621318.089421 ,66.000000 ,1.000000
216.500000 ,3621114.993000 ,67.000000 ,0.000000
223.500000 ,3621318.016365 ,68.000000 ,1.000000
224.900000 ,3621318.001754 ,69.000000 ,1.000000
226.300000 ,3621317.987143 ,70.000000 ,1.000000
230.500000 ,3621317.957921 ,71.000000 ,1.000000
231.900000 ,3621317.957921 ,72.000000 ,1.000000
241.700000 ,3621353.373000 ,73.000000 ,0.000000
243.100000 ,3621317.870255 ,74.000000 ,1.000000
244.500000 ,3621317.855644 ,75.000000 ,1.000000
247.300000 ,3621317.841032 ,76.000000 ,1.000000
250.100000 ,3621317.826421 ,77.000000 ,1.000000
255.700000 ,3621317.782588 ,78.000000 ,1.000000
257.100000 ,3621317.767977 ,79.000000 ,1.000000
265.500000 ,3621317.709533 ,80.000000 ,1.000000
266.900000 ,3621317.694922 ,81.000000 ,1.000000
269.700000 ,3621317.680311 ,82.000000 ,1.000000
273.900000 ,3621317.651089 ,83.000000 ,1.000000
276.700000 ,3621317.621866 ,84.000000 ,1.000000
283.700000 ,3621317.578033 ,85.000000 ,1.000000
290.700000 ,3621317.519589 ,86.000000 ,1.000000
301.900000 ,3621317.446534 ,87.000000 ,1.000000
306.100000 ,3621317.417311 ,88.000000 ,1.000000
307.500000 ,3621317.402700 ,89.000000 ,1.000000
308.900000 ,3621317.388089 ,90.000000 ,1.000000
310.300000 ,3621317.373478 ,91.000000 ,1.000000
314.500000 ,3621317.344256 ,92.000000 ,1.000000
317.300000 ,3621171.273000 ,93.000000 ,0.000000
317.300000 ,3621339.873000 ,94.000000 ,0.000000
318.700000 ,3621317.315034 ,95.000000 ,1.000000
320.100000 ,3621317.315034 ,96.000000 ,1.000000
321.500000 ,3621317.300423 ,97.000000 ,1.000000
322.900000 ,3621317.285812 ,98.000000 ,1.000000
324.300000 ,3621317.271201 ,99.000000 ,1.000000
325.700000 ,3621134.253000 ,100.000000 ,0.000000
327.100000 ,3621317.256590 ,101.000000 ,1.000000
328.500000 ,3621317.241979 ,102.000000 ,1.000000
331.300000 ,3621317.227367 ,103.000000 ,1.000000
331.300000 ,3621400.053000 ,104.000000 ,0.000000
334.100000 ,3621317.125090 ,105.000000 ,1.000000
336.900000 ,3621317.183534 ,106.000000 ,1.000000
341.100000 ,3621138.453000 ,107.000000 ,0.000000
341.100000 ,3621317.154312 ,108.000000 ,1.000000
342.500000 ,3621317.139701 ,109.000000 ,1.000000
346.700000 ,3621317.110479 ,110.000000 ,1.000000
348.100000 ,3621317.110479 ,111.000000 ,1.000000
350.900000 ,3621317.081257 ,112.000000 ,1.000000
355.100000 ,3621317.052035 ,113.000000 ,1.000000
370.500000 ,3621316.935146 ,114.000000 ,1.000000
371.900000 ,3621316.935146 ,115.000000 ,1.000000
374.700000 ,3621361.953000 ,116.000000 ,0.000000
383.100000 ,3621316.847480 ,117.000000 ,1.000000
383.100000 ,3621387.993000 ,118.000000 ,0.000000
391.500000 ,3621316.789035 ,119.000000 ,1.000000
394.300000 ,3621316.759813 ,120.000000 ,1.000000
397.100000 ,3621316.745202 ,121.000000 ,1.000000
398.500000 ,3621316.686758 ,122.000000 ,1.000000
399.900000 ,3621316.730591 ,123.000000 ,1.000000
399.900000 ,3621253.293000 ,124.000000 ,0.000000
402.700000 ,3621316.701369 ,125.000000 ,1.000000
408.300000 ,3621316.657536 ,126.000000 ,1.000000
409.700000 ,3621316.657536 ,127.000000 ,1.000000
411.100000 ,3621316.642925 ,128.000000 ,1.000000
411.100000 ,3621212.253000 ,129.000000 ,0.000000
415.300000 ,3621316.613702 ,130.000000 ,1.000000
418.100000 ,3621316.599091 ,131.000000 ,1.000000
420.900000 ,3621316.569869 ,132.000000 ,1.000000
425.100000 ,3621316.540647 ,133.000000 ,1.000000
425.100000 ,3621379.293000 ,134.000000 ,0.000000
430.700000 ,3621316.496814 ,135.000000 ,1.000000
432.100000 ,3621316.496814 ,136.000000 ,1.000000
437.700000 ,3621316.409148 ,137.000000 ,1.000000
440.500000 ,3621316.423759 ,138.000000 ,1.000000
444.700000 ,3621316.394536 ,139.000000 ,1.000000
447.500000 ,3621112.533000 ,140.000000 ,0.000000
448.900000 ,3621316.365314 ,141.000000 ,1.000000
451.700000 ,3621105.153000 ,142.000000 ,0.000000
454.500000 ,3621316.321481 ,143.000000 ,1.000000
457.300000 ,3621316.306870 ,144.000000 ,1.000000
460.100000 ,3621316.292259 ,145.000000 ,1.000000
462.900000 ,3621316.263037 ,146.000000 ,1.000000
468.500000 ,3621316.219204 ,147.000000 ,1.000000
469.900000 ,3621316.219204 ,148.000000 ,1.000000
471.300000 ,3621319.473000 ,149.000000 ,0.000000
478.300000 ,3621316.146148 ,150.000000 ,1.000000
482.500000 ,3621316.116926 ,151.000000 ,1.000000
483.900000 ,3621316.116926 ,152.000000 ,1.000000
486.700000 ,3621316.087704 ,153.000000 ,1.000000
488.100000 ,3621316.087704 ,154.000000 ,1.000000
495.100000 ,3621315.985426 ,155.000000 ,1.000000
497.900000 ,3621316.014649 ,156.000000 ,1.000000
500.700000 ,3621357.033000 ,157.000000 ,0.000000
503.500000 ,3621315.970815 ,158.000000 ,1.000000
507.700000 ,3621315.941593 ,159.000000 ,1.000000
507.700000 ,3621299.013000 ,160.000000 ,0.000000
511.900000 ,3621315.912371 ,161.000000 ,1.000000
520.300000 ,3621133.293000 ,162.000000 ,0.000000
521.700000 ,3621315.839316 ,163.000000 ,1.000000
527.300000 ,3621315.795482 ,164.000000 ,1.000000
528.700000 ,3621315.780871 ,165.000000 ,1.000000
531.500000 ,3621161.613000 ,166.000000 ,0.000000
532.900000 ,3621315.751649 ,167.000000 ,1.000000
532.900000 ,3621370.653000 ,168.000000 ,0.000000
534.300000 ,3621315.737038 ,169.000000 ,1.000000
537.100000 ,3621315.722427 ,170.000000 ,1.000000
541.300000 ,3621315.693205 ,171.000000 ,1.000000
542.700000 ,3621315.678594 ,172.000000 ,1.000000
545.500000 ,3621315.663983 ,173.000000 ,1.000000
548.300000 ,3621193.533000 ,174.000000 ,0.000000
548.300000 ,3621315.415595 ,175.000000 ,1.000000
552.500000 ,3621315.605539 ,176.000000 ,1.000000
553.900000 ,3621315.605539 ,177.000000 ,1.000000
559.500000 ,3621315.517872 ,178.000000 ,1.000000
576.300000 ,3621315.430206 ,179.000000 ,1.000000
577.700000 ,3621315.430206 ,180.000000 ,1.000000
580.500000 ,3621315.357150 ,181.000000 ,1.000000
580.500000 ,3621396.033000 ,182.000000 ,0.000000
583.300000 ,3621315.342539 ,183.000000 ,1.000000
584.700000 ,3621315.371761 ,184.000000 ,1.000000
586.100000 ,3621315.371761 ,185.000000 ,1.000000
587.500000 ,3621315.357150 ,186.000000 ,1.000000
588.900000 ,3621315.342539 ,187.000000 ,1.000000
590.300000 ,3621286.233000 ,188.000000 ,0.000000
593.100000 ,3621315.313317 ,189.000000 ,1.000000
597.300000 ,3621315.284095 ,190.000000 ,1.000000
598.700000 ,3621315.269484 ,191.000000 ,1.000000
601.500000 ,3621315.254873 ,192.000000 ,1.000000
604.300000 ,3621337.833000 ,193.000000 ,0.000000
608.500000 ,3621315.196429 ,194.000000 ,1.000000
618.300000 ,3621315.123373 ,195.000000 ,1.000000
621.100000 ,3621382.053000 ,196.000000 ,0.000000
623.900000 ,3621315.094151 ,197.000000 ,1.000000
623.900000 ,3621295.293000 ,198.000000 ,0.000000
626.700000 ,3621315.064929 ,199.000000 ,1.000000
629.500000 ,3621315.050318 ,200.000000 ,1.000000
630.900000 ,3621315.035707 ,201.000000 ,1.000000
630.900000 ,3621266.553000 ,202.000000 ,0.000000
635.100000 ,3621315.006485 ,203.000000 ,1.000000
636.500000 ,3621314.991874 ,204.000000 ,1.000000
639.300000 ,3621314.977263 ,205.000000 ,1.000000
643.500000 ,3621314.948040 ,206.000000 ,1.000000
649.100000 ,3621314.904207 ,207.000000 ,1.000000
656.100000 ,3621314.728874 ,208.000000 ,1.000000
656.100000 ,3621230.733000 ,209.000000 ,0.000000
660.300000 ,3621314.816541 ,210.000000 ,1.000000
661.700000 ,3621281.373000 ,211.000000 ,0.000000
663.100000 ,3621314.801930 ,212.000000 ,1.000000
664.500000 ,3621314.787319 ,213.000000 ,1.000000
671.500000 ,3621314.743485 ,214.000000 ,1.000000
672.900000 ,3621314.728874 ,215.000000 ,1.000000
674.300000 ,3621314.714263 ,216.000000 ,1.000000
682.700000 ,3621314.655819 ,217.000000 ,1.000000
684.100000 ,3621314.655819 ,218.000000 ,1.000000
691.100000 ,3621314.597375 ,219.000000 ,1.000000
702.300000 ,3621314.509708 ,220.000000 ,1.000000
707.900000 ,3621314.480486 ,221.000000 ,1.000000
712.100000 ,3621314.451264 ,222.000000 ,1.000000
716.300000 ,3621314.407431 ,223.000000 ,1.000000
717.700000 ,3621314.407431 ,224.000000 ,1.000000
719.100000 ,3621314.392820 ,225.000000 ,1.000000
723.300000 ,3621314.363598 ,226.000000 ,1.000000
727.500000 ,3621314.334375 ,227.000000 ,1.000000
727.500000 ,3621300.153000 ,228.000000 ,0.000000
733.100000 ,3621168.813000 ,229.000000 ,0.000000
733.100000 ,3621314.290542 ,230.000000 ,1.000000
734.500000 ,3621314.275931 ,231.000000 ,1.000000
735.900000 ,3621314.232098 ,232.000000 ,1.000000
745.700000 ,3621314.202876 ,233.000000 ,1.000000
745.700000 ,3621325.653000 ,234.000000 ,0.000000
748.500000 ,3621314.173654 ,235.000000 ,1.000000
751.300000 ,3621314.159042 ,236.000000 ,1.000000
752.700000 ,3621314.144431 ,237.000000 ,1.000000
755.500000 ,3621314.129820 ,238.000000 ,1.000000
756.900000 ,3621314.115209 ,239.000000 ,1.000000
759.700000 ,3621314.100598 ,240.000000 ,1.000000
763.900000 ,3621314.071376 ,241.000000 ,1.000000
766.700000 ,3621314.042154 ,242.000000 ,1.000000
769.500000 ,3621314.027543 ,243.000000 ,1.000000
770.900000 ,3621314.012932 ,244.000000 ,1.000000
770.900000 ,3621385.773000 ,245.000000 ,0.000000
775.100000 ,3621313.983710 ,246.000000 ,1.000000
776.500000 ,3621313.969099 ,247.000000 ,1.000000
784.900000 ,3621313.910654 ,248.000000 ,1.000000
787.700000 ,3621313.896043 ,249.000000 ,1.000000
791.900000 ,3621313.866821 ,250.000000 ,1.000000
798.900000 ,3621313.808377 ,251.000000 ,1.000000
800.300000 ,3621304.893000 ,252.000000 ,0.000000
803.100000 ,3621313.779155 ,253.000000 ,1.000000
804.500000 ,3621151.833000 ,254.000000 ,0.000000
808.700000 ,3621256.533000 ,255.000000 ,0.000000
812.900000 ,3621313.706099 ,256.000000 ,1.000000
814.300000 ,3621313.691488 ,257.000000 ,1.000000
819.900000 ,3621313.662266 ,258.000000 ,1.000000
825.500000 ,3621313.618433 ,259.000000 ,1.000000
832.500000 ,3621171.993000 ,260.000000 ,0.000000
833.900000 ,3621313.559989 ,261.000000 ,1.000000
839.500000 ,3621313.516155 ,262.000000 ,1.000000
845.100000 ,3621313.472322 ,263.000000 ,1.000000
847.900000 ,3621313.457711 ,264.000000 ,1.000000
850.700000 ,3621313.428489 ,265.000000 ,1.000000
852.100000 ,3621313.428489 ,266.000000 ,1.000000
853.500000 ,3621313.413878 ,267.000000 ,1.000000
854.900000 ,3621313.399267 ,268.000000 ,1.000000
859.100000 ,3621313.370045 ,269.000000 ,1.000000
860.500000 ,3621313.355434 ,270.000000 ,1.000000
866.100000 ,3621313.326211 ,271.000000 ,1.000000
868.900000 ,3621313.296989 ,272.000000 ,1.000000
868.900000 ,3621359.613000 ,273.000000 ,0.000000
871.700000 ,3621313.282378 ,274.000000 ,1.000000
871.700000 ,3621390.333000 ,275.000000 ,0.000000
873.100000 ,3621318.693000 ,276.000000 ,0.000000
877.300000 ,3621313.238545 ,277.000000 ,1.000000
880.100000 ,3621313.223934 ,278.000000 ,1.000000
882.900000 ,3621313.194712 ,279.000000 ,1.000000
884.300000 ,3621313.180101 ,280.000000 ,1.000000
885.700000 ,3621313.180101 ,281.000000 ,1.000000
887.100000 ,3621313.165490 ,282.000000 ,1.000000
888.500000 ,3621115.473000 ,283.000000 ,0.000000
888.500000 ,3621313.150879 ,284.000000 ,1.000000
889.900000 ,3621313.150879 ,285.000000 ,1.000000
891.300000 ,3621313.136267 ,286.000000 ,1.000000
892.700000 ,3621313.121656 ,287.000000 ,1.000000
895.500000 ,3621313.107045 ,288.000000 ,1.000000
896.900000 ,3621313.004768 ,289.000000 ,1.000000
899.700000 ,3621313.077823 ,290.000000 ,1.000000
903.900000 ,3621313.048601 ,291.000000 ,1.000000
909.500000 ,3621313.004768 ,292.000000 ,1.000000
909.500000 ,3621300.213000 ,293.000000 ,0.000000
913.700000 ,3621312.975546 ,294.000000 ,1.000000
920.700000 ,3621312.917101 ,295.000000 ,1.000000
922.100000 ,3621312.917101 ,296.000000 ,1.000000
924.900000 ,3621312.887879 ,297.000000 ,1.000000
933.300000 ,3621187.953000 ,298.000000 ,0.000000
934.700000 ,3621312.814824 ,299.000000 ,1.000000
940.300000 ,3621312.770991 ,300.000000 ,1.000000
941.700000 ,3621312.770991 ,301.000000 ,1.000000
954.300000 ,3621312.668713 ,302.000000 ,1.000000
955.700000 ,3621312.668713 ,303.000000 ,1.000000
959.900000 ,3621312.639491 ,304.000000 ,1.000000
961.300000 ,3621262.953000 ,305.000000 ,0.000000
961.300000 ,3621291.993000 ,306.000000 ,0.000000
962.700000 ,3621312.610269 ,307.000000 ,1.000000
966.900000 ,3621226.593000 ,308.000000 ,0.000000
973.900000 ,3621312.537214 ,309.000000 ,1.000000
973.900000 ,3621258.693000 ,310.000000 ,0.000000
978.100000 ,3621312.507991 ,311.000000 ,1.000000
979.500000 ,3621187.833000 ,312.000000 ,0.000000
982.300000 ,3621312.464158 ,313.000000 ,1.000000
987.900000 ,3621312.434936 ,314.000000 ,1.000000
992.100000 ,3621312.405714 ,315.000000 ,1.000000
993.500000 ,3621312.391103 ,316.000000 ,1.000000
994.900000 ,3621312.376492 ,317.000000 ,1.000000
1001.900000 ,3621312.332659 ,318.000000 ,1.000000
1003.300000 ,3621312.318048 ,319.000000 ,1.000000
1006.100000 ,3621312.128104 ,320.000000 ,1.000000
1007.500000 ,3621312.288825 ,321.000000 ,1.000000
1008.900000 ,3621312.274214 ,322.000000 ,1.000000
1013.100000 ,3621312.244992 ,323.000000 ,1.000000
1014.500000 ,3621312.230381 ,324.000000 ,1.000000
1017.300000 ,3621312.215770 ,325.000000 ,1.000000
1018.700000 ,3621312.201159 ,326.000000 ,1.000000
1020.100000 ,3621312.201159 ,327.000000 ,1.000000
1024.300000 ,3621312.157326 ,328.000000 ,1.000000
1032.700000 ,3621312.098881 ,329.000000 ,1.000000
1034.100000 ,3621312.011215 ,330.000000 ,1.000000
1036.900000 ,3621312.069659 ,331.000000 ,1.000000
1038.300000 ,3621312.055048 ,332.000000 ,1.000000
1039.700000 ,3621312.055048 ,333.000000 ,1.000000
1041.100000 ,3621312.040437 ,334.000000 ,1.000000
1045.300000 ,3621312.011215 ,335.000000 ,1.000000
1048.100000 ,3621311.996604 ,336.000000 ,1.000000
1052.300000 ,3621311.952771 ,337.000000 ,1.000000
1053.700000 ,3621311.952771 ,338.000000 ,1.000000
1055.100000 ,3621311.938160 ,339.000000 ,1.000000
1057.900000 ,3621311.923549 ,340.000000 ,1.000000
1059.300000 ,3621311.908937 ,341.000000 ,1.000000
1063.500000 ,3621311.879715 ,342.000000 ,1.000000
1069.100000 ,3621311.835882 ,343.000000 ,1.000000
1069.100000 ,3621316.593000 ,344.000000 ,0.000000
1073.300000 ,3621311.806660 ,345.000000 ,1.000000
1076.100000 ,3621311.792049 ,346.000000 ,1.000000
1084.500000 ,3621318.933000 ,347.000000 ,0.000000
1087.300000 ,3621311.704383 ,348.000000 ,1.000000
1088.700000 ,3621311.689771 ,349.000000 ,1.000000
1091.500000 ,3621311.675160 ,350.000000 ,1.000000
1094.300000 ,3621311.645938 ,351.000000 ,1.000000
1095.700000 ,3621311.645938 ,352.000000 ,1.000000
1097.100000 ,3621311.631327 ,353.000000 ,1.000000
1102.700000 ,3621311.587494 ,354.000000 ,1.000000
1106.900000 ,3621311.558272 ,355.000000 ,1.000000
1111.100000 ,3621311.485216 ,356.000000 ,1.000000
1116.700000 ,3621311.441383 ,357.000000 ,1.000000
1118.100000 ,3621311.485216 ,358.000000 ,1.000000
1119.500000 ,3621311.470605 ,359.000000 ,1.000000
1123.700000 ,3621311.441383 ,360.000000 ,1.000000
1126.500000 ,3621311.412161 ,361.000000 ,1.000000
1137.700000 ,3621311.339106 ,362.000000 ,1.000000
1144.700000 ,3621311.280661 ,363.000000 ,1.000000
1144.700000 ,3621264.933000 ,364.000000 ,0.000000
1150.300000 ,3621311.236828 ,365.000000 ,1.000000
1154.500000 ,3621311.207606 ,366.000000 ,1.000000
1157.300000 ,3621311.192995 ,367.000000 ,1.000000
1158.700000 ,3621311.178384 ,368.000000 ,1.000000
1160.100000 ,3621311.178384 ,369.000000 ,1.000000
1161.500000 ,3621311.163773 ,370.000000 ,1.000000
1165.700000 ,3621311.134551 ,371.000000 ,1.000000
1168.500000 ,3621311.105329 ,372.000000 ,1.000000
1169.900000 ,3621311.105329 ,373.000000 ,1.000000
1178.300000 ,3621311.032273 ,374.000000 ,1.000000
1179.700000 ,3621311.032273 ,375.000000 ,1.000000
1185.300000 ,3621310.988440 ,376.000000 ,1.000000
1188.100000 ,3621310.973829 ,377.000000 ,1.000000
1196.500000 ,3621310.900774 ,378.000000 ,1.000000
1199.300000 ,3621310.886162 ,379.000000 ,1.000000
1202.100000 ,3621310.871551 ,380.000000 ,1.000000
1203.500000 ,3621310.856940 ,381.000000 ,1.000000
1204.900000 ,3621310.842329 ,382.000000 ,1.000000
1207.700000 ,3621310.827718 ,383.000000 ,1.000000
1210.500000 ,3621293.673000 ,384.000000 ,0.000000
1211.900000 ,3621310.798496 ,385.000000 ,1.000000
1216.100000 ,3621310.769274 ,386.000000 ,1.000000
1216.100000 ,3621322.113000 ,387.000000 ,0.000000
1220.300000 ,3621310.725441 ,388.000000 ,1.000000
1221.700000 ,3621310.725441 ,389.000000 ,1.000000
1224.500000 ,3621310.696219 ,390.000000 ,1.000000
1227.300000 ,3621310.681607 ,391.000000 ,1.000000
1228.700000 ,3621310.666996 ,392.000000 ,1.000000
1228.700000 ,3621339.093000 ,393.000000 ,0.000000
1241.300000 ,3621310.579330 ,394.000000 ,1.000000
1242.700000 ,3621310.564719 ,395.000000 ,1.000000
1245.500000 ,3621149.073000 ,396.000000 ,0.000000
1252.500000 ,3621253.773000 ,397.000000 ,0.000000
1253.900000 ,3621310.360164 ,398.000000 ,1.000000
1255.300000 ,3621310.477053 ,399.000000 ,1.000000
1256.700000 ,3621354.513000 ,400.000000 ,0.000000
1263.700000 ,3621310.418608 ,401.000000 ,1.000000
1267.900000 ,3621310.389386 ,402.000000 ,1.000000
1267.900000 ,3621234.093000 ,403.000000 ,0.000000
1272.100000 ,3621310.360164 ,404.000000 ,1.000000
1276.300000 ,3621310.316331 ,405.000000 ,1.000000
1277.700000 ,3621310.316331 ,406.000000 ,1.000000
1279.100000 ,3621310.301720 ,407.000000 ,1.000000
1281.900000 ,3621310.287109 ,408.000000 ,1.000000
1283.300000 ,3621310.272497 ,409.000000 ,1.000000
1284.700000 ,3621310.257886 ,410.000000 ,1.000000
1286.100000 ,3621310.257886 ,411.000000 ,1.000000
1287.500000 ,3621153.873000 ,412.000000 ,0.000000
1287.500000 ,3621310.243275 ,413.000000 ,1.000000
1288.900000 ,3621310.228664 ,414.000000 ,1.000000
1290.300000 ,3621310.214053 ,415.000000 ,1.000000
1293.100000 ,3621310.199442 ,416.000000 ,1.000000
1294.500000 ,3621310.184831 ,417.000000 ,1.000000
1295.900000 ,3621144.933000 ,418.000000 ,0.000000
1295.900000 ,3621310.184831 ,419.000000 ,1.000000
1298.700000 ,3621310.155609 ,420.000000 ,1.000000
1302.900000 ,3621310.126387 ,421.000000 ,1.000000
1305.700000 ,3621338.073000 ,422.000000 ,0.000000
1307.100000 ,3621310.097165 ,423.000000 ,1.000000
1311.300000 ,3621310.067943 ,424.000000 ,1.000000
1323.900000 ,3621309.980276 ,425.000000 ,1.000000
1325.300000 ,3621309.965665 ,426.000000 ,1.000000
1330.900000 ,3621309.921832 ,427.000000 ,1.000000
1340.700000 ,3621309.848776 ,428.000000 ,1.000000
1344.900000 ,3621187.833000 ,429.000000 ,0.000000
1350.500000 ,3621309.775721 ,430.000000 ,1.000000
1354.700000 ,3621309.746499 ,431.000000 ,1.000000
1357.500000 ,3621309.731888 ,432.000000 ,1.000000
1360.300000 ,3621309.702666 ,433.000000 ,1.000000
1361.700000 ,3621309.702666 ,434.000000 ,1.000000
1365.900000 ,3621309.673444 ,435.000000 ,1.000000
1367.300000 ,3621231.573000 ,436.000000 ,0.000000
1370.100000 ,3621309.644221 ,437.000000 ,1.000000
1371.500000 ,3621309.629610 ,438.000000 ,1.000000
1372.900000 ,3621309.614999 ,439.000000 ,1.000000
1377.100000 ,3621309.585777 ,440.000000 ,1.000000
1378.500000 ,3621309.571166 ,441.000000 ,1.000000
1379.900000 ,3621309.571166 ,442.000000 ,1.000000
1384.100000 ,3621309.541944 ,443.000000 ,1.000000
1385.500000 ,3621364.713000 ,444.000000 ,0.000000
1389.700000 ,3621309.498111 ,445.000000 ,1.000000
1395.300000 ,3621309.454278 ,446.000000 ,1.000000
1398.100000 ,3621309.439666 ,447.000000 ,1.000000
1405.100000 ,3621309.381222 ,448.000000 ,1.000000
1406.500000 ,3621309.366611 ,449.000000 ,1.000000
1410.700000 ,3621309.335629 ,450.000000 ,1.000000
1416.300000 ,3621309.286517 ,451.000000 ,1.000000
1419.100000 ,3621309.270147 ,452.000000 ,1.000000
1424.700000 ,3621309.221034 ,453.000000 ,1.000000
1428.900000 ,3621176.733000 ,454.000000 ,0.000000
1430.300000 ,3621132.153000 ,455.000000 ,0.000000
1435.900000 ,3621309.139181 ,456.000000 ,1.000000
1437.300000 ,3621309.122810 ,457.000000 ,1.000000
1438.700000 ,3621309.106440 ,458.000000 ,1.000000
1442.900000 ,3621309.073698 ,459.000000 ,1.000000
1447.100000 ,3621309.040957 ,460.000000 ,1.000000
1448.500000 ,3621309.024586 ,461.000000 ,1.000000
1461.100000 ,3621309.020500 ,462.000000 ,1.000000
1462.500000 ,3621309.020500 ,463.000000 ,1.000000
1463.900000 ,3621309.020500 ,464.000000 ,1.000000
1465.300000 ,3621212.073000 ,465.000000 ,0.000000
1468.100000 ,3621309.020500 ,466.000000 ,1.000000
1469.500000 ,3621309.020500 ,467.000000 ,1.000000
1470.900000 ,3621309.020500 ,468.000000 ,1.000000
1475.100000 ,3621308.919337 ,469.000000 ,1.000000
1480.700000 ,3621308.944628 ,470.000000 ,1.000000
1483.500000 ,3621308.919337 ,471.000000 ,1.000000
1484.900000 ,3621308.894046 ,472.000000 ,1.000000
1486.300000 ,3621308.868755 ,473.000000 ,1.000000
1497.500000 ,3621308.590556 ,474.000000 ,1.000000
1498.900000 ,3621308.717010 ,475.000000 ,1.000000
1503.100000 ,3621308.565265 ,476.000000 ,1.000000
1504.500000 ,3621308.641138 ,477.000000 ,1.000000
1505.900000 ,3621308.590556 ,478.000000 ,1.000000
1508.700000 ,3621308.590556 ,479.000000 ,1.000000
1511.500000 ,3621308.565265 ,480.000000 ,1.000000
1511.500000 ,3621401.553000 ,481.000000 ,0.000000
1517.100000 ,3621308.337648 ,482.000000 ,1.000000
1518.500000 ,3621171.273000 ,483.000000 ,0.000000
1519.900000 ,3621308.464102 ,484.000000 ,1.000000
1521.300000 ,3621308.438811 ,485.000000 ,1.000000
1522.700000 ,3621308.413520 ,486.000000 ,1.000000
1524.100000 ,3621308.312357 ,487.000000 ,1.000000
1525.500000 ,3621308.388230 ,488.000000 ,1.000000
1531.100000 ,3621308.312357 ,489.000000 ,1.000000
1531.100000 ,3621239.973000 ,490.000000 ,0.000000
1532.500000 ,3621154.773000 ,491.000000 ,0.000000
1535.300000 ,3621308.261776 ,492.000000 ,1.000000
1538.100000 ,3621308.236485 ,493.000000 ,1.000000
1539.500000 ,3621307.958286 ,494.000000 ,1.000000
1540.900000 ,3621308.185903 ,495.000000 ,1.000000
1545.100000 ,3621308.084740 ,496.000000 ,1.000000
1545.100000 ,3621314.373000 ,497.000000 ,0.000000
1546.500000 ,3621308.110031 ,498.000000 ,1.000000
1549.300000 ,3621308.084740 ,499.000000 ,1.000000
1550.700000 ,3621307.806541 ,500.000000 ,1.000000
1556.300000 ,3621308.080875 ,501.000000 ,1.000000
1556.300000 ,3621306.920250 ,502.000000 ,1.000000
1557.700000 ,3621307.983577 ,503.000000 ,1.000000
1559.100000 ,3621308.080875 ,504.000000 ,1.000000
1560.500000 ,3621308.214000 ,505.000000 ,1.000000
1564.700000 ,3621308.291250 ,506.000000 ,1.000000
1567.500000 ,3621308.291250 ,507.000000 ,1.000000
1568.900000 ,3621308.291250 ,508.000000 ,1.000000
1570.300000 ,3621308.291250 ,509.000000 ,1.000000
1573.100000 ,3621308.080875 ,510.000000 ,1.000000
1574.500000 ,3621308.291250 ,511.000000 ,1.000000
1575.900000 ,3621308.291250 ,512.000000 ,1.000000
1580.100000 ,3621216.753000 ,513.000000 ,0.000000
1581.500000 ,3621109.053000 ,514.000000 ,0.000000
1587.100000 ,3621306.920250 ,515.000000 ,1.000000
1588.500000 ,3621308.359725 ,516.000000 ,1.000000
1589.900000 ,3621308.233050 ,517.000000 ,1.000000
1591.300000 ,3621308.486400 ,518.000000 ,1.000000
1594.100000 ,3621308.233050 ,519.000000 ,1.000000
1595.500000 ,3621308.233050 ,520.000000 ,1.000000
1601.100000 ,3621216.753000 ,521.000000 ,0.000000
1601.100000 ,3621308.633400 ,522.000000 ,1.000000
1603.900000 ,3621308.739750 ,523.000000 ,1.000000
1605.300000 ,3621308.527050 ,524.000000 ,1.000000
1612.300000 ,3621308.486400 ,525.000000 ,1.000000
1615.100000 ,3621308.744000 ,526.000000 ,1.000000
1617.900000 ,3621308.744000 ,527.000000 ,1.000000
1619.300000 ,3621309.007000 ,528.000000 ,1.000000
1620.700000 ,3621308.744000 ,529.000000 ,1.000000
1624.900000 ,3621309.007000 ,530.000000 ,1.000000
1627.700000 ,3621309.007000 ,531.000000 ,1.000000
1629.100000 ,3621308.744000 ,532.000000 ,1.000000
1633.300000 ,3621308.208000 ,533.000000 ,1.000000
1637.500000 ,3621308.208000 ,534.000000 ,1.000000
1638.900000 ,3621307.984925 ,535.000000 ,1.000000
1645.900000 ,3621308.394250 ,536.000000 ,1.000000
1647.300000 ,3621308.197400 ,537.000000 ,1.000000
1648.700000 ,3621308.517375 ,538.000000 ,1.000000
1648.700000 ,3621307.539175 ,539.000000 ,1.000000
1655.700000 ,3621307.984925 ,540.000000 ,1.000000
1657.100000 ,3621308.149000 ,541.000000 ,1.000000
1665.500000 ,3621308.394250 ,542.000000 ,1.000000
1666.900000 ,3621308.313083 ,543.000000 ,1.000000
1669.700000 ,3621308.149000 ,544.000000 ,1.000000
1671.100000 ,3621308.149000 ,545.000000 ,1.000000
1672.500000 ,3621308.313083 ,546.000000 ,1.000000
1673.900000 ,3621308.313083 ,547.000000 ,1.000000
1687.900000 ,3621308.149000 ,548.000000 ,1.000000
1693.500000 ,3621308.016760 ,549.000000 ,1.000000
1697.700000 ,3621307.664120 ,550.000000 ,1.000000
1701.900000 ,3621307.487800 ,551.000000 ,1.000000
1704.700000 ,3621307.487800 ,552.000000 ,1.000000
1707.500000 ,3621307.708200 ,553.000000 ,1.000000
1708.900000 ,3621307.620040 ,554.000000 ,1.000000
1711.700000 ,3621307.399640 ,555.000000 ,1.000000
1713.100000 ,3621307.575960 ,556.000000 ,1.000000
1717.300000 ,3621307.487800 ,557.000000 ,1.000000
1720.100000 ,3621307.179240 ,558.000000 ,1.000000
1722.900000 ,3621307.179240 ,559.000000 ,1.000000
1725.700000 ,3621306.916750 ,560.000000 ,1.000000
1725.700000 ,3621365.913000 ,561.000000 ,0.000000
1727.100000 ,3621307.267400 ,562.000000 ,1.000000
1732.700000 ,3621306.778333 ,563.000000 ,1.000000
1741.100000 ,3621306.435357 ,564.000000 ,1.000000
1743.900000 ,3621306.283286 ,565.000000 ,1.000000
1749.500000 ,3621306.902125 ,566.000000 ,1.000000
1749.500000 ,3621306.435357 ,567.000000 ,1.000000
1753.700000 ,3621306.739500 ,568.000000 ,1.000000
1755.100000 ,3621306.902125 ,569.000000 ,1.000000
1756.500000 ,3621307.208188 ,570.000000 ,1.000000
1759.300000 ,3621306.596063 ,571.000000 ,1.000000
1760.700000 ,3621306.435357 ,572.000000 ,1.000000
1762.100000 ,3621306.596063 ,573.000000 ,1.000000
1769.100000 ,3621306.407375 ,574.000000 ,1.000000
1770.500000 ,3621306.407375 ,575.000000 ,1.000000
1771.900000 ,3621306.296000 ,576.000000 ,1.000000
1773.300000 ,3621306.902125 ,577.000000 ,1.000000
1773.300000 ,3621306.407375 ,578.000000 ,1.000000
1776.100000 ,3621306.500000 ,579.000000 ,1.000000
1783.100000 ,3621306.949125 ,580.000000 ,1.000000
1785.900000 ,3621306.676958 ,581.000000 ,1.000000
1787.300000 ,3621307.193125 ,582.000000 ,1.000000
1787.300000 ,3621306.676958 ,583.000000 ,1.000000
1788.700000 ,3621306.246250 ,584.000000 ,1.000000
1790.100000 ,3621307.193125 ,585.000000 ,1.000000
1791.500000 ,3621306.949125 ,586.000000 ,1.000000
1792.900000 ,3621305.809750 ,587.000000 ,1.000000
1794.300000 ,3621242.493000 ,588.000000 ,0.000000
1795.700000 ,3621305.809750 ,589.000000 ,1.000000
1797.100000 ,3621307.302250 ,590.000000 ,1.000000
1799.900000 ,3621307.302250 ,591.000000 ,1.000000
1808.300000 ,3621307.302250 ,592.000000 ,1.000000
1808.300000 ,3621305.555700 ,593.000000 ,1.000000
1812.500000 ,3621305.454875 ,594.000000 ,1.000000
1818.100000 ,3621338.793000 ,595.000000 ,0.000000
1820.900000 ,3621305.456375 ,596.000000 ,1.000000
1820.900000 ,3621258.333000 ,597.000000 ,0.000000
1825.100000 ,3621305.456375 ,598.000000 ,1.000000
1827.900000 ,3621250.173000 ,599.000000 ,0.000000
1829.300000 ,3621305.353025 ,600.000000 ,1.000000
1832.100000 ,3621305.555700 ,601.000000 ,1.000000
1833.500000 ,3621305.555700 ,602.000000 ,1.000000
1834.900000 ,3621285.273000 ,603.000000 ,0.000000
1839.100000 ,3621305.581458 ,604.000000 ,1.000000
1850.300000 ,3621305.875000 ,605.000000 ,1.000000
1854.500000 ,3621305.268076 ,606.000000 ,1.000000
1857.300000 ,3621305.875000 ,607.000000 ,1.000000
1864.300000 ,3621305.304750 ,608.000000 ,1.000000
1865.700000 ,3621305.304750 ,609.000000 ,1.000000
1867.100000 ,3621305.304750 ,610.000000 ,1.000000
1869.900000 ,3621305.581458 ,611.000000 ,1.000000
1871.300000 ,3621200.613000 ,612.000000 ,0.000000
1871.300000 ,3621305.304750 ,613.000000 ,1.000000
1875.500000 ,3621305.292525 ,614.000000 ,1.000000
1875.500000 ,3621291.333000 ,615.000000 ,0.000000
1876.900000 ,3621305.280301 ,616.000000 ,1.000000
1881.100000 ,3621305.255851 ,617.000000 ,1.000000
1886.700000 ,3621305.219177 ,618.000000 ,1.000000
1888.100000 ,3621305.219177 ,619.000000 ,1.000000
1889.500000 ,3621305.206952 ,620.000000 ,1.000000
1890.900000 ,3621305.194728 ,621.000000 ,1.000000
1895.100000 ,3621305.170278 ,622.000000 ,1.000000
1896.500000 ,3621305.158054 ,623.000000 ,1.000000
1897.900000 ,3621125.853000 ,624.000000 ,0.000000
1899.300000 ,3621305.145829 ,625.000000 ,1.000000
1902.100000 ,3621305.133604 ,626.000000 ,1.000000
1903.500000 ,3621305.121379 ,627.000000 ,1.000000
1904.900000 ,3621235.113000 ,628.000000 ,0.000000
1906.300000 ,3621112.533000 ,629.000000 ,0.000000
1911.900000 ,3621301.653000 ,630.000000 ,0.000000
1928.700000 ,3621304.962458 ,631.000000 ,1.000000
1930.100000 ,3621304.962458 ,632.000000 ,1.000000
1931.500000 ,3621304.950234 ,633.000000 ,1.000000
1932.900000 ,3621304.938009 ,634.000000 ,1.000000
1934.300000 ,3621212.313000 ,635.000000 ,0.000000
1934.300000 ,3621304.925784 ,636.000000 ,1.000000
1935.700000 ,3621304.925784 ,637.000000 ,1.000000
1937.100000 ,3621304.913560 ,638.000000 ,1.000000
1938.500000 ,3621351.513000 ,639.000000 ,0.000000
1941.300000 ,3621230.973000 ,640.000000 ,0.000000
1941.300000 ,3621304.889110 ,641.000000 ,1.000000
1944.100000 ,3621304.876885 ,642.000000 ,1.000000
1953.900000 ,3621304.815762 ,643.000000 ,1.000000
1956.700000 ,3621304.791312 ,644.000000 ,1.000000
1958.100000 ,3621304.791312 ,645.000000 ,1.000000
1959.500000 ,3621304.779088 ,646.000000 ,1.000000
1962.300000 ,3621304.754638 ,647.000000 ,1.000000
1962.300000 ,3621284.493000 ,648.000000 ,0.000000
1965.100000 ,3621304.742414 ,649.000000 ,1.000000
1967.900000 ,3621304.730189 ,650.000000 ,1.000000
1969.300000 ,3621122.733000 ,651.000000 ,0.000000
1970.700000 ,3621304.705740 ,652.000000 ,1.000000
1973.500000 ,3621304.693515 ,653.000000 ,1.000000
1974.900000 ,3621304.681290 ,654.000000 ,1.000000
1979.100000 ,3621304.546818 ,655.000000 ,1.000000
1983.300000 ,3621304.632391 ,656.000000 ,1.000000
1986.100000 ,3621304.620167 ,657.000000 ,1.000000
1987.500000 ,3621304.607942 ,658.000000 ,1.000000
1990.300000 ,3621275.553000 ,659.000000 ,0.000000
1991.700000 ,3621304.583493 ,660.000000 ,1.000000
1997.300000 ,3621304.546818 ,661.000000 ,1.000000
1998.700000 ,3621304.534594 ,662.000000 ,1.000000
2005.700000 ,3621304.497920 ,663.000000 ,1.000000
2007.100000 ,3621304.485695 ,664.000000 ,1.000000
2011.300000 ,3621304.461246 ,665.000000 ,1.000000
2016.900000 ,3621304.424571 ,666.000000 ,1.000000
2019.700000 ,3621304.412347 ,667.000000 ,1.000000
2021.100000 ,3621304.400122 ,668.000000 ,1.000000
2022.500000 ,3621304.387897 ,669.000000 ,1.000000
2028.100000 ,3621304.363448 ,670.000000 ,1.000000
2029.500000 ,3621304.351223 ,671.000000 ,1.000000
2033.700000 ,3621290.193000 ,672.000000 ,0.000000
2036.500000 ,3621316.833000 ,673.000000 ,0.000000
2036.500000 ,3621388.053000 ,674.000000 ,0.000000
2046.300000 ,3621303.597667 ,675.000000 ,1.000000
2049.100000 ,3621303.446250 ,676.000000 ,1.000000
2056.100000 ,3621303.372750 ,677.000000 ,1.000000
2061.700000 ,3621303.351413 ,678.000000 ,1.000000
2063.100000 ,3621303.330077 ,679.000000 ,1.000000
2064.500000 ,3621303.223393 ,680.000000 ,1.000000
2071.500000 ,3621303.244730 ,681.000000 ,1.000000
2072.900000 ,3621303.223393 ,682.000000 ,1.000000
2075.700000 ,3621303.202056 ,683.000000 ,1.000000
2078.500000 ,3621175.833000 ,684.000000 ,0.000000
2078.500000 ,3621303.159383 ,685.000000 ,1.000000
2081.300000 ,3621303.138046 ,686.000000 ,1.000000
2084.100000 ,3621303.116709 ,687.000000 ,1.000000
2086.900000 ,3621303.074036 ,688.000000 ,1.000000
2088.300000 ,3621180.693000 ,689.000000 ,0.000000
2091.100000 ,3621393.513000 ,690.000000 ,0.000000
2093.900000 ,3621302.796658 ,691.000000 ,1.000000
2096.700000 ,3621302.967352 ,692.000000 ,1.000000
2100.900000 ,3621302.924679 ,693.000000 ,1.000000
2102.300000 ,3621302.903342 ,694.000000 ,1.000000
2103.700000 ,3621246.993000 ,695.000000 ,0.000000
2107.900000 ,3621174.273000 ,696.000000 ,0.000000
2107.900000 ,3621302.860668 ,697.000000 ,1.000000
2114.900000 ,3621302.775321 ,698.000000 ,1.000000
2117.700000 ,3621302.753985 ,699.000000 ,1.000000
2120.500000 ,3621302.711311 ,700.000000 ,1.000000
2124.700000 ,3621295.473000 ,701.000000 ,0.000000
2130.300000 ,3621302.561954 ,702.000000 ,1.000000
2133.100000 ,3621363.093000 ,703.000000 ,0.000000
2134.500000 ,3621216.093000 ,704.000000 ,0.000000
2134.500000 ,3621302.721000 ,705.000000 ,1.000000
2135.900000 ,3621303.031625 ,706.000000 ,1.000000
2140.100000 ,3621302.721000 ,707.000000 ,1.000000
2140.100000 ,3621265.893000 ,708.000000 ,0.000000
2141.500000 ,3621302.589750 ,709.000000 ,1.000000
2144.300000 ,3621279.693000 ,710.000000 ,0.000000
2147.100000 ,3621302.721000 ,711.000000 ,1.000000
2148.500000 ,3621303.224125 ,712.000000 ,1.000000
2152.700000 ,3621303.031625 ,713.000000 ,1.000000
2154.100000 ,3621302.852250 ,714.000000 ,1.000000
2158.300000 ,3621302.983500 ,715.000000 ,1.000000
2158.300000 ,3621346.593000 ,716.000000 ,0.000000
2159.700000 ,3621303.272250 ,717.000000 ,1.000000
2161.100000 ,3621303.224125 ,718.000000 ,1.000000
2166.700000 ,3621303.079750 ,719.000000 ,1.000000
2169.500000 ,3621302.757250 ,720.000000 ,1.000000
2172.300000 ,3621303.272250 ,721.000000 ,1.000000
2173.700000 ,3621302.646000 ,722.000000 ,1.000000
2176.500000 ,3621135.933000 ,723.000000 ,0.000000
2177.900000 ,3621302.849750 ,724.000000 ,1.000000
2180.700000 ,3621302.849750 ,725.000000 ,1.000000
2182.100000 ,3621302.798812 ,726.000000 ,1.000000
2184.900000 ,3621302.434768 ,727.000000 ,1.000000
2186.300000 ,3621176.133000 ,728.000000 ,0.000000
2189.100000 ,3621302.747875 ,729.000000 ,1.000000
2190.500000 ,3621302.696938 ,730.000000 ,1.000000
2193.300000 ,3621302.646000 ,731.000000 ,1.000000
2196.100000 ,3621151.113000 ,732.000000 ,0.000000
2196.100000 ,3621302.501429 ,733.000000 ,1.000000
2197.500000 ,3621302.034804 ,734.000000 ,1.000000
2198.900000 ,3621162.873000 ,735.000000 ,0.000000
2200.300000 ,3621301.701500 ,736.000000 ,1.000000
2205.900000 ,3621302.181500 ,737.000000 ,1.000000
2214.300000 ,3621302.341500 ,738.000000 ,1.000000
2215.700000 ,3621302.181500 ,739.000000 ,1.000000
2217.100000 ,3621301.968143 ,740.000000 ,1.000000
2226.900000 ,3621302.181500 ,741.000000 ,1.000000
2232.500000 ,3621302.181500 ,742.000000 ,1.000000
2235.300000 ,3621302.341500 ,743.000000 ,1.000000
2236.700000 ,3621302.302750 ,744.000000 ,1.000000
2238.100000 ,3621302.136000 ,745.000000 ,1.000000
2239.500000 ,3621302.136000 ,746.000000 ,1.000000
2243.700000 ,3621302.136000 ,747.000000 ,1.000000
2245.100000 ,3621301.993583 ,748.000000 ,1.000000
2252.100000 ,3621301.993583 ,749.000000 ,1.000000
2256.300000 ,3621134.013000 ,750.000000 ,0.000000
2266.100000 ,3621301.838250 ,751.000000 ,1.000000
2270.300000 ,3621301.838250 ,752.000000 ,1.000000
2274.500000 ,3621301.838250 ,753.000000 ,1.000000
2275.900000 ,3621301.838250 ,754.000000 ,1.000000
2280.100000 ,3621301.686375 ,755.000000 ,1.000000
2281.500000 ,3621301.762312 ,756.000000 ,1.000000
2284.300000 ,3621301.686375 ,757.000000 ,1.000000
2284.300000 ,3621309.093000 ,758.000000 ,0.000000
2287.100000 ,3621301.672386 ,759.000000 ,1.000000
2298.300000 ,3621301.588450 ,760.000000 ,1.000000
2301.100000 ,3621301.574461 ,761.000000 ,1.000000
2302.500000 ,3621301.560472 ,762.000000 ,1.000000
2306.700000 ,3621301.532494 ,763.000000 ,1.000000
2310.900000 ,3621301.504515 ,764.000000 ,1.000000
2312.300000 ,3621301.490526 ,765.000000 ,1.000000
2319.300000 ,3621301.448558 ,766.000000 ,1.000000
2320.700000 ,3621301.434569 ,767.000000 ,1.000000
2323.500000 ,3621301.420580 ,768.000000 ,1.000000
2324.900000 ,3621188.373000 ,769.000000 ,0.000000
2324.900000 ,3621301.406591 ,770.000000 ,1.000000
2330.500000 ,3621301.364623 ,771.000000 ,1.000000
2331.900000 ,3621301.364623 ,772.000000 ,1.000000
2334.700000 ,3621301.336644 ,773.000000 ,1.000000
2336.100000 ,3621301.336644 ,774.000000 ,1.000000
2340.300000 ,3621301.294677 ,775.000000 ,1.000000
2345.900000 ,3621301.266698 ,776.000000 ,1.000000
2348.700000 ,3621301.196752 ,777.000000 ,1.000000
2350.100000 ,3621147.213000 ,778.000000 ,0.000000
2352.900000 ,3621301.210741 ,779.000000 ,1.000000
2355.700000 ,3621301.196752 ,780.000000 ,1.000000
2357.100000 ,3621297.693000 ,781.000000 ,0.000000
2358.500000 ,3621208.713000 ,782.000000 ,0.000000
2358.500000 ,3621301.168774 ,783.000000 ,1.000000
2361.300000 ,3621301.154784 ,784.000000 ,1.000000
2364.100000 ,3621301.140795 ,785.000000 ,1.000000
2366.900000 ,3621301.112817 ,786.000000 ,1.000000
2369.700000 ,3621301.098828 ,787.000000 ,1.000000
2372.500000 ,3621301.070849 ,788.000000 ,1.000000
2373.900000 ,3621115.653000 ,789.000000 ,0.000000
2376.700000 ,3621301.042871 ,790.000000 ,1.000000
2378.100000 ,3621301.042871 ,791.000000 ,1.000000
2390.700000 ,3621300.944946 ,792.000000 ,1.000000
2394.900000 ,3621300.916968 ,793.000000 ,1.000000
2399.100000 ,3621300.813339 ,794.000000 ,1.000000
2403.300000 ,3621300.854446 ,795.000000 ,1.000000
2404.700000 ,3621300.833893 ,796.000000 ,1.000000
2406.100000 ,3621300.833893 ,797.000000 ,1.000000
2407.500000 ,3621223.233000 ,798.000000 ,0.000000
2413.100000 ,3621300.751679 ,799.000000 ,1.000000
2421.500000 ,3621300.669464 ,800.000000 ,1.000000
2428.500000 ,3621300.587250 ,801.000000 ,1.000000
2431.300000 ,3621176.133000 ,802.000000 ,0.000000
2431.300000 ,3621300.275950 ,803.000000 ,1.000000
2434.100000 ,3621300.362000 ,804.000000 ,1.000000
2435.500000 ,3621300.437083 ,805.000000 ,1.000000
2450.900000 ,3621300.078975 ,806.000000 ,1.000000
2452.300000 ,3621206.433000 ,807.000000 ,0.000000
2453.700000 ,3621300.248625 ,808.000000 ,1.000000
2457.900000 ,3621299.518333 ,809.000000 ,1.000000
2459.300000 ,3621299.518333 ,810.000000 ,1.000000
2469.100000 ,3621300.117500 ,811.000000 ,1.000000
2470.500000 ,3621300.117500 ,812.000000 ,1.000000
2471.900000 ,3621300.117500 ,813.000000 ,1.000000
2476.100000 ,3621299.518333 ,814.000000 ,1.000000
2483.100000 ,3621299.647917 ,815.000000 ,1.000000
2485.900000 ,3621299.518333 ,816.000000 ,1.000000
2488.700000 ,3621299.532889 ,817.000000 ,1.000000
2490.100000 ,3621299.578562 ,818.000000 ,1.000000
2491.500000 ,3621379.893000 ,819.000000 ,0.000000
2495.700000 ,3621299.578562 ,820.000000 ,1.000000
2498.500000 ,3621299.715583 ,821.000000 ,1.000000
2499.900000 ,3621299.715583 ,822.000000 ,1.000000
2501.300000 ,3621165.033000 ,823.000000 ,0.000000
2501.300000 ,3621299.715583 ,824.000000 ,1.000000
2502.700000 ,3621299.578562 ,825.000000 ,1.000000
2505.500000 ,3621299.715583 ,826.000000 ,1.000000
2508.300000 ,3621299.715583 ,827.000000 ,1.000000
2509.700000 ,3621173.433000 ,828.000000 ,0.000000
2509.700000 ,3621299.715583 ,829.000000 ,1.000000
2511.100000 ,3621299.715583 ,830.000000 ,1.000000
2511.100000 ,3621299.124500 ,831.000000 ,1.000000
2512.500000 ,3621299.715583 ,832.000000 ,1.000000
2516.700000 ,3621139.413000 ,833.000000 ,0.000000
2516.700000 ,3621299.715583 ,834.000000 ,1.000000
2519.500000 ,3621143.853000 ,835.000000 ,0.000000
2519.500000 ,3621299.715583 ,836.000000 ,1.000000
2520.900000 ,3621299.715583 ,837.000000 ,1.000000
2522.300000 ,3621299.715583 ,838.000000 ,1.000000
2526.500000 ,3621299.124500 ,839.000000 ,1.000000
2529.300000 ,3621299.247000 ,840.000000 ,1.000000
2532.100000 ,3621299.124500 ,841.000000 ,1.000000
2534.900000 ,3621299.124500 ,842.000000 ,1.000000
2536.300000 ,3621299.247000 ,843.000000 ,1.000000
2537.700000 ,3621299.247000 ,844.000000 ,1.000000
2539.100000 ,3621299.124500 ,845.000000 ,1.000000
2547.500000 ,3621298.990875 ,846.000000 ,1.000000
2553.100000 ,3621298.990875 ,847.000000 ,1.000000
2554.500000 ,3621298.990875 ,848.000000 ,1.000000
2557.300000 ,3621298.429750 ,849.000000 ,1.000000
2558.700000 ,3621372.033000 ,850.000000 ,0.000000
2564.300000 ,3621298.658417 ,851.000000 ,1.000000
2568.500000 ,3621254.433000 ,852.000000 ,0.000000
2569.900000 ,3621298.578750 ,853.000000 ,1.000000
2574.100000 ,3621298.566458 ,854.000000 ,1.000000
2575.500000 ,3621230.373000 ,855.000000 ,0.000000
2576.900000 ,3621298.390500 ,856.000000 ,1.000000
2578.300000 ,3621298.429750 ,857.000000 ,1.000000
2579.700000 ,3621298.429750 ,858.000000 ,1.000000
2581.100000 ,3621316.473000 ,859.000000 ,0.000000
2583.900000 ,3621298.429750 ,860.000000 ,1.000000
2585.300000 ,3621298.429750 ,861.000000 ,1.000000
2586.700000 ,3621298.428750 ,862.000000 ,1.000000
2588.100000 ,3621298.428750 ,863.000000 ,1.000000
2592.300000 ,3621298.308443 ,864.000000 ,1.000000
2593.700000 ,3621298.228239 ,865.000000 ,1.000000
2597.900000 ,3621298.428750 ,866.000000 ,1.000000
2599.300000 ,3621171.813000 ,867.000000 ,0.000000
2599.300000 ,3621298.428750 ,868.000000 ,1.000000
2600.700000 ,3621298.428750 ,869.000000 ,1.000000
2602.100000 ,3621167.313000 ,870.000000 ,0.000000
2602.100000 ,3621298.428750 ,871.000000 ,1.000000
2606.300000 ,3621298.348545 ,872.000000 ,1.000000
2609.100000 ,3621298.148034 ,873.000000 ,1.000000
2616.100000 ,3621316.413000 ,874.000000 ,0.000000
2617.500000 ,3621201.573000 ,875.000000 ,0.000000
2617.500000 ,3621223.233000 ,876.000000 ,0.000000
2617.500000 ,3621298.148034 ,877.000000 ,1.000000
2618.900000 ,3621298.067830 ,878.000000 ,1.000000
2624.500000 ,3621297.827216 ,879.000000 ,1.000000
2625.900000 ,3621297.907420 ,880.000000 ,1.000000
2627.300000 ,3621296.748214 ,881.000000 ,1.000000
2630.100000 ,3621176.013000 ,882.000000 ,0.000000
2631.500000 ,3621296.748214 ,883.000000 ,1.000000
2632.900000 ,3621296.748214 ,884.000000 ,1.000000
2634.300000 ,3621297.787114 ,885.000000 ,1.000000
2634.300000 ,3621297.049393 ,886.000000 ,1.000000
2637.100000 ,3621296.748214 ,887.000000 ,1.000000
2638.500000 ,3621296.748214 ,888.000000 ,1.000000
2638.500000 ,3621296.145857 ,889.000000 ,1.000000
2639.900000 ,3621297.706909 ,890.000000 ,1.000000
2642.700000 ,3621297.651750 ,891.000000 ,1.000000
2644.100000 ,3621296.447036 ,892.000000 ,1.000000
2646.900000 ,3621295.903640 ,893.000000 ,1.000000
2649.700000 ,3621295.800743 ,894.000000 ,1.000000
2656.700000 ,3621296.160882 ,895.000000 ,1.000000
2656.700000 ,3621259.653000 ,896.000000 ,0.000000
2658.100000 ,3621296.748214 ,897.000000 ,1.000000
2658.100000 ,3621295.852191 ,898.000000 ,1.000000
2663.700000 ,3621296.366676 ,899.000000 ,1.000000
2663.700000 ,3621295.955088 ,900.000000 ,1.000000
2666.500000 ,3621296.057985 ,901.000000 ,1.000000
2670.700000 ,3621230.613000 ,902.000000 ,0.000000
2674.900000 ,3621296.366676 ,903.000000 ,1.000000
2680.500000 ,3621296.778265 ,904.000000 ,1.000000
2683.300000 ,3621296.675368 ,905.000000 ,1.000000
2684.700000 ,3621296.572471 ,906.000000 ,1.000000
2686.100000 ,3621296.726816 ,907.000000 ,1.000000
2687.500000 ,3621296.726816 ,908.000000 ,1.000000
2688.900000 ,3621296.572471 ,909.000000 ,1.000000
2690.300000 ,3621296.623919 ,910.000000 ,1.000000
2693.100000 ,3621297.086956 ,911.000000 ,1.000000
2694.500000 ,3621296.726816 ,912.000000 ,1.000000
2697.300000 ,3621296.778265 ,913.000000 ,1.000000
2698.700000 ,3621297.241301 ,914.000000 ,1.000000
2698.700000 ,3621296.778265 ,915.000000 ,1.000000
2702.900000 ,3621296.984059 ,916.000000 ,1.000000
2709.900000 ,3621296.932610 ,917.000000 ,1.000000
2712.700000 ,3621297.138404 ,918.000000 ,1.000000
2715.500000 ,3621297.394500 ,919.000000 ,1.000000
2716.900000 ,3621296.040958 ,920.000000 ,1.000000
2718.300000 ,3621297.394500 ,921.000000 ,1.000000
2719.700000 ,3621297.394500 ,922.000000 ,1.000000
2721.100000 ,3621297.394500 ,923.000000 ,1.000000
2722.500000 ,3621297.292750 ,924.000000 ,1.000000
2725.300000 ,3621296.311667 ,925.000000 ,1.000000
2726.700000 ,3621297.394500 ,926.000000 ,1.000000
2728.100000 ,3621297.394500 ,927.000000 ,1.000000
2729.500000 ,3621296.058583 ,928.000000 ,1.000000
2733.700000 ,3621296.058583 ,929.000000 ,1.000000
2736.500000 ,3621296.166708 ,930.000000 ,1.000000
2737.900000 ,3621296.022542 ,931.000000 ,1.000000
2737.900000 ,3621293.793000 ,932.000000 ,0.000000
2743.500000 ,3621296.311667 ,933.000000 ,1.000000
2744.900000 ,3621136.413000 ,934.000000 ,0.000000
2744.900000 ,3621296.022542 ,935.000000 ,1.000000
2751.900000 ,3621296.202750 ,936.000000 ,1.000000
2757.500000 ,3621386.313000 ,937.000000 ,0.000000
2758.900000 ,3621110.373000 ,938.000000 ,0.000000
2758.900000 ,3621296.202750 ,939.000000 ,1.000000
2761.700000 ,3621316.593000 ,940.000000 ,0.000000
2767.300000 ,3621296.202750 ,941.000000 ,1.000000
2768.700000 ,3621296.202750 ,942.000000 ,1.000000
2770.100000 ,3621296.202750 ,943.000000 ,1.000000
2770.100000 ,3621279.693000 ,944.000000 ,0.000000
2771.500000 ,3621296.157625 ,945.000000 ,1.000000
2772.900000 ,3621296.180188 ,946.000000 ,1.000000
2774.300000 ,3621296.157625 ,947.000000 ,1.000000
2778.500000 ,3621225.993000 ,948.000000 ,0.000000
2779.900000 ,3621295.835464 ,949.000000 ,1.000000
2784.100000 ,3621296.067375 ,950.000000 ,1.000000
2792.500000 ,3621295.642393 ,951.000000 ,1.000000
2802.300000 ,3621295.631750 ,952.000000 ,1.000000
2803.700000 ,3621295.793500 ,953.000000 ,1.000000
2807.900000 ,3621296.213250 ,954.000000 ,1.000000
2813.500000 ,3621297.473000 ,955.000000 ,1.000000
2813.500000 ,3621296.045350 ,956.000000 ,1.000000
2813.500000 ,3621403.413000 ,957.000000 ,0.000000
2814.900000 ,3621296.990625 ,958.000000 ,1.000000
2816.300000 ,3621146.313000 ,959.000000 ,0.000000
2816.300000 ,3621296.407100 ,960.000000 ,1.000000
2817.700000 ,3621296.990625 ,961.000000 ,1.000000
2819.100000 ,3621297.352417 ,962.000000 ,1.000000
2823.300000 ,3621297.487000 ,963.000000 ,1.000000
2823.300000 ,3621296.213250 ,964.000000 ,1.000000
2826.100000 ,3621297.352417 ,965.000000 ,1.000000
2826.100000 ,3621296.213250 ,966.000000 ,1.000000
2831.700000 ,3621297.487000 ,967.000000 ,1.000000
2837.300000 ,3621297.195250 ,968.000000 ,1.000000
2848.500000 ,3621297.352417 ,969.000000 ,1.000000
2848.500000 ,3621301.293000 ,970.000000 ,0.000000
2849.900000 ,3621297.054250 ,971.000000 ,1.000000
2851.300000 ,3621297.487000 ,972.000000 ,1.000000
2854.100000 ,3621297.341125 ,973.000000 ,1.000000
2856.900000 ,3621179.013000 ,974.000000 ,0.000000
2856.900000 ,3621297.054250 ,975.000000 ,1.000000
2859.700000 ,3621296.252313 ,976.000000 ,1.000000
2862.500000 ,3621296.750625 ,977.000000 ,1.000000
2865.300000 ,3621237.753000 ,978.000000 ,0.000000
2866.700000 ,3621296.824500 ,979.000000 ,1.000000
2866.700000 ,3621278.313000 ,980.000000 ,0.000000
2872.300000 ,3621296.750625 ,981.000000 ,1.000000
2875.100000 ,3621295.008583 ,982.000000 ,1.000000
2877.900000 ,3621181.173000 ,983.000000 ,0.000000
2877.900000 ,3621296.133719 ,984.000000 ,1.000000
2883.500000 ,3621296.654750 ,985.000000 ,1.000000
2886.300000 ,3621295.008583 ,986.000000 ,1.000000
2887.700000 ,3621295.748500 ,987.000000 ,1.000000
2887.700000 ,3621294.696000 ,988.000000 ,1.000000
2889.100000 ,3621296.654750 ,989.000000 ,1.000000
2890.500000 ,3621296.503750 ,990.000000 ,1.000000
2891.900000 ,3621296.370906 ,991.000000 ,1.000000
2891.900000 ,3621295.008583 ,992.000000 ,1.000000
2894.700000 ,3621295.943083 ,993.000000 ,1.000000
2896.100000 ,3621114.333000 ,994.000000 ,0.000000
2897.500000 ,3621296.255417 ,995.000000 ,1.000000
2901.700000 ,3621296.503750 ,996.000000 ,1.000000
2901.700000 ,3621295.878917 ,997.000000 ,1.000000
2904.500000 ,3621295.943083 ,998.000000 ,1.000000
2908.700000 ,3621295.973938 ,999.000000 ,1.000000
2910.100000 ,3621295.973938 ,1000.000000 ,1.000000
2911.500000 ,3621295.973938 ,1001.000000 ,1.000000
2912.900000 ,3621295.748500 ,1002.000000 ,1.000000
2914.300000 ,3621296.463500 ,1003.000000 ,1.000000
2917.100000 ,3621295.973938 ,1004.000000 ,1.000000
2918.500000 ,3621295.973938 ,1005.000000 ,1.000000
2919.900000 ,3621295.748500 ,1006.000000 ,1.000000
2922.700000 ,3621296.463500 ,1007.000000 ,1.000000
2922.700000 ,3621295.973938 ,1008.000000 ,1.000000
2926.900000 ,3621331.893000 ,1009.000000 ,0.000000
2928.300000 ,3621295.637500 ,1010.000000 ,1.000000
2928.300000 ,3621336.153000 ,1011.000000 ,0.000000
2931.100000 ,3621295.632250 ,1012.000000 ,1.000000
2932.500000 ,3621180.453000 ,1013.000000 ,0.000000
2932.500000 ,3621296.463500 ,1014.000000 ,1.000000
2932.500000 ,3621295.438583 ,1015.000000 ,1.000000
2936.700000 ,3621295.973938 ,1016.000000 ,1.000000
2938.100000 ,3621295.632250 ,1017.000000 ,1.000000
2942.300000 ,3621295.632250 ,1018.000000 ,1.000000
2942.300000 ,3621294.477750 ,1019.000000 ,1.000000
2942.300000 ,3621309.333000 ,1020.000000 ,0.000000
2942.300000 ,3621348.693000 ,1021.000000 ,0.000000
2943.700000 ,3621295.568500 ,1022.000000 ,1.000000
2945.100000 ,3621295.517750 ,1023.000000 ,1.000000
2950.700000 ,3621163.233000 ,1024.000000 ,0.000000
2950.700000 ,3621295.517750 ,1025.000000 ,1.000000
2952.100000 ,3621292.722000 ,1026.000000 ,1.000000
2953.500000 ,3621295.438583 ,1027.000000 ,1.000000
2954.900000 ,3621295.438583 ,1028.000000 ,1.000000
2960.500000 ,3621295.405750 ,1029.000000 ,1.000000
2963.300000 ,3621294.714000 ,1030.000000 ,1.000000
2964.700000 ,3621293.549750 ,1031.000000 ,1.000000
2966.100000 ,3621204.093000 ,1032.000000 ,0.000000
2970.300000 ,3621294.530750 ,1033.000000 ,1.000000
2971.700000 ,3621294.714000 ,1034.000000 ,1.000000
2971.700000 ,3621293.664600 ,1035.000000 ,1.000000
2974.500000 ,3621294.714000 ,1036.000000 ,1.000000
2974.500000 ,3621292.722000 ,1037.000000 ,1.000000
2975.900000 ,3621294.714000 ,1038.000000 ,1.000000
2978.700000 ,3621293.664600 ,1039.000000 ,1.000000
2981.500000 ,3621294.714000 ,1040.000000 ,1.000000
2982.900000 ,3621294.607083 ,1041.000000 ,1.000000
2991.300000 ,3621301.653000 ,1042.000000 ,0.000000
2995.500000 ,3621251.073000 ,1043.000000 ,0.000000
3002.500000 ,3621291.216000 ,1044.000000 ,1.000000
3006.700000 ,3621392.253000 ,1045.000000 ,0.000000
3008.100000 ,3621181.533000 ,1046.000000 ,0.000000
3015.100000 ,3621292.615200 ,1047.000000 ,1.000000
3017.900000 ,3621289.641900 ,1048.000000 ,1.000000
3019.300000 ,3621289.991700 ,1049.000000 ,1.000000
3027.700000 ,3621291.216000 ,1050.000000 ,1.000000
3027.700000 ,3621289.641900 ,1051.000000 ,1.000000
3029.100000 ,3621290.516400 ,1052.000000 ,1.000000
3033.300000 ,3621257.253000 ,1053.000000 ,0.000000
3034.700000 ,3621289.641900 ,1054.000000 ,1.000000
3036.100000 ,3621289.467000 ,1055.000000 ,1.000000
3037.500000 ,3621289.016000 ,1056.000000 ,1.000000
3038.900000 ,3621289.128750 ,1057.000000 ,1.000000
3041.700000 ,3621289.816800 ,1058.000000 ,1.000000
3045.900000 ,3621288.677750 ,1059.000000 ,1.000000
3047.300000 ,3621183.213000 ,1060.000000 ,0.000000
3047.300000 ,3621288.677750 ,1061.000000 ,1.000000
3050.100000 ,3621288.790500 ,1062.000000 ,1.000000
3054.300000 ,3621289.241500 ,1063.000000 ,1.000000
3055.700000 ,3621289.016000 ,1064.000000 ,1.000000
3057.100000 ,3621289.128750 ,1065.000000 ,1.000000
3057.100000 ,3621288.677750 ,1066.000000 ,1.000000
3058.500000 ,3621288.565000 ,1067.000000 ,1.000000
3068.300000 ,3621288.826155 ,1068.000000 ,1.000000
3069.700000 ,3621288.870464 ,1069.000000 ,1.000000
3072.500000 ,3621244.653000 ,1070.000000 ,0.000000
3072.500000 ,3621288.870464 ,1071.000000 ,1.000000
3075.300000 ,3621289.047702 ,1072.000000 ,1.000000
3079.500000 ,3621289.136321 ,1073.000000 ,1.000000
3082.300000 ,3621289.136321 ,1074.000000 ,1.000000
3083.700000 ,3621289.224940 ,1075.000000 ,1.000000
3085.100000 ,3621289.092012 ,1076.000000 ,1.000000
3090.700000 ,3621179.133000 ,1077.000000 ,0.000000
3090.700000 ,3621289.180631 ,1078.000000 ,1.000000
3094.900000 ,3621289.224940 ,1079.000000 ,1.000000
3096.300000 ,3621289.269250 ,1080.000000 ,1.000000
3100.500000 ,3621289.269250 ,1081.000000 ,1.000000
3101.900000 ,3621289.269250 ,1082.000000 ,1.000000
3106.100000 ,3621289.269250 ,1083.000000 ,1.000000
3107.500000 ,3621167.433000 ,1084.000000 ,0.000000
3107.500000 ,3621289.269250 ,1085.000000 ,1.000000
3108.900000 ,3621289.269250 ,1086.000000 ,1.000000
3118.700000 ,3621289.269250 ,1087.000000 ,1.000000
3120.100000 ,3621289.269250 ,1088.000000 ,1.000000
3121.500000 ,3621289.245094 ,1089.000000 ,1.000000
3124.300000 ,3621289.196781 ,1090.000000 ,1.000000
3127.100000 ,3621289.172625 ,1091.000000 ,1.000000
3131.300000 ,3621248.373000 ,1092.000000 ,0.000000
3149.500000 ,3621288.986585 ,1093.000000 ,1.000000
3155.100000 ,3621215.193000 ,1094.000000 ,0.000000
3162.100000 ,3621288.842670 ,1095.000000 ,1.000000
3163.500000 ,3621288.818684 ,1096.000000 ,1.000000
3167.700000 ,3621288.674769 ,1097.000000 ,1.000000
3170.500000 ,3621288.722741 ,1098.000000 ,1.000000
3171.900000 ,3621288.722741 ,1099.000000 ,1.000000
3171.900000 ,3621386.613000 ,1100.000000 ,0.000000
3177.500000 ,3621288.650783 ,1101.000000 ,1.000000
3178.900000 ,3621288.626797 ,1102.000000 ,1.000000
3178.900000 ,3621335.973000 ,1103.000000 ,0.000000
3181.700000 ,3621288.602811 ,1104.000000 ,1.000000
3190.100000 ,3621288.458896 ,1105.000000 ,1.000000
3194.300000 ,3621288.434910 ,1106.000000 ,1.000000
3198.500000 ,3621288.243024 ,1107.000000 ,1.000000
3199.900000 ,3621226.473000 ,1108.000000 ,0.000000
3201.300000 ,3621288.362953 ,1109.000000 ,1.000000
3204.100000 ,3621288.338967 ,1110.000000 ,1.000000
3211.100000 ,3621288.243024 ,1111.000000 ,1.000000
3212.500000 ,3621288.027151 ,1112.000000 ,1.000000
3213.900000 ,3621293.613000 ,1113.000000 ,0.000000
3215.300000 ,3621288.195052 ,1114.000000 ,1.000000
3216.700000 ,3621288.171066 ,1115.000000 ,1.000000
3219.500000 ,3621242.613000 ,1116.000000 ,0.000000
3222.300000 ,3621288.051137 ,1117.000000 ,1.000000
3223.700000 ,3621288.099108 ,1118.000000 ,1.000000
3229.300000 ,3621224.553000 ,1119.000000 ,0.000000
3230.700000 ,3621288.003165 ,1120.000000 ,1.000000
3233.500000 ,3621361.893000 ,1121.000000 ,0.000000
3236.300000 ,3621287.931208 ,1122.000000 ,1.000000
3237.700000 ,3621287.931208 ,1123.000000 ,1.000000
3239.100000 ,3621287.907222 ,1124.000000 ,1.000000
3240.500000 ,3621381.753000 ,1125.000000 ,0.000000
3241.900000 ,3621287.883236 ,1126.000000 ,1.000000
3246.100000 ,3621287.843800 ,1127.000000 ,1.000000
3251.700000 ,3621287.797450 ,1128.000000 ,1.000000
3253.100000 ,3621287.782000 ,1129.000000 ,1.000000
3254.500000 ,3621287.775831 ,1130.000000 ,1.000000
3261.500000 ,3621287.757325 ,1131.000000 ,1.000000
3267.100000 ,3621287.738819 ,1132.000000 ,1.000000
3269.900000 ,3621287.732650 ,1133.000000 ,1.000000
3272.700000 ,3621287.720313 ,1134.000000 ,1.000000
3278.300000 ,3621202.713000 ,1135.000000 ,0.000000
3282.500000 ,3621287.689469 ,1136.000000 ,1.000000
3283.900000 ,3621173.253000 ,1137.000000 ,0.000000
3285.300000 ,3621287.683300 ,1138.000000 ,1.000000
3286.700000 ,3621287.646287 ,1139.000000 ,1.000000
3288.100000 ,3621153.993000 ,1140.000000 ,0.000000
3289.500000 ,3621287.670963 ,1141.000000 ,1.000000
3290.900000 ,3621287.664794 ,1142.000000 ,1.000000
3297.900000 ,3621287.646287 ,1143.000000 ,1.000000
3299.300000 ,3621287.640119 ,1144.000000 ,1.000000
3300.700000 ,3621287.633950 ,1145.000000 ,1.000000
3304.900000 ,3621287.621613 ,1146.000000 ,1.000000
3309.100000 ,3621287.609275 ,1147.000000 ,1.000000
3316.100000 ,3621287.590769 ,1148.000000 ,1.000000
3318.900000 ,3621287.578431 ,1149.000000 ,1.000000
3318.900000 ,3621305.193000 ,1150.000000 ,0.000000
3320.300000 ,3621287.572263 ,1151.000000 ,1.000000
3320.300000 ,3621287.188583 ,1152.000000 ,1.000000
3323.100000 ,3621287.566094 ,1153.000000 ,1.000000
3324.500000 ,3621287.188583 ,1154.000000 ,1.000000
3325.900000 ,3621287.559925 ,1155.000000 ,1.000000
3325.900000 ,3621287.188583 ,1156.000000 ,1.000000
3335.700000 ,3621287.253000 ,1157.000000 ,1.000000
3338.500000 ,3621287.422937 ,1158.000000 ,1.000000
3339.900000 ,3621287.454150 ,1159.000000 ,1.000000
3349.700000 ,3621287.769625 ,1160.000000 ,1.000000
3349.700000 ,3621354.393000 ,1161.000000 ,0.000000
3351.100000 ,3621286.948812 ,1162.000000 ,1.000000
3359.500000 ,3621287.422937 ,1163.000000 ,1.000000
3363.700000 ,3621287.422937 ,1164.000000 ,1.000000
3365.100000 ,3621287.422937 ,1165.000000 ,1.000000
3365.100000 ,3621286.948812 ,1166.000000 ,1.000000
3367.900000 ,3621288.463000 ,1167.000000 ,1.000000
3367.900000 ,3621287.261750 ,1168.000000 ,1.000000
3372.100000 ,3621287.261750 ,1169.000000 ,1.000000
3373.500000 ,3621287.157437 ,1170.000000 ,1.000000
3376.300000 ,3621287.053125 ,1171.000000 ,1.000000
3384.700000 ,3621286.982250 ,1172.000000 ,1.000000
3390.300000 ,3621287.898000 ,1173.000000 ,1.000000
3390.300000 ,3621286.563000 ,1174.000000 ,1.000000
3394.500000 ,3621287.380917 ,1175.000000 ,1.000000
3398.700000 ,3621290.666750 ,1176.000000 ,1.000000
3404.300000 ,3621287.031833 ,1177.000000 ,1.000000
3415.500000 ,3621389.973000 ,1178.000000 ,0.000000
3418.300000 ,3621281.670750 ,1179.000000 ,1.000000
3421.100000 ,3621294.213000 ,1180.000000 ,0.000000
3422.500000 ,3621290.745250 ,1181.000000 ,1.000000
3423.900000 ,3621290.666750 ,1182.000000 ,1.000000
3423.900000 ,3621284.091500 ,1183.000000 ,1.000000
3428.100000 ,3621290.976000 ,1184.000000 ,1.000000
3429.500000 ,3621255.933000 ,1185.000000 ,0.000000
3430.900000 ,3621288.422750 ,1186.000000 ,1.000000
3432.300000 ,3621290.514500 ,1187.000000 ,1.000000
3435.100000 ,3621288.422750 ,1188.000000 ,1.000000
3436.500000 ,3621287.916250 ,1189.000000 ,1.000000
3442.100000 ,3621290.389857 ,1190.000000 ,1.000000
3442.100000 ,3621288.422750 ,1191.000000 ,1.000000
3443.500000 ,3621291.070688 ,1192.000000 ,1.000000
3444.900000 ,3621162.993000 ,1193.000000 ,0.000000
3446.300000 ,3621164.913000 ,1194.000000 ,0.000000
3446.300000 ,3621288.422750 ,1195.000000 ,1.000000
3449.100000 ,3621290.389857 ,1196.000000 ,1.000000
3453.300000 ,3621152.433000 ,1197.000000 ,0.000000
3454.700000 ,3621289.516300 ,1198.000000 ,1.000000
3456.100000 ,3621218.553000 ,1199.000000 ,0.000000
3460.300000 ,3621370.053000 ,1200.000000 ,0.000000
3463.100000 ,3621393.693000 ,1201.000000 ,0.000000
3467.300000 ,3621288.734500 ,1202.000000 ,1.000000
3474.300000 ,3621290.798364 ,1203.000000 ,1.000000
3479.900000 ,3621290.122375 ,1204.000000 ,1.000000
3482.700000 ,3621291.065250 ,1205.000000 ,1.000000
3484.100000 ,3621291.065250 ,1206.000000 ,1.000000
3484.100000 ,3621286.318750 ,1207.000000 ,1.000000
3486.900000 ,3621290.122375 ,1208.000000 ,1.000000
3486.900000 ,3621287.845100 ,1209.000000 ,1.000000
3491.100000 ,3621290.122375 ,1210.000000 ,1.000000
3491.100000 ,3621289.187028 ,1211.000000 ,1.000000
3502.300000 ,3621287.857813 ,1212.000000 ,1.000000
3503.700000 ,3621287.821313 ,1213.000000 ,1.000000
3509.300000 ,3621288.074125 ,1214.000000 ,1.000000
3512.100000 ,3621286.777417 ,1215.000000 ,1.000000
3514.900000 ,3621288.074125 ,1216.000000 ,1.000000
3517.700000 ,3621289.769250 ,1217.000000 ,1.000000
3520.500000 ,3621288.755375 ,1218.000000 ,1.000000
3521.900000 ,3621289.769250 ,1219.000000 ,1.000000
3523.300000 ,3621289.769250 ,1220.000000 ,1.000000
3524.700000 ,3621289.769250 ,1221.000000 ,1.000000
3524.700000 ,3621286.869750 ,1222.000000 ,1.000000
3526.100000 ,3621313.113000 ,1223.000000 ,0.000000
3533.100000 ,3621289.769250 ,1224.000000 ,1.000000
3533.100000 ,3621286.869750 ,1225.000000 ,1.000000
3534.500000 ,3621281.838750 ,1226.000000 ,1.000000
3540.100000 ,3621289.769250 ,1227.000000 ,1.000000
3540.100000 ,3621286.869750 ,1228.000000 ,1.000000
3544.300000 ,3621289.769250 ,1229.000000 ,1.000000
3545.700000 ,3621284.662125 ,1230.000000 ,1.000000
3551.300000 ,3621282.178250 ,1231.000000 ,1.000000
3554.100000 ,3621289.723825 ,1232.000000 ,1.000000
3562.500000 ,3621169.173000 ,1233.000000 ,0.000000
3563.900000 ,3621291.285036 ,1234.000000 ,1.000000
3570.900000 ,3621289.466833 ,1235.000000 ,1.000000
3579.300000 ,3621288.339833 ,1236.000000 ,1.000000
3600.300000 ,3621288.339833 ,1237.000000 ,1.000000
3604.500000 ,3621281.587250 ,1238.000000 ,1.000000
3605.900000 ,3621281.587250 ,1239.000000 ,1.000000
3612.900000 ,3621286.720094 ,1240.000000 ,1.000000
3617.100000 ,3621288.272286 ,1241.000000 ,1.000000
3618.500000 ,3621286.720094 ,1242.000000 ,1.000000
3621.300000 ,3621281.587250 ,1243.000000 ,1.000000
3625.500000 ,3621290.181850 ,1244.000000 ,1.000000
3629.700000 ,3621290.181850 ,1245.000000 ,1.000000
3631.100000 ,3621287.432550 ,1246.000000 ,1.000000
3633.900000 ,3621289.565833 ,1247.000000 ,1.000000
3647.900000 ,3621281.218750 ,1248.000000 ,1.000000
3649.300000 ,3621290.181850 ,1249.000000 ,1.000000
3649.300000 ,3621285.669500 ,1250.000000 ,1.000000
3649.300000 ,3621284.999375 ,1251.000000 ,1.000000
3654.900000 ,3621284.505917 ,1252.000000 ,1.000000
3657.700000 ,3621285.269375 ,1253.000000 ,1.000000
3657.700000 ,3621284.505917 ,1254.000000 ,1.000000
3657.700000 ,3621283.502875 ,1255.000000 ,1.000000
3663.300000 ,3621282.741500 ,1256.000000 ,1.000000
3664.700000 ,3621306.633000 ,1257.000000 ,0.000000
3670.300000 ,3621286.090375 ,1258.000000 ,1.000000
3673.100000 ,3621285.669500 ,1259.000000 ,1.000000
3674.500000 ,3621286.090375 ,1260.000000 ,1.000000
3674.500000 ,3621285.414750 ,1261.000000 ,1.000000
3678.700000 ,3621327.633000 ,1262.000000 ,0.000000
3681.500000 ,3621284.864375 ,1263.000000 ,1.000000
3684.300000 ,3621285.269375 ,1264.000000 ,1.000000
3685.700000 ,3621285.269375 ,1265.000000 ,1.000000
3687.100000 ,3621286.081375 ,1266.000000 ,1.000000
3687.100000 ,3621285.507500 ,1267.000000 ,1.000000
3687.100000 ,3621284.664550 ,1268.000000 ,1.000000
3689.900000 ,3621285.717500 ,1269.000000 ,1.000000
3695.500000 ,3621284.664550 ,1270.000000 ,1.000000
3702.500000 ,3621285.770167 ,1271.000000 ,1.000000
3703.900000 ,3621285.507188 ,1272.000000 ,1.000000
3703.900000 ,3621284.864375 ,1273.000000 ,1.000000
3712.300000 ,3621285.093125 ,1274.000000 ,1.000000
3713.700000 ,3621285.507188 ,1275.000000 ,1.000000
3716.500000 ,3621285.287000 ,1276.000000 ,1.000000
3717.900000 ,3621284.775625 ,1277.000000 ,1.000000
3717.900000 ,3621284.131667 ,1278.000000 ,1.000000
3719.300000 ,3621281.792083 ,1279.000000 ,1.000000
3720.700000 ,3621283.638714 ,1280.000000 ,1.000000
3722.100000 ,3621284.131667 ,1281.000000 ,1.000000
3723.500000 ,3621283.802750 ,1282.000000 ,1.000000
3729.100000 ,3621358.953000 ,1283.000000 ,0.000000
3730.500000 ,3621282.462306 ,1284.000000 ,1.000000
3733.300000 ,3621284.775625 ,1285.000000 ,1.000000
3734.700000 ,3621284.207250 ,1286.000000 ,1.000000
3736.100000 ,3621256.413000 ,1287.000000 ,0.000000
3736.100000 ,3621281.792083 ,1288.000000 ,1.000000
3743.100000 ,3621284.317500 ,1289.000000 ,1.000000
3744.500000 ,3621281.792083 ,1290.000000 ,1.000000
3745.900000 ,3621189.333000 ,1291.000000 ,0.000000
3745.900000 ,3621284.317500 ,1292.000000 ,1.000000
3752.900000 ,3621284.770500 ,1293.000000 ,1.000000
3758.500000 ,3621284.317500 ,1294.000000 ,1.000000
3761.300000 ,3621284.207250 ,1295.000000 ,1.000000
3762.700000 ,3621283.515500 ,1296.000000 ,1.000000
3771.100000 ,3621173.013000 ,1297.000000 ,0.000000
3771.100000 ,3621284.761042 ,1298.000000 ,1.000000
3773.900000 ,3621284.128813 ,1299.000000 ,1.000000
3773.900000 ,3621282.563143 ,1300.000000 ,1.000000
3775.300000 ,3621282.563143 ,1301.000000 ,1.000000
3775.300000 ,3621281.241875 ,1302.000000 ,1.000000
3778.100000 ,3621225.513000 ,1303.000000 ,0.000000
3779.500000 ,3621282.563143 ,1304.000000 ,1.000000
3780.900000 ,3621284.072500 ,1305.000000 ,1.000000
3782.300000 ,3621284.072500 ,1306.000000 ,1.000000
3783.700000 ,3621283.930000 ,1307.000000 ,1.000000
3794.900000 ,3621283.930000 ,1308.000000 ,1.000000
3801.900000 ,3621282.756917 ,1309.000000 ,1.000000
3803.300000 ,3621283.801875 ,1310.000000 ,1.000000
3804.700000 ,3621282.756917 ,1311.000000 ,1.000000
3804.700000 ,3621282.359917 ,1312.000000 ,1.000000
3806.100000 ,3621282.756917 ,1313.000000 ,1.000000
3807.500000 ,3621148.893000 ,1314.000000 ,0.000000
3807.500000 ,3621280.280750 ,1315.000000 ,1.000000
3808.900000 ,3621203.913000 ,1316.000000 ,0.000000
3817.300000 ,3621132.813000 ,1317.000000 ,0.000000
3820.100000 ,3621316.053000 ,1318.000000 ,0.000000
3828.500000 ,3621281.320083 ,1319.000000 ,1.000000
3838.300000 ,3621281.476167 ,1320.000000 ,1.000000
3839.700000 ,3621282.725750 ,1321.000000 ,1.000000
3841.100000 ,3621205.293000 ,1322.000000 ,0.000000
3842.500000 ,3621282.432750 ,1323.000000 ,1.000000
3845.300000 ,3621282.072750 ,1324.000000 ,1.000000
3849.500000 ,3621281.969708 ,1325.000000 ,1.000000
3855.100000 ,3621282.442563 ,1326.000000 ,1.000000
3856.500000 ,3621282.486917 ,1327.000000 ,1.000000
3857.900000 ,3621282.725750 ,1328.000000 ,1.000000
3860.700000 ,3621282.486917 ,1329.000000 ,1.000000
3862.100000 ,3621282.622786 ,1330.000000 ,1.000000
3863.500000 ,3621282.212500 ,1331.000000 ,1.000000
3864.900000 ,3621282.842964 ,1332.000000 ,1.000000
3867.700000 ,3621282.842964 ,1333.000000 ,1.000000
3873.300000 ,3621282.842964 ,1334.000000 ,1.000000
3876.100000 ,3621282.622786 ,1335.000000 ,1.000000
3878.900000 ,3621282.622786 ,1336.000000 ,1.000000
3878.900000 ,3621280.732750 ,1337.000000 ,1.000000
3880.300000 ,3621282.622786 ,1338.000000 ,1.000000
3880.300000 ,3621281.276250 ,1339.000000 ,1.000000
3880.300000 ,3621316.233000 ,1340.000000 ,0.000000
3881.700000 ,3621282.403000 ,1341.000000 ,1.000000
3883.100000 ,3621282.579375 ,1342.000000 ,1.000000
3883.100000 ,3621281.276250 ,1343.000000 ,1.000000
3884.500000 ,3621280.988500 ,1344.000000 ,1.000000
3887.300000 ,3621282.579375 ,1345.000000 ,1.000000
3888.700000 ,3621281.276250 ,1346.000000 ,1.000000
3890.100000 ,3621282.842964 ,1347.000000 ,1.000000
3891.500000 ,3621280.830250 ,1348.000000 ,1.000000
3909.700000 ,3621280.830250 ,1349.000000 ,1.000000
3911.100000 ,3621280.911750 ,1350.000000 ,1.000000
3911.100000 ,3621280.190750 ,1351.000000 ,1.000000
3912.500000 ,3621279.513750 ,1352.000000 ,1.000000
3913.900000 ,3621280.692375 ,1353.000000 ,1.000000
3916.700000 ,3621280.911750 ,1354.000000 ,1.000000
3922.300000 ,3621280.057750 ,1355.000000 ,1.000000
3923.700000 ,3621280.057750 ,1356.000000 ,1.000000
3927.900000 ,3621280.911750 ,1357.000000 ,1.000000
3929.300000 ,3621212.253000 ,1358.000000 ,0.000000
3930.700000 ,3621280.190750 ,1359.000000 ,1.000000
3936.300000 ,3621280.473000 ,1360.000000 ,1.000000
3936.300000 ,3621279.831400 ,1361.000000 ,1.000000
3943.300000 ,3621280.138325 ,1362.000000 ,1.000000
3946.100000 ,3621279.831400 ,1363.000000 ,1.000000
3948.900000 ,3621279.455823 ,1364.000000 ,1.000000
3950.300000 ,3621308.133000 ,1365.000000 ,0.000000
3953.100000 ,3621279.534625 ,1366.000000 ,1.000000
3962.900000 ,3621279.005613 ,1367.000000 ,1.000000
3965.700000 ,3621279.005613 ,1368.000000 ,1.000000
3968.500000 ,3621278.555403 ,1369.000000 ,1.000000
3981.100000 ,3621277.542431 ,1370.000000 ,1.000000
3993.700000 ,3621134.013000 ,1371.000000 ,0.000000
3997.900000 ,3621277.654984 ,1372.000000 ,1.000000
3999.300000 ,3621276.754565 ,1373.000000 ,1.000000
4002.100000 ,3621276.979669 ,1374.000000 ,1.000000
4004.900000 ,3621276.304355 ,1375.000000 ,1.000000
4006.300000 ,3621276.754565 ,1376.000000 ,1.000000
4010.500000 ,3621271.353000 ,1377.000000 ,0.000000
4014.700000 ,3621275.999227 ,1378.000000 ,1.000000
4017.500000 ,3621276.979669 ,1379.000000 ,1.000000
4017.500000 ,3621276.191802 ,1380.000000 ,1.000000
4018.900000 ,3621276.191802 ,1381.000000 ,1.000000
4020.300000 ,3621275.999227 ,1382.000000 ,1.000000
4021.700000 ,3621276.191802 ,1383.000000 ,1.000000
4023.100000 ,3621275.679136 ,1384.000000 ,1.000000
4024.500000 ,3621276.304355 ,1385.000000 ,1.000000
4031.500000 ,3621276.079250 ,1386.000000 ,1.000000
4034.300000 ,3621275.919205 ,1387.000000 ,1.000000
4038.500000 ,3621275.118977 ,1388.000000 ,1.000000
4039.900000 ,3621274.958932 ,1389.000000 ,1.000000
4041.300000 ,3621270.513000 ,1390.000000 ,0.000000
4041.300000 ,3621275.279023 ,1391.000000 ,1.000000
4044.100000 ,3621275.519091 ,1392.000000 ,1.000000
4044.100000 ,3621275.038955 ,1393.000000 ,1.000000
4045.500000 ,3621275.118977 ,1394.000000 ,1.000000
4063.700000 ,3621258.273000 ,1395.000000 ,0.000000
4063.700000 ,3621275.017000 ,1396.000000 ,1.000000
4069.300000 ,3621275.800600 ,1397.000000 ,1.000000
4069.300000 ,3621275.017000 ,1398.000000 ,1.000000
4072.100000 ,3621275.643880 ,1399.000000 ,1.000000
4074.900000 ,3621275.017000 ,1400.000000 ,1.000000
4076.300000 ,3621394.833000 ,1401.000000 ,0.000000
4090.300000 ,3621277.088050 ,1402.000000 ,1.000000
4090.300000 ,3621275.996450 ,1403.000000 ,1.000000
4091.700000 ,3621275.177750 ,1404.000000 ,1.000000
4093.100000 ,3621275.723550 ,1405.000000 ,1.000000
4097.300000 ,3621277.977750 ,1406.000000 ,1.000000
4097.300000 ,3621277.360950 ,1407.000000 ,1.000000
4100.100000 ,3621277.977750 ,1408.000000 ,1.000000
4101.500000 ,3621276.815150 ,1409.000000 ,1.000000
4102.900000 ,3621258.813000 ,1410.000000 ,0.000000
4105.700000 ,3621277.977750 ,1411.000000 ,1.000000
4107.100000 ,3621277.360950 ,1412.000000 ,1.000000
4109.900000 ,3621278.089062 ,1413.000000 ,1.000000
4114.100000 ,3621278.089062 ,1414.000000 ,1.000000
4115.500000 ,3621278.210333 ,1415.000000 ,1.000000
4119.700000 ,3621278.149500 ,1416.000000 ,1.000000
4121.100000 ,3621268.233000 ,1417.000000 ,0.000000
4123.900000 ,3621278.394125 ,1418.000000 ,1.000000
4128.100000 ,3621277.505375 ,1419.000000 ,1.000000
4130.900000 ,3621277.505375 ,1420.000000 ,1.000000
4135.100000 ,3621278.394125 ,1421.000000 ,1.000000
4136.500000 ,3621278.320475 ,1422.000000 ,1.000000
4137.900000 ,3621278.065625 ,1423.000000 ,1.000000
4139.300000 ,3621277.148375 ,1424.000000 ,1.000000
4142.100000 ,3621277.505375 ,1425.000000 ,1.000000
4144.900000 ,3621277.505375 ,1426.000000 ,1.000000
4151.900000 ,3621277.505375 ,1427.000000 ,1.000000
4151.900000 ,3621277.148375 ,1428.000000 ,1.000000
4153.300000 ,3621277.148375 ,1429.000000 ,1.000000
4156.100000 ,3621277.148375 ,1430.000000 ,1.000000
4157.500000 ,3621277.148375 ,1431.000000 ,1.000000
4158.900000 ,3621277.027188 ,1432.000000 ,1.000000
4160.300000 ,3621277.138250 ,1433.000000 ,1.000000
4160.300000 ,3621276.472312 ,1434.000000 ,1.000000
4161.700000 ,3621277.138250 ,1435.000000 ,1.000000
4163.100000 ,3621276.617875 ,1436.000000 ,1.000000
4164.500000 ,3621277.027188 ,1437.000000 ,1.000000
4167.300000 ,3621277.027188 ,1438.000000 ,1.000000
4170.100000 ,3621276.900750 ,1439.000000 ,1.000000
4177.100000 ,3621173.673000 ,1440.000000 ,0.000000
4181.300000 ,3621276.472312 ,1441.000000 ,1.000000
4182.700000 ,3621276.420583 ,1442.000000 ,1.000000
4189.700000 ,3621276.472312 ,1443.000000 ,1.000000
4192.500000 ,3621275.037792 ,1444.000000 ,1.000000
4198.100000 ,3621276.420583 ,1445.000000 ,1.000000
4206.500000 ,3621275.827958 ,1446.000000 ,1.000000
4209.300000 ,3621274.578437 ,1447.000000 ,1.000000
4210.700000 ,3621274.447531 ,1448.000000 ,1.000000
4213.500000 ,3621274.383125 ,1449.000000 ,1.000000
4216.300000 ,3621275.037792 ,1450.000000 ,1.000000
4216.300000 ,3621274.447531 ,1451.000000 ,1.000000
4219.100000 ,3621274.447531 ,1452.000000 ,1.000000
4219.100000 ,3621373.833000 ,1453.000000 ,0.000000
4220.500000 ,3621274.185719 ,1454.000000 ,1.000000
4221.900000 ,3621274.383125 ,1455.000000 ,1.000000
4223.300000 ,3621274.316625 ,1456.000000 ,1.000000
4224.700000 ,3621274.514409 ,1457.000000 ,1.000000
4227.500000 ,3621274.658000 ,1458.000000 ,1.000000
4228.900000 ,3621274.756500 ,1459.000000 ,1.000000
4231.700000 ,3621274.973250 ,1460.000000 ,1.000000
4231.700000 ,3621274.658000 ,1461.000000 ,1.000000
4234.500000 ,3621274.756500 ,1462.000000 ,1.000000
4237.300000 ,3621234.153000 ,1463.000000 ,0.000000
4237.300000 ,3621255.093000 ,1464.000000 ,0.000000
4237.300000 ,3621274.756500 ,1465.000000 ,1.000000
4240.100000 ,3621149.673000 ,1466.000000 ,0.000000
4240.100000 ,3621274.299023 ,1467.000000 ,1.000000
4244.300000 ,3621274.370818 ,1468.000000 ,1.000000
4247.100000 ,3621274.756500 ,1469.000000 ,1.000000
4254.100000 ,3621274.595750 ,1470.000000 ,1.000000
4255.500000 ,3621274.595750 ,1471.000000 ,1.000000
4256.900000 ,3621274.504659 ,1472.000000 ,1.000000
4258.300000 ,3621274.155432 ,1473.000000 ,1.000000
4259.700000 ,3621275.219500 ,1474.000000 ,1.000000
4266.700000 ,3621274.083636 ,1475.000000 ,1.000000
4268.100000 ,3621274.868000 ,1476.000000 ,1.000000
4269.500000 ,3621274.595750 ,1477.000000 ,1.000000
4270.900000 ,3621273.972000 ,1478.000000 ,1.000000
4275.100000 ,3621273.157679 ,1479.000000 ,1.000000
4279.300000 ,3621274.518188 ,1480.000000 ,1.000000
4282.100000 ,3621275.383083 ,1481.000000 ,1.000000
4282.100000 ,3621274.102500 ,1482.000000 ,1.000000
4286.300000 ,3621273.157679 ,1483.000000 ,1.000000
4291.900000 ,3621272.846125 ,1484.000000 ,1.000000
4291.900000 ,3621271.169250 ,1485.000000 ,1.000000
4291.900000 ,3621269.505063 ,1486.000000 ,1.000000
4294.700000 ,3621274.398500 ,1487.000000 ,1.000000
4297.500000 ,3621274.292000 ,1488.000000 ,1.000000
4298.900000 ,3621273.546083 ,1489.000000 ,1.000000
4303.100000 ,3621272.111050 ,1490.000000 ,1.000000
4304.500000 ,3621271.169250 ,1491.000000 ,1.000000
4307.300000 ,3621273.546083 ,1492.000000 ,1.000000
4307.300000 ,3621270.862375 ,1493.000000 ,1.000000
4307.300000 ,3621269.505063 ,1494.000000 ,1.000000
4310.100000 ,3621284.073000 ,1495.000000 ,0.000000
4310.100000 ,3621270.862375 ,1496.000000 ,1.000000
4311.500000 ,3621273.124536 ,1497.000000 ,1.000000
4311.500000 ,3621270.183719 ,1498.000000 ,1.000000
4314.300000 ,3621273.432125 ,1499.000000 ,1.000000
4315.700000 ,3621272.111050 ,1500.000000 ,1.000000
4317.100000 ,3621273.338375 ,1501.000000 ,1.000000
4317.100000 ,3621270.862375 ,1502.000000 ,1.000000
4322.700000 ,3621389.793000 ,1503.000000 ,0.000000
4325.500000 ,3621274.501500 ,1504.000000 ,1.000000
4328.300000 ,3621270.183250 ,1505.000000 ,1.000000
4331.100000 ,3621272.111050 ,1506.000000 ,1.000000
4336.700000 ,3621270.183250 ,1507.000000 ,1.000000
4338.100000 ,3621273.432125 ,1508.000000 ,1.000000
4342.300000 ,3621274.178667 ,1509.000000 ,1.000000
4347.900000 ,3621274.334583 ,1510.000000 ,1.000000
4347.900000 ,3621272.051917 ,1511.000000 ,1.000000
4349.300000 ,3621274.178667 ,1512.000000 ,1.000000
4350.700000 ,3621273.328639 ,1513.000000 ,1.000000
4352.100000 ,3621274.334583 ,1514.000000 ,1.000000
4353.500000 ,3621274.178667 ,1515.000000 ,1.000000
4357.700000 ,3621272.916833 ,1516.000000 ,1.000000
4359.100000 ,3621270.857806 ,1517.000000 ,1.000000
4363.300000 ,3621271.142250 ,1518.000000 ,1.000000
4364.700000 ,3621272.916833 ,1519.000000 ,1.000000
4367.500000 ,3621272.916833 ,1520.000000 ,1.000000
4368.900000 ,3621274.152250 ,1521.000000 ,1.000000
4371.700000 ,3621273.328639 ,1522.000000 ,1.000000
4374.500000 ,3621271.269611 ,1523.000000 ,1.000000
4377.300000 ,3621271.724750 ,1524.000000 ,1.000000
4377.300000 ,3621270.013250 ,1525.000000 ,1.000000
4380.100000 ,3621272.093222 ,1526.000000 ,1.000000
4380.100000 ,3621271.392250 ,1527.000000 ,1.000000
4381.500000 ,3621202.233000 ,1528.000000 ,0.000000
4381.500000 ,3621270.446000 ,1529.000000 ,1.000000
4384.300000 ,3621271.011083 ,1530.000000 ,1.000000
4392.700000 ,3621271.392250 ,1531.000000 ,1.000000
4394.100000 ,3621271.392250 ,1532.000000 ,1.000000
4401.100000 ,3621271.392250 ,1533.000000 ,1.000000
4403.900000 ,3621271.974167 ,1534.000000 ,1.000000
4405.300000 ,3621271.838250 ,1535.000000 ,1.000000
4406.700000 ,3621271.838250 ,1536.000000 ,1.000000
4408.100000 ,3621187.113000 ,1537.000000 ,0.000000
4408.100000 ,3621271.392250 ,1538.000000 ,1.000000
4410.900000 ,3621271.838250 ,1539.000000 ,1.000000
4413.700000 ,3621271.392250 ,1540.000000 ,1.000000
4413.700000 ,3621270.892250 ,1541.000000 ,1.000000
4417.900000 ,3621270.892250 ,1542.000000 ,1.000000
4419.300000 ,3621270.436850 ,1543.000000 ,1.000000
4420.700000 ,3621271.286125 ,1544.000000 ,1.000000
4422.100000 ,3621271.056000 ,1545.000000 ,1.000000
4424.900000 ,3621270.938083 ,1546.000000 ,1.000000
4429.100000 ,3621271.286125 ,1547.000000 ,1.000000
4438.900000 ,3621271.063778 ,1548.000000 ,1.000000
4444.500000 ,3621270.938083 ,1549.000000 ,1.000000
4445.900000 ,3621269.940650 ,1550.000000 ,1.000000
4447.300000 ,3621271.269500 ,1551.000000 ,1.000000
4448.700000 ,3621270.995639 ,1552.000000 ,1.000000
4450.100000 ,3621271.063778 ,1553.000000 ,1.000000
4452.900000 ,3621271.269500 ,1554.000000 ,1.000000
4459.900000 ,3621271.269500 ,1555.000000 ,1.000000
4461.300000 ,3621268.955875 ,1556.000000 ,1.000000
4462.700000 ,3621271.125375 ,1557.000000 ,1.000000
4471.100000 ,3621271.269500 ,1558.000000 ,1.000000
4471.100000 ,3621264.725500 ,1559.000000 ,1.000000
4472.500000 ,3621271.269500 ,1560.000000 ,1.000000
4473.900000 ,3621271.658250 ,1561.000000 ,1.000000
4476.700000 ,3621271.514750 ,1562.000000 ,1.000000
4478.100000 ,3621271.658250 ,1563.000000 ,1.000000
4478.100000 ,3621264.725500 ,1564.000000 ,1.000000
4479.500000 ,3621265.547500 ,1565.000000 ,1.000000
4482.300000 ,3621265.547500 ,1566.000000 ,1.000000
4486.500000 ,3621264.607750 ,1567.000000 ,1.000000
4492.100000 ,3621268.955875 ,1568.000000 ,1.000000
4492.100000 ,3621265.013375 ,1569.000000 ,1.000000
4493.500000 ,3621267.624750 ,1570.000000 ,1.000000
4494.900000 ,3621271.658250 ,1571.000000 ,1.000000
4496.300000 ,3621265.013375 ,1572.000000 ,1.000000
4499.100000 ,3621265.151250 ,1573.000000 ,1.000000
4501.900000 ,3621264.875500 ,1574.000000 ,1.000000
4503.300000 ,3621271.658250 ,1575.000000 ,1.000000
4503.300000 ,3621265.186286 ,1576.000000 ,1.000000
4506.100000 ,3621269.621333 ,1577.000000 ,1.000000
4506.100000 ,3621265.013375 ,1578.000000 ,1.000000
4507.500000 ,3621265.186286 ,1579.000000 ,1.000000
4510.300000 ,3621264.875500 ,1580.000000 ,1.000000
4515.900000 ,3621129.453000 ,1581.000000 ,0.000000
4515.900000 ,3621265.186286 ,1582.000000 ,1.000000
4517.300000 ,3621265.013375 ,1583.000000 ,1.000000
4518.700000 ,3621266.658857 ,1584.000000 ,1.000000
4522.900000 ,3621267.726000 ,1585.000000 ,1.000000
4525.700000 ,3621265.554429 ,1586.000000 ,1.000000
4535.500000 ,3621266.658857 ,1587.000000 ,1.000000
4542.500000 ,3621267.789846 ,1588.000000 ,1.000000
4549.500000 ,3621367.413000 ,1589.000000 ,0.000000
4550.900000 ,3621118.533000 ,1590.000000 ,0.000000
4560.700000 ,3621235.473000 ,1591.000000 ,0.000000
4564.900000 ,3621268.008625 ,1592.000000 ,1.000000
4567.700000 ,3621377.913000 ,1593.000000 ,0.000000
4569.100000 ,3621268.211250 ,1594.000000 ,1.000000
4570.500000 ,3621268.109938 ,1595.000000 ,1.000000
4574.700000 ,3621267.806000 ,1596.000000 ,1.000000
4576.100000 ,3621268.008625 ,1597.000000 ,1.000000
4580.300000 ,3621268.211250 ,1598.000000 ,1.000000
4581.700000 ,3621265.158071 ,1599.000000 ,1.000000
4583.100000 ,3621267.753750 ,1600.000000 ,1.000000
4587.300000 ,3621265.158071 ,1601.000000 ,1.000000
4590.100000 ,3621261.794500 ,1602.000000 ,1.000000
4592.900000 ,3621123.273000 ,1603.000000 ,0.000000
4595.700000 ,3621262.635393 ,1604.000000 ,1.000000
4601.300000 ,3621262.134458 ,1605.000000 ,1.000000
4604.100000 ,3621262.797167 ,1606.000000 ,1.000000
4605.500000 ,3621264.317179 ,1607.000000 ,1.000000
4605.500000 ,3621261.794500 ,1608.000000 ,1.000000
4606.900000 ,3621261.794500 ,1609.000000 ,1.000000
4608.300000 ,3621257.493000 ,1610.000000 ,0.000000
4608.300000 ,3621262.854531 ,1611.000000 ,1.000000
4609.700000 ,3621262.249187 ,1612.000000 ,1.000000
4611.100000 ,3621262.635393 ,1613.000000 ,1.000000
4613.900000 ,3621263.579917 ,1614.000000 ,1.000000
4615.300000 ,3621263.579917 ,1615.000000 ,1.000000
4616.700000 ,3621262.854531 ,1616.000000 ,1.000000
4619.500000 ,3621145.833000 ,1617.000000 ,0.000000
4619.500000 ,3621263.184750 ,1618.000000 ,1.000000
4622.300000 ,3621263.157203 ,1619.000000 ,1.000000
4622.300000 ,3621262.134458 ,1620.000000 ,1.000000
4622.300000 ,3621261.341172 ,1621.000000 ,1.000000
4623.700000 ,3621262.584833 ,1622.000000 ,1.000000
4625.100000 ,3621261.038500 ,1623.000000 ,1.000000
4627.900000 ,3621394.353000 ,1624.000000 ,0.000000
4640.500000 ,3621262.249187 ,1625.000000 ,1.000000
4643.300000 ,3621262.035250 ,1626.000000 ,1.000000
4644.700000 ,3621261.391750 ,1627.000000 ,1.000000
4644.700000 ,3621367.953000 ,1628.000000 ,0.000000
4646.100000 ,3621261.136000 ,1629.000000 ,1.000000
4651.700000 ,3621261.136000 ,1630.000000 ,1.000000
4653.100000 ,3621269.888750 ,1631.000000 ,1.000000
4657.300000 ,3621261.391750 ,1632.000000 ,1.000000
4660.100000 ,3621269.888750 ,1633.000000 ,1.000000
4661.500000 ,3621260.285000 ,1634.000000 ,1.000000
4665.700000 ,3621270.109750 ,1635.000000 ,1.000000
4668.500000 ,3621269.888750 ,1636.000000 ,1.000000
4672.700000 ,3621265.702146 ,1637.000000 ,1.000000
4674.100000 ,3621263.582476 ,1638.000000 ,1.000000
4675.500000 ,3621264.327952 ,1639.000000 ,1.000000
4678.300000 ,3621265.531917 ,1640.000000 ,1.000000
4679.700000 ,3621263.582476 ,1641.000000 ,1.000000
4681.100000 ,3621262.050125 ,1642.000000 ,1.000000
4682.500000 ,3621269.888750 ,1643.000000 ,1.000000
4682.500000 ,3621266.746500 ,1644.000000 ,1.000000
4683.900000 ,3621265.739250 ,1645.000000 ,1.000000
4683.900000 ,3621262.837000 ,1646.000000 ,1.000000
4689.500000 ,3621270.489000 ,1647.000000 ,1.000000
4692.300000 ,3621265.531917 ,1648.000000 ,1.000000
4695.100000 ,3621270.489000 ,1649.000000 ,1.000000
4695.100000 ,3621260.405250 ,1650.000000 ,1.000000
4696.500000 ,3621160.953000 ,1651.000000 ,0.000000
4707.700000 ,3621261.692850 ,1652.000000 ,1.000000
4709.100000 ,3621265.739250 ,1653.000000 ,1.000000
4709.100000 ,3621263.609750 ,1654.000000 ,1.000000
4709.100000 ,3621261.692850 ,1655.000000 ,1.000000
4710.500000 ,3621261.692850 ,1656.000000 ,1.000000
4711.900000 ,3621261.692850 ,1657.000000 ,1.000000
4711.900000 ,3621260.405250 ,1658.000000 ,1.000000
4713.300000 ,3621261.692850 ,1659.000000 ,1.000000
4716.100000 ,3621265.739250 ,1660.000000 ,1.000000
4718.900000 ,3621265.691875 ,1661.000000 ,1.000000
4721.700000 ,3621265.691875 ,1662.000000 ,1.000000
4723.100000 ,3621263.609750 ,1663.000000 ,1.000000
4725.900000 ,3621263.735687 ,1664.000000 ,1.000000
4730.100000 ,3621263.609750 ,1665.000000 ,1.000000
4731.500000 ,3621246.753000 ,1666.000000 ,0.000000
4732.900000 ,3621263.182300 ,1667.000000 ,1.000000
4735.700000 ,3621263.380917 ,1668.000000 ,1.000000
4738.500000 ,3621263.999437 ,1669.000000 ,1.000000
4739.900000 ,3621262.411000 ,1670.000000 ,1.000000
4741.300000 ,3621263.380917 ,1671.000000 ,1.000000
4744.100000 ,3621262.727800 ,1672.000000 ,1.000000
4745.500000 ,3621261.918750 ,1673.000000 ,1.000000
4746.900000 ,3621263.829125 ,1674.000000 ,1.000000
4746.900000 ,3621352.953000 ,1675.000000 ,0.000000
4748.300000 ,3621266.004500 ,1676.000000 ,1.000000
4748.300000 ,3621264.870583 ,1677.000000 ,1.000000
4748.300000 ,3621263.380917 ,1678.000000 ,1.000000
4751.100000 ,3621264.870583 ,1679.000000 ,1.000000
4751.100000 ,3621262.727800 ,1680.000000 ,1.000000
4753.900000 ,3621263.735687 ,1681.000000 ,1.000000
4755.300000 ,3621264.409583 ,1682.000000 ,1.000000
4756.700000 ,3621120.093000 ,1683.000000 ,0.000000
4758.100000 ,3621264.409583 ,1684.000000 ,1.000000
4758.100000 ,3621263.829125 ,1685.000000 ,1.000000
4760.900000 ,3621268.707500 ,1686.000000 ,1.000000
4765.100000 ,3621266.863208 ,1687.000000 ,1.000000
4770.700000 ,3621266.004500 ,1688.000000 ,1.000000
4770.700000 ,3621261.918750 ,1689.000000 ,1.000000
4776.300000 ,3621264.741750 ,1690.000000 ,1.000000
4779.100000 ,3621266.863208 ,1691.000000 ,1.000000
4781.900000 ,3621266.828833 ,1692.000000 ,1.000000
4790.300000 ,3621168.453000 ,1693.000000 ,0.000000
4794.500000 ,3621267.047536 ,1694.000000 ,1.000000
4795.900000 ,3621199.113000 ,1695.000000 ,0.000000
4795.900000 ,3621268.406050 ,1696.000000 ,1.000000
4802.900000 ,3621267.047536 ,1697.000000 ,1.000000
4807.100000 ,3621268.294023 ,1698.000000 ,1.000000
4808.500000 ,3621267.710500 ,1699.000000 ,1.000000
4814.100000 ,3621268.524687 ,1700.000000 ,1.000000
4815.500000 ,3621268.006528 ,1701.000000 ,1.000000
4821.100000 ,3621269.390150 ,1702.000000 ,1.000000
4821.100000 ,3621268.524687 ,1703.000000 ,1.000000
4822.500000 ,3621268.006528 ,1704.000000 ,1.000000
4823.900000 ,3621268.706938 ,1705.000000 ,1.000000
4826.700000 ,3621267.484750 ,1706.000000 ,1.000000
4829.500000 ,3621153.273000 ,1707.000000 ,0.000000
4829.500000 ,3621267.834000 ,1708.000000 ,1.000000
4832.300000 ,3621267.834000 ,1709.000000 ,1.000000
4833.700000 ,3621267.644167 ,1710.000000 ,1.000000
4837.900000 ,3621345.213000 ,1711.000000 ,0.000000
4840.700000 ,3621267.297550 ,1712.000000 ,1.000000
4846.300000 ,3621266.772313 ,1713.000000 ,1.000000
4854.700000 ,3621266.772313 ,1714.000000 ,1.000000
4856.100000 ,3621266.291400 ,1715.000000 ,1.000000
4857.500000 ,3621267.474062 ,1716.000000 ,1.000000
4858.900000 ,3621326.373000 ,1717.000000 ,0.000000
4861.700000 ,3621266.995500 ,1718.000000 ,1.000000
4874.300000 ,3621273.213000 ,1719.000000 ,0.000000
4874.300000 ,3621265.869313 ,1720.000000 ,1.000000
4874.300000 ,3621265.168625 ,1721.000000 ,1.000000
4877.100000 ,3621265.168625 ,1722.000000 ,1.000000
4878.500000 ,3621266.498458 ,1723.000000 ,1.000000
4879.900000 ,3621265.168625 ,1724.000000 ,1.000000
4881.300000 ,3621264.599929 ,1725.000000 ,1.000000
4882.700000 ,3621265.558000 ,1726.000000 ,1.000000
4884.100000 ,3621265.869313 ,1727.000000 ,1.000000
4885.500000 ,3621265.137200 ,1728.000000 ,1.000000
4889.700000 ,3621265.558000 ,1729.000000 ,1.000000
4892.500000 ,3621264.435500 ,1730.000000 ,1.000000
4893.900000 ,3621264.435500 ,1731.000000 ,1.000000
4898.100000 ,3621265.005964 ,1732.000000 ,1.000000
4900.900000 ,3621265.869750 ,1733.000000 ,1.000000
4902.300000 ,3621265.005964 ,1734.000000 ,1.000000
4906.500000 ,3621265.869750 ,1735.000000 ,1.000000
4912.100000 ,3621265.421417 ,1736.000000 ,1.000000
4917.700000 ,3621265.869750 ,1737.000000 ,1.000000
4917.700000 ,3621262.306500 ,1738.000000 ,1.000000
4928.900000 ,3621263.504917 ,1739.000000 ,1.000000
4928.900000 ,3621359.913000 ,1740.000000 ,0.000000
4931.700000 ,3621261.714250 ,1741.000000 ,1.000000
4933.100000 ,3621261.714250 ,1742.000000 ,1.000000
4935.900000 ,3621255.153000 ,1743.000000 ,0.000000
4937.300000 ,3621115.173000 ,1744.000000 ,0.000000
4938.700000 ,3621261.518833 ,1745.000000 ,1.000000
4938.700000 ,3621260.081250 ,1746.000000 ,1.000000
4940.100000 ,3621261.714250 ,1747.000000 ,1.000000
4941.500000 ,3621261.244625 ,1748.000000 ,1.000000
4942.900000 ,3621261.387563 ,1749.000000 ,1.000000
4949.900000 ,3621262.064062 ,1750.000000 ,1.000000
4952.700000 ,3621261.111000 ,1751.000000 ,1.000000
4952.700000 ,3621259.994750 ,1752.000000 ,1.000000
4954.100000 ,3621261.675583 ,1753.000000 ,1.000000
4958.300000 ,3621262.064062 ,1754.000000 ,1.000000
4959.700000 ,3621261.387563 ,1755.000000 ,1.000000
4961.100000 ,3621259.342375 ,1756.000000 ,1.000000
4965.300000 ,3621263.368750 ,1757.000000 ,1.000000
4965.300000 ,3621261.387563 ,1758.000000 ,1.000000
4966.700000 ,3621301.833000 ,1759.000000 ,0.000000
4969.500000 ,3621263.100000 ,1760.000000 ,1.000000
4969.500000 ,3621257.339250 ,1761.000000 ,1.000000
4975.100000 ,3621259.994750 ,1762.000000 ,1.000000
4977.900000 ,3621259.796000 ,1763.000000 ,1.000000
4977.900000 ,3621258.690000 ,1764.000000 ,1.000000
4979.300000 ,3621237.633000 ,1765.000000 ,0.000000
4979.300000 ,3621263.170000 ,1766.000000 ,1.000000
4979.300000 ,3621259.342375 ,1767.000000 ,1.000000
4984.900000 ,3621260.290083 ,1768.000000 ,1.000000
4989.100000 ,3621263.170000 ,1769.000000 ,1.000000
4990.500000 ,3621262.756250 ,1770.000000 ,1.000000
4990.500000 ,3621260.987000 ,1771.000000 ,1.000000
4991.900000 ,3621261.683917 ,1772.000000 ,1.000000
4991.900000 ,3621260.987000 ,1773.000000 ,1.000000
4991.900000 ,3621257.502417 ,1774.000000 ,1.000000
4997.500000 ,3621258.422650 ,1775.000000 ,1.000000
4998.900000 ,3621260.589450 ,1776.000000 ,1.000000
5000.300000 ,3621258.199333 ,1777.000000 ,1.000000
5000.300000 ,3621255.411667 ,1778.000000 ,1.000000
