10.700000 ,3621644.135875 ,1.000000 ,1.000000
10.700000 ,3621643.372208 ,2.000000 ,1.000000
14.900000 ,3621644.028042 ,3.000000 ,1.000000
16.300000 ,3621643.372208 ,4.000000 ,1.000000
21.900000 ,3621643.864083 ,5.000000 ,1.000000
21.900000 ,3621642.918750 ,6.000000 ,1.000000
23.300000 ,3621643.536167 ,7.000000 ,1.000000
23.300000 ,3621592.653500 ,8.000000 ,0.000000
31.700000 ,3621643.536167 ,9.000000 ,1.000000
35.900000 ,3621643.221750 ,10.000000 ,1.000000
42.900000 ,3621642.918750 ,11.000000 ,1.000000
44.300000 ,3621539.613500 ,12.000000 ,0.000000
48.500000 ,3621643.211750 ,13.000000 ,1.000000
51.300000 ,3621474.333500 ,14.000000 ,0.000000
51.300000 ,3621642.991844 ,15.000000 ,1.000000
52.700000 ,3621490.773500 ,16.000000 ,0.000000
52.700000 ,3621642.591375 ,17.000000 ,1.000000
54.100000 ,3621642.591375 ,18.000000 ,1.000000
54.100000 ,3621572.853500 ,19.000000 ,0.000000
55.500000 ,3621642.800583 ,20.000000 ,1.000000
55.500000 ,3621642.262125 ,21.000000 ,1.000000
56.900000 ,3621642.366000 ,22.000000 ,1.000000
59.700000 ,3621642.144531 ,23.000000 ,1.000000
61.100000 ,3621642.054125 ,24.000000 ,1.000000
65.300000 ,3621642.991844 ,25.000000 ,1.000000
66.700000 ,3621642.591375 ,26.000000 ,1.000000
69.500000 ,3621641.965125 ,27.000000 ,1.000000
72.300000 ,3621642.779321 ,28.000000 ,1.000000
72.300000 ,3621641.742250 ,29.000000 ,1.000000
73.700000 ,3621643.415500 ,30.000000 ,1.000000
73.700000 ,3621642.426893 ,31.000000 ,1.000000
75.100000 ,3621643.415500 ,32.000000 ,1.000000
76.500000 ,3621643.415500 ,33.000000 ,1.000000
76.500000 ,3621642.603107 ,34.000000 ,1.000000
80.700000 ,3621642.991844 ,35.000000 ,1.000000
82.100000 ,3621643.415500 ,36.000000 ,1.000000
82.100000 ,3621642.144531 ,37.000000 ,1.000000
84.900000 ,3621642.955536 ,38.000000 ,1.000000
87.700000 ,3621642.426893 ,39.000000 ,1.000000
91.900000 ,3621641.971500 ,40.000000 ,1.000000
93.300000 ,3621498.333500 ,41.000000 ,0.000000
93.300000 ,3621642.603107 ,42.000000 ,1.000000
93.300000 ,3621642.074464 ,43.000000 ,1.000000
94.700000 ,3621643.131750 ,44.000000 ,1.000000
94.700000 ,3621641.971500 ,45.000000 ,1.000000
97.500000 ,3621642.779321 ,46.000000 ,1.000000
101.700000 ,3621642.074464 ,47.000000 ,1.000000
107.300000 ,3621642.250679 ,48.000000 ,1.000000
107.300000 ,3621641.605190 ,49.000000 ,1.000000
117.100000 ,3621641.422036 ,50.000000 ,1.000000
118.500000 ,3621641.879923 ,51.000000 ,1.000000
122.700000 ,3621591.933500 ,52.000000 ,0.000000
124.100000 ,3621641.330458 ,53.000000 ,1.000000
125.500000 ,3621628.653500 ,54.000000 ,0.000000
126.900000 ,3621641.330458 ,55.000000 ,1.000000
126.900000 ,3621640.414685 ,56.000000 ,1.000000
129.700000 ,3621640.231530 ,57.000000 ,1.000000
131.100000 ,3621640.414685 ,58.000000 ,1.000000
132.500000 ,3621641.055726 ,59.000000 ,1.000000
132.500000 ,3621640.048375 ,60.000000 ,1.000000
133.900000 ,3621640.780994 ,61.000000 ,1.000000
135.300000 ,3621640.964149 ,62.000000 ,1.000000
140.900000 ,3621640.139952 ,63.000000 ,1.000000
142.300000 ,3621640.323107 ,64.000000 ,1.000000
142.300000 ,3621639.590488 ,65.000000 ,1.000000
146.500000 ,3621500.553500 ,66.000000 ,0.000000
146.500000 ,3621640.323107 ,67.000000 ,1.000000
149.300000 ,3621640.323107 ,68.000000 ,1.000000
150.700000 ,3621639.865220 ,69.000000 ,1.000000
154.900000 ,3621639.956798 ,70.000000 ,1.000000
160.500000 ,3621640.048375 ,71.000000 ,1.000000
160.500000 ,3621639.132601 ,72.000000 ,1.000000
161.900000 ,3621570.153500 ,73.000000 ,0.000000
164.700000 ,3621639.498911 ,74.000000 ,1.000000
167.500000 ,3621639.590488 ,75.000000 ,1.000000
168.900000 ,3621638.583137 ,76.000000 ,1.000000
170.300000 ,3621639.407333 ,77.000000 ,1.000000
170.300000 ,3621638.491560 ,78.000000 ,1.000000
173.100000 ,3621638.491560 ,79.000000 ,1.000000
174.500000 ,3621638.674714 ,80.000000 ,1.000000
175.900000 ,3621638.766292 ,81.000000 ,1.000000
178.700000 ,3621638.216827 ,82.000000 ,1.000000
181.500000 ,3621680.913500 ,83.000000 ,0.000000
184.300000 ,3621638.399982 ,84.000000 ,1.000000
184.300000 ,3621637.267438 ,85.000000 ,1.000000
185.700000 ,3621638.491560 ,86.000000 ,1.000000
194.100000 ,3621638.399982 ,87.000000 ,1.000000
195.500000 ,3621638.491560 ,88.000000 ,1.000000
196.900000 ,3621638.399982 ,89.000000 ,1.000000
198.300000 ,3621644.853500 ,90.000000 ,0.000000
205.300000 ,3621638.153000 ,91.000000 ,1.000000
206.700000 ,3621638.153000 ,92.000000 ,1.000000
209.500000 ,3621638.153000 ,93.000000 ,1.000000
210.900000 ,3621638.153000 ,94.000000 ,1.000000
219.300000 ,3621638.145395 ,95.000000 ,1.000000
220.700000 ,3621638.137789 ,96.000000 ,1.000000
222.100000 ,3621638.137789 ,97.000000 ,1.000000
223.500000 ,3621638.008500 ,98.000000 ,1.000000
223.500000 ,3621707.433500 ,99.000000 ,0.000000
224.900000 ,3621638.122579 ,100.000000 ,1.000000
229.100000 ,3621638.107368 ,101.000000 ,1.000000
231.900000 ,3621638.099763 ,102.000000 ,1.000000
238.900000 ,3621638.038921 ,103.000000 ,1.000000
241.700000 ,3621607.113500 ,104.000000 ,0.000000
244.500000 ,3621638.046526 ,105.000000 ,1.000000
247.300000 ,3621638.038921 ,106.000000 ,1.000000
255.700000 ,3621638.008500 ,107.000000 ,1.000000
258.500000 ,3621637.980216 ,108.000000 ,1.000000
262.700000 ,3621637.951931 ,109.000000 ,1.000000
265.500000 ,3621637.937789 ,110.000000 ,1.000000
266.900000 ,3621637.923647 ,111.000000 ,1.000000
269.700000 ,3621637.909505 ,112.000000 ,1.000000
275.300000 ,3621637.867078 ,113.000000 ,1.000000
276.700000 ,3621479.013500 ,114.000000 ,0.000000
278.100000 ,3621637.852936 ,115.000000 ,1.000000
279.500000 ,3621709.053500 ,116.000000 ,0.000000
289.300000 ,3621637.768083 ,117.000000 ,1.000000
292.100000 ,3621637.753941 ,118.000000 ,1.000000
293.500000 ,3621637.739799 ,119.000000 ,1.000000
296.300000 ,3621637.711515 ,120.000000 ,1.000000
297.700000 ,3621637.711515 ,121.000000 ,1.000000
300.500000 ,3621637.683230 ,122.000000 ,1.000000
301.900000 ,3621637.683230 ,123.000000 ,1.000000
304.700000 ,3621637.654946 ,124.000000 ,1.000000
313.100000 ,3621637.598377 ,125.000000 ,1.000000
314.500000 ,3621637.584235 ,126.000000 ,1.000000
315.900000 ,3621500.193500 ,127.000000 ,0.000000
317.300000 ,3621637.570093 ,128.000000 ,1.000000
322.900000 ,3621637.527667 ,129.000000 ,1.000000
324.300000 ,3621637.513525 ,130.000000 ,1.000000
325.700000 ,3621637.525563 ,131.000000 ,1.000000
327.100000 ,3621637.525563 ,132.000000 ,1.000000
328.500000 ,3621637.525563 ,133.000000 ,1.000000
336.900000 ,3621637.525563 ,134.000000 ,1.000000
345.300000 ,3621639.758500 ,135.000000 ,1.000000
345.300000 ,3621529.773500 ,136.000000 ,0.000000
346.700000 ,3621637.763875 ,137.000000 ,1.000000
349.500000 ,3621636.410937 ,138.000000 ,1.000000
356.500000 ,3621636.231406 ,139.000000 ,1.000000
357.900000 ,3621635.622300 ,140.000000 ,1.000000
359.300000 ,3621636.479250 ,141.000000 ,1.000000
363.500000 ,3621639.758500 ,142.000000 ,1.000000
366.300000 ,3621541.893500 ,143.000000 ,0.000000
367.700000 ,3621455.433500 ,144.000000 ,0.000000
370.500000 ,3621636.479250 ,145.000000 ,1.000000
373.300000 ,3621635.479475 ,146.000000 ,1.000000
377.500000 ,3621662.433500 ,147.000000 ,0.000000
378.900000 ,3621635.479475 ,148.000000 ,1.000000
381.700000 ,3621635.765125 ,149.000000 ,1.000000
383.100000 ,3621639.184083 ,150.000000 ,1.000000
385.900000 ,3621639.270458 ,151.000000 ,1.000000
397.100000 ,3621632.852917 ,152.000000 ,1.000000
398.500000 ,3621638.094375 ,153.000000 ,1.000000
401.300000 ,3621639.270458 ,154.000000 ,1.000000
401.300000 ,3621626.521750 ,155.000000 ,1.000000
408.300000 ,3621639.362750 ,156.000000 ,1.000000
409.700000 ,3621638.094375 ,157.000000 ,1.000000
409.700000 ,3621565.053500 ,158.000000 ,0.000000
412.500000 ,3621639.362750 ,159.000000 ,1.000000
412.500000 ,3621635.821812 ,160.000000 ,1.000000
413.900000 ,3621639.859625 ,161.000000 ,1.000000
413.900000 ,3621638.810750 ,162.000000 ,1.000000
415.300000 ,3621638.810750 ,163.000000 ,1.000000
416.700000 ,3621639.859625 ,164.000000 ,1.000000
418.100000 ,3621639.700500 ,165.000000 ,1.000000
422.300000 ,3621638.810750 ,166.000000 ,1.000000
426.500000 ,3621637.673000 ,167.000000 ,1.000000
426.500000 ,3621635.821812 ,168.000000 ,1.000000
427.900000 ,3621637.875583 ,169.000000 ,1.000000
432.100000 ,3621637.875583 ,170.000000 ,1.000000
432.100000 ,3621635.158437 ,171.000000 ,1.000000
434.900000 ,3621638.325250 ,172.000000 ,1.000000
439.100000 ,3621624.824000 ,173.000000 ,1.000000
439.100000 ,3621677.793500 ,174.000000 ,0.000000
440.500000 ,3621635.158437 ,175.000000 ,1.000000
441.900000 ,3621683.193500 ,176.000000 ,0.000000
446.100000 ,3621637.590568 ,177.000000 ,1.000000
447.500000 ,3621637.447643 ,178.000000 ,1.000000
448.900000 ,3621638.641750 ,179.000000 ,1.000000
451.700000 ,3621635.158437 ,180.000000 ,1.000000
451.700000 ,3621633.595167 ,181.000000 ,1.000000
455.900000 ,3621637.090500 ,182.000000 ,1.000000
457.300000 ,3621624.856750 ,183.000000 ,1.000000
476.900000 ,3621632.764250 ,184.000000 ,1.000000
478.300000 ,3621629.519875 ,185.000000 ,1.000000
479.700000 ,3621629.519875 ,186.000000 ,1.000000
483.900000 ,3621632.764250 ,187.000000 ,1.000000
485.300000 ,3621629.776350 ,188.000000 ,1.000000
485.300000 ,3621658.953500 ,189.000000 ,0.000000
486.700000 ,3621468.453500 ,190.000000 ,0.000000
488.100000 ,3621632.764250 ,191.000000 ,1.000000
488.100000 ,3621626.892000 ,192.000000 ,1.000000
488.100000 ,3621624.484250 ,193.000000 ,1.000000
489.500000 ,3621631.270300 ,194.000000 ,1.000000
490.900000 ,3621626.892000 ,195.000000 ,1.000000
493.700000 ,3621629.519875 ,196.000000 ,1.000000
495.100000 ,3621632.764250 ,197.000000 ,1.000000
496.500000 ,3621624.264125 ,198.000000 ,1.000000
497.900000 ,3621628.282400 ,199.000000 ,1.000000
497.900000 ,3621626.892000 ,200.000000 ,1.000000
497.900000 ,3621625.964150 ,201.000000 ,1.000000
497.900000 ,3621624.264125 ,202.000000 ,1.000000
499.300000 ,3621634.053375 ,203.000000 ,1.000000
499.300000 ,3621629.364200 ,204.000000 ,1.000000
510.500000 ,3621557.613500 ,205.000000 ,0.000000
511.900000 ,3621634.143500 ,206.000000 ,1.000000
517.500000 ,3621634.053375 ,207.000000 ,1.000000
521.700000 ,3621634.143500 ,208.000000 ,1.000000
523.100000 ,3621634.255250 ,209.000000 ,1.000000
527.300000 ,3621634.255250 ,210.000000 ,1.000000
527.300000 ,3621594.213500 ,211.000000 ,0.000000
528.700000 ,3621634.143500 ,212.000000 ,1.000000
528.700000 ,3621649.833500 ,213.000000 ,0.000000
532.900000 ,3621634.255250 ,214.000000 ,1.000000
534.300000 ,3621613.593500 ,215.000000 ,0.000000
537.100000 ,3621634.831250 ,216.000000 ,1.000000
538.500000 ,3621634.831250 ,217.000000 ,1.000000
541.300000 ,3621634.831250 ,218.000000 ,1.000000
544.100000 ,3621633.780750 ,219.000000 ,1.000000
545.500000 ,3621633.908208 ,220.000000 ,1.000000
545.500000 ,3621622.763100 ,221.000000 ,1.000000
546.900000 ,3621634.255250 ,222.000000 ,1.000000
548.300000 ,3621667.833500 ,223.000000 ,0.000000
551.100000 ,3621503.313500 ,224.000000 ,0.000000
551.100000 ,3621634.831250 ,225.000000 ,1.000000
551.100000 ,3621623.831625 ,226.000000 ,1.000000
551.100000 ,3621622.085750 ,227.000000 ,1.000000
553.900000 ,3621634.831250 ,228.000000 ,1.000000
556.700000 ,3621634.831250 ,229.000000 ,1.000000
556.700000 ,3621623.475450 ,230.000000 ,1.000000
558.100000 ,3621623.886750 ,231.000000 ,1.000000
560.900000 ,3621623.760250 ,232.000000 ,1.000000
560.900000 ,3621623.119275 ,233.000000 ,1.000000
562.300000 ,3621634.831250 ,234.000000 ,1.000000
565.100000 ,3621622.085750 ,235.000000 ,1.000000
567.900000 ,3621622.406925 ,236.000000 ,1.000000
570.700000 ,3621623.886750 ,237.000000 ,1.000000
572.100000 ,3621625.123550 ,238.000000 ,1.000000
574.900000 ,3621631.972250 ,239.000000 ,1.000000
574.900000 ,3621623.886750 ,240.000000 ,1.000000
577.700000 ,3621631.740750 ,241.000000 ,1.000000
580.500000 ,3621623.587500 ,242.000000 ,1.000000
581.900000 ,3621628.432150 ,243.000000 ,1.000000
581.900000 ,3621623.587500 ,244.000000 ,1.000000
584.700000 ,3621600.273500 ,245.000000 ,0.000000
586.100000 ,3621429.033500 ,246.000000 ,0.000000
586.100000 ,3621625.843917 ,247.000000 ,1.000000
586.100000 ,3621623.760250 ,248.000000 ,1.000000
588.900000 ,3621624.103306 ,249.000000 ,1.000000
590.300000 ,3621652.533500 ,250.000000 ,0.000000
597.300000 ,3621623.587500 ,251.000000 ,1.000000
597.300000 ,3621668.853500 ,252.000000 ,0.000000
598.700000 ,3621625.843917 ,253.000000 ,1.000000
600.100000 ,3621629.325139 ,254.000000 ,1.000000
600.100000 ,3621625.843917 ,255.000000 ,1.000000
600.100000 ,3621623.587500 ,256.000000 ,1.000000
601.500000 ,3621623.587500 ,257.000000 ,1.000000
602.900000 ,3621626.714222 ,258.000000 ,1.000000
607.100000 ,3621631.517000 ,259.000000 ,1.000000
607.100000 ,3621631.065750 ,260.000000 ,1.000000
607.100000 ,3621627.584528 ,261.000000 ,1.000000
609.900000 ,3621631.750000 ,262.000000 ,1.000000
609.900000 ,3621630.195444 ,263.000000 ,1.000000
609.900000 ,3621627.584528 ,264.000000 ,1.000000
609.900000 ,3621626.714222 ,265.000000 ,1.000000
609.900000 ,3621585.693500 ,266.000000 ,0.000000
611.300000 ,3621498.393500 ,267.000000 ,0.000000
612.700000 ,3621626.714222 ,268.000000 ,1.000000
614.100000 ,3621631.968750 ,269.000000 ,1.000000
615.500000 ,3621623.231000 ,270.000000 ,1.000000
618.300000 ,3621627.584528 ,271.000000 ,1.000000
626.700000 ,3621491.253500 ,272.000000 ,0.000000
626.700000 ,3621631.968750 ,273.000000 ,1.000000
626.700000 ,3621626.092083 ,274.000000 ,1.000000
626.700000 ,3621623.231000 ,275.000000 ,1.000000
629.500000 ,3621623.231000 ,276.000000 ,1.000000
630.900000 ,3621631.750000 ,277.000000 ,1.000000
632.300000 ,3621631.384875 ,278.000000 ,1.000000
635.100000 ,3621623.231000 ,279.000000 ,1.000000
635.100000 ,3621665.193500 ,280.000000 ,0.000000
636.500000 ,3621532.893500 ,281.000000 ,0.000000
642.100000 ,3621630.435000 ,282.000000 ,1.000000
642.100000 ,3621629.113417 ,283.000000 ,1.000000
643.500000 ,3621632.134750 ,284.000000 ,1.000000
646.300000 ,3621631.265250 ,285.000000 ,1.000000
647.700000 ,3621629.743750 ,286.000000 ,1.000000
649.100000 ,3621629.985000 ,287.000000 ,1.000000
650.500000 ,3621629.743750 ,288.000000 ,1.000000
657.500000 ,3621631.055250 ,289.000000 ,1.000000
657.500000 ,3621629.812841 ,290.000000 ,1.000000
660.300000 ,3621631.055250 ,291.000000 ,1.000000
664.500000 ,3621630.880250 ,292.000000 ,1.000000
668.700000 ,3621630.880250 ,293.000000 ,1.000000
674.300000 ,3621630.195250 ,294.000000 ,1.000000
675.700000 ,3621630.423583 ,295.000000 ,1.000000
678.500000 ,3621465.573500 ,296.000000 ,0.000000
678.500000 ,3621629.988167 ,297.000000 ,1.000000
679.900000 ,3621630.195250 ,298.000000 ,1.000000
684.100000 ,3621629.988167 ,299.000000 ,1.000000
691.100000 ,3621629.735505 ,300.000000 ,1.000000
692.500000 ,3621629.955750 ,301.000000 ,1.000000
692.500000 ,3621698.613500 ,302.000000 ,0.000000
695.300000 ,3621629.515259 ,303.000000 ,1.000000
696.700000 ,3621629.955750 ,304.000000 ,1.000000
698.100000 ,3621629.955750 ,305.000000 ,1.000000
698.100000 ,3621629.515259 ,306.000000 ,1.000000
699.500000 ,3621629.405137 ,307.000000 ,1.000000
700.900000 ,3621629.955750 ,308.000000 ,1.000000
702.300000 ,3621495.813500 ,309.000000 ,0.000000
703.700000 ,3621516.093500 ,310.000000 ,0.000000
706.500000 ,3621629.515259 ,311.000000 ,1.000000
716.300000 ,3621628.964646 ,312.000000 ,1.000000
721.900000 ,3621628.634278 ,313.000000 ,1.000000
724.700000 ,3621627.643175 ,314.000000 ,1.000000
728.900000 ,3621628.193788 ,315.000000 ,1.000000
728.900000 ,3621627.422929 ,316.000000 ,1.000000
730.300000 ,3621531.273500 ,317.000000 ,0.000000
733.100000 ,3621626.982439 ,318.000000 ,1.000000
734.500000 ,3621628.524156 ,319.000000 ,1.000000
735.900000 ,3621627.863420 ,320.000000 ,1.000000
738.700000 ,3621417.993500 ,321.000000 ,0.000000
740.100000 ,3621628.303910 ,322.000000 ,1.000000
744.300000 ,3621627.533052 ,323.000000 ,1.000000
745.700000 ,3621627.312807 ,324.000000 ,1.000000
751.300000 ,3621627.202684 ,325.000000 ,1.000000
754.100000 ,3621647.613500 ,326.000000 ,0.000000
755.500000 ,3621627.202684 ,327.000000 ,1.000000
756.900000 ,3621626.211580 ,328.000000 ,1.000000
762.500000 ,3621626.321703 ,329.000000 ,1.000000
776.500000 ,3621625.881212 ,330.000000 ,1.000000
779.300000 ,3621625.771090 ,331.000000 ,1.000000
783.500000 ,3621624.890108 ,332.000000 ,1.000000
786.300000 ,3621625.000231 ,333.000000 ,1.000000
791.900000 ,3621625.220476 ,334.000000 ,1.000000
793.300000 ,3621624.890108 ,335.000000 ,1.000000
794.700000 ,3621624.559741 ,336.000000 ,1.000000
794.700000 ,3621569.193500 ,337.000000 ,0.000000
797.500000 ,3621624.729406 ,338.000000 ,1.000000
798.900000 ,3621625.003357 ,339.000000 ,1.000000
798.900000 ,3621603.573500 ,340.000000 ,0.000000
800.300000 ,3621624.523406 ,341.000000 ,1.000000
801.700000 ,3621624.339495 ,342.000000 ,1.000000
803.100000 ,3621624.559741 ,343.000000 ,1.000000
805.900000 ,3621475.593500 ,344.000000 ,0.000000
808.700000 ,3621624.729406 ,345.000000 ,1.000000
810.100000 ,3621625.556708 ,346.000000 ,1.000000
810.100000 ,3621624.729406 ,347.000000 ,1.000000
815.700000 ,3621625.556708 ,348.000000 ,1.000000
817.100000 ,3621627.317750 ,349.000000 ,1.000000
818.500000 ,3621624.036083 ,350.000000 ,1.000000
819.900000 ,3621624.729406 ,351.000000 ,1.000000
819.900000 ,3621624.036083 ,352.000000 ,1.000000
819.900000 ,3621690.453500 ,353.000000 ,0.000000
825.500000 ,3621625.556708 ,354.000000 ,1.000000
826.900000 ,3621627.317750 ,355.000000 ,1.000000
826.900000 ,3621625.556708 ,356.000000 ,1.000000
826.900000 ,3621624.206500 ,357.000000 ,1.000000
828.300000 ,3621478.113500 ,358.000000 ,0.000000
832.500000 ,3621625.952350 ,359.000000 ,1.000000
838.100000 ,3621627.708500 ,360.000000 ,1.000000
849.300000 ,3621626.794650 ,361.000000 ,1.000000
850.700000 ,3621626.794650 ,362.000000 ,1.000000
852.100000 ,3621628.261500 ,363.000000 ,1.000000
852.100000 ,3621627.156600 ,364.000000 ,1.000000
853.500000 ,3621628.261500 ,365.000000 ,1.000000
859.100000 ,3621641.673500 ,366.000000 ,0.000000
871.700000 ,3621625.472107 ,367.000000 ,1.000000
877.300000 ,3621625.472107 ,368.000000 ,1.000000
880.100000 ,3621625.472107 ,369.000000 ,1.000000
881.500000 ,3621625.298250 ,370.000000 ,1.000000
882.900000 ,3621625.933156 ,371.000000 ,1.000000
888.500000 ,3621625.363500 ,372.000000 ,1.000000
891.300000 ,3621625.298250 ,373.000000 ,1.000000
894.100000 ,3621623.826813 ,374.000000 ,1.000000
895.500000 ,3621621.680000 ,375.000000 ,1.000000
896.900000 ,3621625.363500 ,376.000000 ,1.000000
899.700000 ,3621625.973625 ,377.000000 ,1.000000
899.700000 ,3621625.363500 ,378.000000 ,1.000000
903.900000 ,3621621.628875 ,379.000000 ,1.000000
905.300000 ,3621457.833500 ,380.000000 ,0.000000
905.300000 ,3621625.973625 ,381.000000 ,1.000000
905.300000 ,3621621.242875 ,382.000000 ,1.000000
910.900000 ,3621621.680000 ,383.000000 ,1.000000
916.500000 ,3621621.452000 ,384.000000 ,1.000000
919.300000 ,3621621.680000 ,385.000000 ,1.000000
922.100000 ,3621621.680000 ,386.000000 ,1.000000
923.500000 ,3621621.452000 ,387.000000 ,1.000000
929.100000 ,3621621.652250 ,388.000000 ,1.000000
931.900000 ,3621621.452000 ,389.000000 ,1.000000
936.100000 ,3621621.652250 ,390.000000 ,1.000000
940.300000 ,3621416.793500 ,391.000000 ,0.000000
940.300000 ,3621621.162000 ,392.000000 ,1.000000
944.500000 ,3621621.529917 ,393.000000 ,1.000000
944.500000 ,3621591.573500 ,394.000000 ,0.000000
950.100000 ,3621621.529917 ,395.000000 ,1.000000
957.100000 ,3621588.333500 ,396.000000 ,0.000000
959.900000 ,3621439.893500 ,397.000000 ,0.000000
959.900000 ,3621620.292750 ,398.000000 ,1.000000
961.300000 ,3621620.757375 ,399.000000 ,1.000000
962.700000 ,3621620.654250 ,400.000000 ,1.000000
964.100000 ,3621421.773500 ,401.000000 ,0.000000
964.100000 ,3621621.162000 ,402.000000 ,1.000000
965.500000 ,3621620.450250 ,403.000000 ,1.000000
969.700000 ,3621620.210750 ,404.000000 ,1.000000
971.100000 ,3621620.757375 ,405.000000 ,1.000000
973.900000 ,3621662.613500 ,406.000000 ,0.000000
975.300000 ,3621620.450250 ,407.000000 ,1.000000
976.700000 ,3621620.292750 ,408.000000 ,1.000000
978.100000 ,3621619.245900 ,409.000000 ,1.000000
979.500000 ,3621620.546167 ,410.000000 ,1.000000
979.500000 ,3621619.092500 ,411.000000 ,1.000000
983.700000 ,3621599.013500 ,412.000000 ,0.000000
985.100000 ,3621619.559875 ,413.000000 ,1.000000
985.100000 ,3621573.633500 ,414.000000 ,0.000000
985.100000 ,3621706.713500 ,415.000000 ,0.000000
986.500000 ,3621620.292750 ,416.000000 ,1.000000
986.500000 ,3621619.843500 ,417.000000 ,1.000000
986.500000 ,3621619.245900 ,418.000000 ,1.000000
990.700000 ,3621619.468000 ,419.000000 ,1.000000
992.100000 ,3621619.353786 ,420.000000 ,1.000000
993.500000 ,3621619.672000 ,421.000000 ,1.000000
994.900000 ,3621619.559875 ,422.000000 ,1.000000
996.300000 ,3621620.120500 ,423.000000 ,1.000000
997.700000 ,3621620.120500 ,424.000000 ,1.000000
999.100000 ,3621591.453500 ,425.000000 ,0.000000
1007.500000 ,3621620.120500 ,426.000000 ,1.000000
1007.500000 ,3621619.784125 ,427.000000 ,1.000000
1010.300000 ,3621617.066056 ,428.000000 ,1.000000
1011.700000 ,3621620.120500 ,429.000000 ,1.000000
1013.100000 ,3621618.287833 ,430.000000 ,1.000000
1013.100000 ,3621617.676944 ,431.000000 ,1.000000
1015.900000 ,3621617.066056 ,432.000000 ,1.000000
1017.300000 ,3621614.011611 ,433.000000 ,1.000000
1020.100000 ,3621614.011611 ,434.000000 ,1.000000
1021.500000 ,3621422.673500 ,435.000000 ,0.000000
1028.500000 ,3621611.568056 ,436.000000 ,1.000000
1028.500000 ,3621609.735389 ,437.000000 ,1.000000
1028.500000 ,3621609.124500 ,438.000000 ,1.000000
1031.300000 ,3621611.568056 ,439.000000 ,1.000000
1034.100000 ,3621611.568056 ,440.000000 ,1.000000
1036.900000 ,3621609.892250 ,441.000000 ,1.000000
1038.300000 ,3621441.513500 ,442.000000 ,0.000000
1039.700000 ,3621612.789833 ,443.000000 ,1.000000
1043.900000 ,3621611.568056 ,444.000000 ,1.000000
1045.300000 ,3621611.287663 ,445.000000 ,1.000000
1045.300000 ,3621609.508375 ,446.000000 ,1.000000
1048.100000 ,3621610.346278 ,447.000000 ,1.000000
1050.900000 ,3621611.568056 ,448.000000 ,1.000000
1052.300000 ,3621609.508375 ,449.000000 ,1.000000
1056.500000 ,3621613.245825 ,450.000000 ,1.000000
1059.300000 ,3621616.183069 ,451.000000 ,1.000000
1059.300000 ,3621610.308581 ,452.000000 ,1.000000
1063.500000 ,3621614.224906 ,453.000000 ,1.000000
1064.900000 ,3621610.308581 ,454.000000 ,1.000000
1066.300000 ,3621616.183069 ,455.000000 ,1.000000
1066.300000 ,3621610.308581 ,456.000000 ,1.000000
1067.700000 ,3621619.297558 ,457.000000 ,1.000000
1069.100000 ,3621612.266744 ,458.000000 ,1.000000
1070.500000 ,3621614.224906 ,459.000000 ,1.000000
1074.700000 ,3621619.552750 ,460.000000 ,1.000000
1074.700000 ,3621615.203988 ,461.000000 ,1.000000
1087.300000 ,3621476.133500 ,462.000000 ,0.000000
1087.300000 ,3621619.297558 ,463.000000 ,1.000000
1091.500000 ,3621619.297558 ,464.000000 ,1.000000
1091.500000 ,3621613.011625 ,465.000000 ,1.000000
1094.300000 ,3621619.297558 ,466.000000 ,1.000000
1095.700000 ,3621505.233500 ,467.000000 ,0.000000
1098.500000 ,3621617.440500 ,468.000000 ,1.000000
1101.300000 ,3621614.079083 ,469.000000 ,1.000000
1102.700000 ,3621554.433500 ,470.000000 ,0.000000
1104.100000 ,3621416.313500 ,471.000000 ,0.000000
1112.500000 ,3621617.002375 ,472.000000 ,1.000000
1116.700000 ,3621513.993500 ,473.000000 ,0.000000
1116.700000 ,3621609.453500 ,474.000000 ,0.000000
1118.100000 ,3621676.953500 ,475.000000 ,0.000000
1120.900000 ,3621610.135859 ,476.000000 ,1.000000
1122.300000 ,3621551.853500 ,477.000000 ,0.000000
1125.100000 ,3621617.002375 ,478.000000 ,1.000000
1125.100000 ,3621612.278878 ,479.000000 ,1.000000
1125.100000 ,3621610.135859 ,480.000000 ,1.000000
1126.500000 ,3621611.564538 ,481.000000 ,1.000000
1129.300000 ,3621607.992840 ,482.000000 ,1.000000
1130.700000 ,3621613.707558 ,483.000000 ,1.000000
1137.700000 ,3621610.135859 ,484.000000 ,1.000000
1139.100000 ,3621449.793500 ,485.000000 ,0.000000
1140.500000 ,3621615.850577 ,486.000000 ,1.000000
1141.900000 ,3621616.588750 ,487.000000 ,1.000000
1141.900000 ,3621613.707558 ,488.000000 ,1.000000
1144.700000 ,3621610.135859 ,489.000000 ,1.000000
1151.700000 ,3621431.313500 ,490.000000 ,0.000000
1154.500000 ,3621619.413500 ,491.000000 ,0.000000
1158.700000 ,3621615.174729 ,492.000000 ,1.000000
1161.500000 ,3621616.117500 ,493.000000 ,1.000000
1162.900000 ,3621616.021500 ,494.000000 ,1.000000
1162.900000 ,3621609.279000 ,495.000000 ,1.000000
1168.500000 ,3621616.485583 ,496.000000 ,1.000000
1169.900000 ,3621616.036167 ,497.000000 ,1.000000
1172.700000 ,3621613.995583 ,498.000000 ,1.000000
1178.300000 ,3621616.117500 ,499.000000 ,1.000000
1179.700000 ,3621419.733500 ,500.000000 ,0.000000
1179.700000 ,3621616.117500 ,501.000000 ,1.000000
1182.500000 ,3621464.673500 ,502.000000 ,0.000000
1183.900000 ,3621616.117500 ,503.000000 ,1.000000
1186.700000 ,3621615.884000 ,504.000000 ,1.000000
1193.700000 ,3621494.553500 ,505.000000 ,0.000000
1193.700000 ,3621616.036167 ,506.000000 ,1.000000
1196.500000 ,3621616.036167 ,507.000000 ,1.000000
1196.500000 ,3621615.347750 ,508.000000 ,1.000000
1199.300000 ,3621615.747250 ,509.000000 ,1.000000
1203.500000 ,3621617.954437 ,510.000000 ,1.000000
1204.900000 ,3621615.347750 ,511.000000 ,1.000000
1206.300000 ,3621447.873500 ,512.000000 ,0.000000
1211.900000 ,3621615.947000 ,513.000000 ,1.000000
1216.100000 ,3621617.487417 ,514.000000 ,1.000000
1216.100000 ,3621615.947000 ,515.000000 ,1.000000
1217.500000 ,3621616.399979 ,516.000000 ,1.000000
1218.900000 ,3621617.983800 ,517.000000 ,1.000000
1221.700000 ,3621617.983800 ,518.000000 ,1.000000
1223.100000 ,3621617.983800 ,519.000000 ,1.000000
1225.900000 ,3621615.859375 ,520.000000 ,1.000000
1227.300000 ,3621616.940583 ,521.000000 ,1.000000
1228.700000 ,3621613.342600 ,522.000000 ,1.000000
1230.100000 ,3621617.983800 ,523.000000 ,1.000000
1230.100000 ,3621617.015100 ,524.000000 ,1.000000
1232.900000 ,3621616.680458 ,525.000000 ,1.000000
1234.300000 ,3621610.990750 ,526.000000 ,1.000000
1239.900000 ,3621617.983800 ,527.000000 ,1.000000
1245.500000 ,3621617.015100 ,528.000000 ,1.000000
1252.500000 ,3621613.349687 ,529.000000 ,1.000000
1258.100000 ,3621616.038375 ,530.000000 ,1.000000
1258.100000 ,3621613.349687 ,531.000000 ,1.000000
1259.500000 ,3621616.038375 ,532.000000 ,1.000000
1262.300000 ,3621616.337500 ,533.000000 ,1.000000
1263.700000 ,3621617.058633 ,534.000000 ,1.000000
1263.700000 ,3621616.038375 ,535.000000 ,1.000000
1269.300000 ,3621617.149067 ,536.000000 ,1.000000
1274.900000 ,3621556.893500 ,537.000000 ,0.000000
1274.900000 ,3621616.930375 ,538.000000 ,1.000000
1276.300000 ,3621616.337500 ,539.000000 ,1.000000
1276.300000 ,3621686.673500 ,540.000000 ,0.000000
1277.700000 ,3621616.038375 ,541.000000 ,1.000000
1279.100000 ,3621538.593500 ,542.000000 ,0.000000
1279.100000 ,3621617.156562 ,543.000000 ,1.000000
1280.500000 ,3621462.033500 ,544.000000 ,0.000000
1280.500000 ,3621617.239500 ,545.000000 ,1.000000
1281.900000 ,3621617.239500 ,546.000000 ,1.000000
1283.300000 ,3621616.968200 ,547.000000 ,1.000000
1291.700000 ,3621617.239500 ,548.000000 ,1.000000
1295.900000 ,3621617.830000 ,549.000000 ,1.000000
1301.500000 ,3621617.239500 ,550.000000 ,1.000000
1302.900000 ,3621617.768312 ,551.000000 ,1.000000
1304.300000 ,3621554.493500 ,552.000000 ,0.000000
1304.300000 ,3621617.830000 ,553.000000 ,1.000000
1308.500000 ,3621617.156562 ,554.000000 ,1.000000
1311.300000 ,3621617.706625 ,555.000000 ,1.000000
1314.100000 ,3621613.604417 ,556.000000 ,1.000000
1316.900000 ,3621507.093500 ,557.000000 ,0.000000
1318.300000 ,3621612.602798 ,558.000000 ,1.000000
1322.500000 ,3621613.604417 ,559.000000 ,1.000000
1323.900000 ,3621613.604417 ,560.000000 ,1.000000
1323.900000 ,3621607.103250 ,561.000000 ,1.000000
1326.700000 ,3621617.326250 ,562.000000 ,1.000000
1326.700000 ,3621613.604417 ,563.000000 ,1.000000
1326.700000 ,3621611.601179 ,564.000000 ,1.000000
1329.500000 ,3621617.326250 ,565.000000 ,1.000000
1332.300000 ,3621617.142219 ,566.000000 ,1.000000
1333.700000 ,3621617.264906 ,567.000000 ,1.000000
1333.700000 ,3621611.601179 ,568.000000 ,1.000000
1337.900000 ,3621681.033500 ,569.000000 ,0.000000
1339.300000 ,3621617.044000 ,570.000000 ,1.000000
1340.700000 ,3621612.845700 ,571.000000 ,1.000000
1342.100000 ,3621617.326250 ,572.000000 ,1.000000
1342.100000 ,3621617.142219 ,573.000000 ,1.000000
1342.100000 ,3621661.833500 ,574.000000 ,0.000000
1344.900000 ,3621617.264906 ,575.000000 ,1.000000
1346.300000 ,3621617.142219 ,576.000000 ,1.000000
1347.700000 ,3621506.613500 ,577.000000 ,0.000000
1349.100000 ,3621607.587375 ,578.000000 ,1.000000
1350.500000 ,3621617.080875 ,579.000000 ,1.000000
1354.700000 ,3621608.647400 ,580.000000 ,1.000000
1357.500000 ,3621617.044000 ,581.000000 ,1.000000
1357.500000 ,3621576.873500 ,582.000000 ,0.000000
1360.300000 ,3621614.966125 ,583.000000 ,1.000000
1367.300000 ,3621607.587375 ,584.000000 ,1.000000
1370.100000 ,3621614.966125 ,585.000000 ,1.000000
1371.500000 ,3621614.397104 ,586.000000 ,1.000000
1382.700000 ,3621614.059250 ,587.000000 ,1.000000
1385.500000 ,3621614.059250 ,588.000000 ,1.000000
1386.900000 ,3621614.883083 ,589.000000 ,1.000000
1388.300000 ,3621613.423750 ,590.000000 ,1.000000
1389.700000 ,3621613.423750 ,591.000000 ,1.000000
1392.500000 ,3621614.059250 ,592.000000 ,1.000000
1392.500000 ,3621637.413500 ,593.000000 ,0.000000
1395.300000 ,3621473.673500 ,594.000000 ,0.000000
1398.100000 ,3621613.423750 ,595.000000 ,1.000000
1399.500000 ,3621613.423750 ,596.000000 ,1.000000
1400.900000 ,3621614.059250 ,597.000000 ,1.000000
1407.900000 ,3621613.169911 ,598.000000 ,1.000000
1407.900000 ,3621612.109464 ,599.000000 ,1.000000
1409.300000 ,3621417.633500 ,600.000000 ,0.000000
1409.300000 ,3621500.553500 ,601.000000 ,0.000000
1412.100000 ,3621611.685286 ,602.000000 ,1.000000
1413.500000 ,3621420.033500 ,603.000000 ,0.000000
1413.500000 ,3621610.836929 ,604.000000 ,1.000000
1414.900000 ,3621613.169911 ,605.000000 ,1.000000
1416.300000 ,3621613.076000 ,606.000000 ,1.000000
1417.700000 ,3621611.049018 ,607.000000 ,1.000000
1419.100000 ,3621612.109464 ,608.000000 ,1.000000
1421.900000 ,3621612.533643 ,609.000000 ,1.000000
1423.300000 ,3621611.049018 ,610.000000 ,1.000000
1433.100000 ,3621612.213917 ,611.000000 ,1.000000
1435.900000 ,3621612.095312 ,612.000000 ,1.000000
1435.900000 ,3621696.993500 ,613.000000 ,0.000000
1438.700000 ,3621645.813500 ,614.000000 ,0.000000
1444.300000 ,3621611.994750 ,615.000000 ,1.000000
1449.900000 ,3621414.933500 ,616.000000 ,0.000000
1463.900000 ,3621609.534714 ,617.000000 ,1.000000
1466.700000 ,3621611.455125 ,618.000000 ,1.000000
1468.100000 ,3621609.534714 ,619.000000 ,1.000000
1469.500000 ,3621609.534714 ,620.000000 ,1.000000
1470.900000 ,3621611.455125 ,621.000000 ,1.000000
1470.900000 ,3621608.134250 ,622.000000 ,1.000000
1472.300000 ,3621610.733500 ,623.000000 ,1.000000
1475.100000 ,3621521.253500 ,624.000000 ,0.000000
1475.100000 ,3621610.973375 ,625.000000 ,1.000000
1476.500000 ,3621610.930125 ,626.000000 ,1.000000
1477.900000 ,3621449.013500 ,627.000000 ,0.000000
1477.900000 ,3621610.346667 ,628.000000 ,1.000000
1487.700000 ,3621609.341667 ,629.000000 ,1.000000
1489.100000 ,3621612.028500 ,630.000000 ,1.000000
1491.900000 ,3621605.119750 ,631.000000 ,1.000000
1493.300000 ,3621611.269464 ,632.000000 ,1.000000
1500.300000 ,3621606.022562 ,633.000000 ,1.000000
1501.700000 ,3621606.412800 ,634.000000 ,1.000000
1505.900000 ,3621603.059500 ,635.000000 ,1.000000
1507.300000 ,3621606.022562 ,636.000000 ,1.000000
1508.700000 ,3621606.022562 ,637.000000 ,1.000000
1508.700000 ,3621603.924063 ,638.000000 ,1.000000
1510.100000 ,3621605.119750 ,639.000000 ,1.000000
1510.100000 ,3621603.632063 ,640.000000 ,1.000000
1511.500000 ,3621603.059500 ,641.000000 ,1.000000
1512.900000 ,3621463.353500 ,642.000000 ,0.000000
1512.900000 ,3621606.412800 ,643.000000 ,1.000000
1514.300000 ,3621607.283250 ,644.000000 ,1.000000
1515.700000 ,3621603.924063 ,645.000000 ,1.000000
1517.100000 ,3621603.059500 ,646.000000 ,1.000000
1519.900000 ,3621607.283250 ,647.000000 ,1.000000
1519.900000 ,3621605.903250 ,648.000000 ,1.000000
1521.300000 ,3621607.773500 ,649.000000 ,1.000000
1522.700000 ,3621606.396250 ,650.000000 ,1.000000
1524.100000 ,3621603.059500 ,651.000000 ,1.000000
1526.900000 ,3621605.661141 ,652.000000 ,1.000000
1533.900000 ,3621605.730795 ,653.000000 ,1.000000
1538.100000 ,3621567.033500 ,654.000000 ,0.000000
1538.100000 ,3621608.408375 ,655.000000 ,1.000000
1538.100000 ,3621606.526125 ,656.000000 ,1.000000
1542.300000 ,3621605.572773 ,657.000000 ,1.000000
1546.500000 ,3621606.526125 ,658.000000 ,1.000000
1546.500000 ,3621662.253500 ,659.000000 ,0.000000
1556.300000 ,3621608.689750 ,660.000000 ,1.000000
1559.100000 ,3621605.324977 ,661.000000 ,1.000000
1560.500000 ,3621606.030922 ,662.000000 ,1.000000
1566.100000 ,3621608.389000 ,663.000000 ,1.000000
1568.900000 ,3621608.445250 ,664.000000 ,1.000000
1570.300000 ,3621605.874000 ,665.000000 ,1.000000
1577.300000 ,3621605.874000 ,666.000000 ,1.000000
1582.900000 ,3621605.874000 ,667.000000 ,1.000000
1584.300000 ,3621605.188538 ,668.000000 ,1.000000
1588.500000 ,3621605.531269 ,669.000000 ,1.000000
1589.900000 ,3621605.188538 ,670.000000 ,1.000000
1591.300000 ,3621604.331712 ,671.000000 ,1.000000
1596.900000 ,3621604.503077 ,672.000000 ,1.000000
1598.300000 ,3621605.017173 ,673.000000 ,1.000000
1602.500000 ,3621604.845808 ,674.000000 ,1.000000
1603.900000 ,3621604.845808 ,675.000000 ,1.000000
1605.300000 ,3621605.359904 ,676.000000 ,1.000000
1605.300000 ,3621604.160346 ,677.000000 ,1.000000
1606.700000 ,3621604.503077 ,678.000000 ,1.000000
1609.500000 ,3621633.933500 ,679.000000 ,0.000000
1615.100000 ,3621603.988981 ,680.000000 ,1.000000
1616.500000 ,3621603.329667 ,681.000000 ,1.000000
1619.300000 ,3621603.329667 ,682.000000 ,1.000000
1623.500000 ,3621603.690000 ,683.000000 ,1.000000
1623.500000 ,3621602.843500 ,684.000000 ,1.000000
1624.900000 ,3621603.657125 ,685.000000 ,1.000000
1627.700000 ,3621508.533500 ,686.000000 ,0.000000
1627.700000 ,3621603.534000 ,687.000000 ,1.000000
1629.100000 ,3621603.329667 ,688.000000 ,1.000000
1631.900000 ,3621603.690000 ,689.000000 ,1.000000
1631.900000 ,3621602.843500 ,690.000000 ,1.000000
1633.300000 ,3621573.213500 ,691.000000 ,0.000000
1643.100000 ,3621603.534000 ,692.000000 ,1.000000
1643.100000 ,3621602.419000 ,693.000000 ,1.000000
1644.500000 ,3621603.298833 ,694.000000 ,1.000000
1650.100000 ,3621603.175583 ,695.000000 ,1.000000
1651.500000 ,3621603.298833 ,696.000000 ,1.000000
1652.900000 ,3621620.673500 ,697.000000 ,0.000000
1655.700000 ,3621603.077375 ,698.000000 ,1.000000
1658.500000 ,3621518.673500 ,699.000000 ,0.000000
1661.300000 ,3621601.106250 ,700.000000 ,1.000000
1662.700000 ,3621601.773500 ,701.000000 ,0.000000
1664.100000 ,3621603.077375 ,702.000000 ,1.000000
1665.500000 ,3621601.106250 ,703.000000 ,1.000000
1666.900000 ,3621601.106250 ,704.000000 ,1.000000
1668.300000 ,3621485.313500 ,705.000000 ,0.000000
1669.700000 ,3621601.106250 ,706.000000 ,1.000000
1675.300000 ,3621602.336500 ,707.000000 ,1.000000
1675.300000 ,3621601.106250 ,708.000000 ,1.000000
1678.100000 ,3621601.106250 ,709.000000 ,1.000000
1679.500000 ,3621601.106250 ,710.000000 ,1.000000
1683.700000 ,3621601.106250 ,711.000000 ,1.000000
1686.500000 ,3621601.101857 ,712.000000 ,1.000000
1687.900000 ,3621601.101857 ,713.000000 ,1.000000
1692.100000 ,3621601.093071 ,714.000000 ,1.000000
1697.700000 ,3621601.079893 ,715.000000 ,1.000000
1706.100000 ,3621601.062321 ,716.000000 ,1.000000
1707.500000 ,3621601.057929 ,717.000000 ,1.000000
1711.700000 ,3621601.049143 ,718.000000 ,1.000000
1717.300000 ,3621571.413500 ,719.000000 ,0.000000
1717.300000 ,3621601.035964 ,720.000000 ,1.000000
1727.100000 ,3621601.014000 ,721.000000 ,1.000000
1728.500000 ,3621601.009607 ,722.000000 ,1.000000
1729.900000 ,3621416.793500 ,723.000000 ,0.000000
1734.100000 ,3621601.000821 ,724.000000 ,1.000000
1736.900000 ,3621600.992036 ,725.000000 ,1.000000
1738.300000 ,3621600.987643 ,726.000000 ,1.000000
1739.700000 ,3621600.987643 ,727.000000 ,1.000000
1741.100000 ,3621600.983250 ,728.000000 ,1.000000
1743.900000 ,3621600.978857 ,729.000000 ,1.000000
1746.700000 ,3621600.970071 ,730.000000 ,1.000000
1750.900000 ,3621600.961286 ,731.000000 ,1.000000
1756.500000 ,3621600.975721 ,732.000000 ,1.000000
1757.900000 ,3621601.003962 ,733.000000 ,1.000000
1760.700000 ,3621601.032202 ,734.000000 ,1.000000
1766.300000 ,3621601.116923 ,735.000000 ,1.000000
1769.100000 ,3621601.145163 ,736.000000 ,1.000000
1773.300000 ,3621601.229885 ,737.000000 ,1.000000
1778.900000 ,3621601.286365 ,738.000000 ,1.000000
1783.100000 ,3621548.853500 ,739.000000 ,0.000000
1783.100000 ,3621568.653500 ,740.000000 ,0.000000
1783.100000 ,3621601.229885 ,741.000000 ,1.000000
1785.900000 ,3621601.342846 ,742.000000 ,1.000000
1788.700000 ,3621601.427567 ,743.000000 ,1.000000
1791.500000 ,3621648.813500 ,744.000000 ,0.000000
1797.100000 ,3621601.201644 ,745.000000 ,1.000000
1799.900000 ,3621601.427567 ,746.000000 ,1.000000
1801.300000 ,3621670.893500 ,747.000000 ,0.000000
1806.900000 ,3621601.625250 ,748.000000 ,1.000000
1809.700000 ,3621418.533500 ,749.000000 ,0.000000
1809.700000 ,3621601.625250 ,750.000000 ,1.000000
1813.900000 ,3621467.073500 ,751.000000 ,0.000000
1815.300000 ,3621601.737625 ,752.000000 ,1.000000
1818.100000 ,3621587.013500 ,753.000000 ,0.000000
1818.100000 ,3621601.737625 ,754.000000 ,1.000000
1822.300000 ,3621601.737625 ,755.000000 ,1.000000
1825.100000 ,3621666.693500 ,756.000000 ,0.000000
1827.900000 ,3621602.534875 ,757.000000 ,1.000000
1830.700000 ,3621601.625250 ,758.000000 ,1.000000
1834.900000 ,3621601.737625 ,759.000000 ,1.000000
1836.300000 ,3621446.373500 ,760.000000 ,0.000000
1837.700000 ,3621601.573406 ,761.000000 ,1.000000
1839.100000 ,3621601.230232 ,762.000000 ,1.000000
1841.900000 ,3621601.556393 ,763.000000 ,1.000000
1841.900000 ,3621708.033500 ,764.000000 ,0.000000
1846.100000 ,3621602.534875 ,765.000000 ,1.000000
1847.500000 ,3621600.904071 ,766.000000 ,1.000000
1848.900000 ,3621600.577911 ,767.000000 ,1.000000
1850.300000 ,3621602.418187 ,768.000000 ,1.000000
1855.900000 ,3621602.418187 ,769.000000 ,1.000000
1857.300000 ,3621601.882554 ,770.000000 ,1.000000
1860.100000 ,3621600.616750 ,771.000000 ,1.000000
1865.700000 ,3621600.904071 ,772.000000 ,1.000000
1868.500000 ,3621600.633857 ,773.000000 ,1.000000
1869.900000 ,3621600.692321 ,774.000000 ,1.000000
1871.300000 ,3621600.750786 ,775.000000 ,1.000000
1874.100000 ,3621600.809250 ,776.000000 ,1.000000
1874.100000 ,3621600.355000 ,777.000000 ,1.000000
1881.100000 ,3621600.809250 ,778.000000 ,1.000000
1883.900000 ,3621600.692321 ,779.000000 ,1.000000
1885.300000 ,3621600.809250 ,780.000000 ,1.000000
1892.300000 ,3621600.809250 ,781.000000 ,1.000000
1895.100000 ,3621600.809250 ,782.000000 ,1.000000
1904.900000 ,3621600.809250 ,783.000000 ,1.000000
1907.700000 ,3621600.809250 ,784.000000 ,1.000000
1913.300000 ,3621600.748500 ,785.000000 ,1.000000
1914.700000 ,3621668.493500 ,786.000000 ,0.000000
1918.900000 ,3621463.173500 ,787.000000 ,0.000000
1918.900000 ,3621600.687750 ,788.000000 ,1.000000
1920.300000 ,3621417.273500 ,789.000000 ,0.000000
1920.300000 ,3621600.401500 ,790.000000 ,1.000000
1921.700000 ,3621535.893500 ,791.000000 ,0.000000
1921.700000 ,3621600.667500 ,792.000000 ,1.000000
1923.100000 ,3621600.647250 ,793.000000 ,1.000000
1924.500000 ,3621600.642833 ,794.000000 ,1.000000
1925.900000 ,3621600.242000 ,795.000000 ,1.000000
1931.500000 ,3621602.024250 ,796.000000 ,1.000000
1931.500000 ,3621601.287562 ,797.000000 ,1.000000
1932.900000 ,3621601.960375 ,798.000000 ,1.000000
1935.700000 ,3621600.946375 ,799.000000 ,1.000000
1939.900000 ,3621602.024250 ,800.000000 ,1.000000
1941.300000 ,3621602.024250 ,801.000000 ,1.000000
1949.700000 ,3621601.848750 ,802.000000 ,1.000000
1951.100000 ,3621601.848750 ,803.000000 ,1.000000
1952.500000 ,3621601.681000 ,804.000000 ,1.000000
1955.300000 ,3621600.328833 ,805.000000 ,1.000000
1958.100000 ,3621601.532625 ,806.000000 ,1.000000
1959.500000 ,3621600.946375 ,807.000000 ,1.000000
1960.900000 ,3621601.681000 ,808.000000 ,1.000000
1966.500000 ,3621700.173500 ,809.000000 ,0.000000
1967.900000 ,3621600.328833 ,810.000000 ,1.000000
1970.700000 ,3621601.681000 ,811.000000 ,1.000000
1970.700000 ,3621598.926167 ,812.000000 ,1.000000
1972.100000 ,3621600.920937 ,813.000000 ,1.000000
1976.300000 ,3621600.328833 ,814.000000 ,1.000000
1977.700000 ,3621502.533500 ,815.000000 ,0.000000
1979.100000 ,3621599.049000 ,816.000000 ,1.000000
1981.900000 ,3621599.049000 ,817.000000 ,1.000000
1993.100000 ,3621598.813500 ,818.000000 ,1.000000
1993.100000 ,3621598.164750 ,819.000000 ,1.000000
1994.500000 ,3621599.049000 ,820.000000 ,1.000000
2001.500000 ,3621667.533500 ,821.000000 ,0.000000
2002.900000 ,3621599.305969 ,822.000000 ,1.000000
2008.500000 ,3621597.942250 ,823.000000 ,1.000000
2015.500000 ,3621599.629500 ,824.000000 ,1.000000
2015.500000 ,3621598.948375 ,825.000000 ,1.000000
2016.900000 ,3621599.305969 ,826.000000 ,1.000000
2018.300000 ,3621599.234250 ,827.000000 ,1.000000
2019.700000 ,3621599.452000 ,828.000000 ,1.000000
2019.700000 ,3621598.613667 ,829.000000 ,1.000000
2021.100000 ,3621599.684028 ,830.000000 ,1.000000
2021.100000 ,3621598.948375 ,831.000000 ,1.000000
2022.500000 ,3621599.305969 ,832.000000 ,1.000000
2023.900000 ,3621582.213500 ,833.000000 ,0.000000
2025.300000 ,3621599.139708 ,834.000000 ,1.000000
2026.700000 ,3621599.517000 ,835.000000 ,1.000000
2026.700000 ,3621676.473500 ,836.000000 ,0.000000
2028.100000 ,3621598.948375 ,837.000000 ,1.000000
2029.500000 ,3621599.305969 ,838.000000 ,1.000000
2029.500000 ,3621667.233500 ,839.000000 ,0.000000
2035.100000 ,3621669.093500 ,840.000000 ,0.000000
2040.700000 ,3621597.950167 ,841.000000 ,1.000000
2040.700000 ,3621708.933500 ,842.000000 ,0.000000
2046.300000 ,3621597.950167 ,843.000000 ,1.000000
2047.700000 ,3621456.813500 ,844.000000 ,0.000000
2050.500000 ,3621594.754125 ,845.000000 ,1.000000
2053.300000 ,3621594.754125 ,846.000000 ,1.000000
2057.500000 ,3621596.364625 ,847.000000 ,1.000000
2060.300000 ,3621596.364625 ,848.000000 ,1.000000
2061.700000 ,3621596.029000 ,849.000000 ,1.000000
2063.100000 ,3621597.750562 ,850.000000 ,1.000000
2063.100000 ,3621595.683500 ,851.000000 ,1.000000
2063.100000 ,3621622.893500 ,852.000000 ,0.000000
2065.900000 ,3621594.493000 ,853.000000 ,1.000000
2068.700000 ,3621595.683500 ,854.000000 ,1.000000
2072.900000 ,3621597.206500 ,855.000000 ,1.000000
2077.100000 ,3621597.206500 ,856.000000 ,1.000000
2082.700000 ,3621597.674786 ,857.000000 ,1.000000
2082.700000 ,3621596.345188 ,858.000000 ,1.000000
2096.700000 ,3621598.849500 ,859.000000 ,1.000000
2099.500000 ,3621585.633500 ,860.000000 ,0.000000
2100.900000 ,3621596.345188 ,861.000000 ,1.000000
2102.300000 ,3621598.190500 ,862.000000 ,1.000000
2102.300000 ,3621596.723208 ,863.000000 ,1.000000
2103.700000 ,3621596.345188 ,864.000000 ,1.000000
2114.900000 ,3621598.849500 ,865.000000 ,1.000000
2120.500000 ,3621477.753500 ,866.000000 ,0.000000
2121.900000 ,3621598.190500 ,867.000000 ,1.000000
2121.900000 ,3621595.923750 ,868.000000 ,1.000000
2124.700000 ,3621593.793500 ,869.000000 ,0.000000
2127.500000 ,3621596.310714 ,870.000000 ,1.000000
2127.500000 ,3621595.115429 ,871.000000 ,1.000000
2130.300000 ,3621595.923750 ,872.000000 ,1.000000
2131.700000 ,3621596.709143 ,873.000000 ,1.000000
2134.500000 ,3621596.709143 ,874.000000 ,1.000000
2134.500000 ,3621595.513857 ,875.000000 ,1.000000
2137.300000 ,3621595.923750 ,876.000000 ,1.000000
2140.100000 ,3621589.713500 ,877.000000 ,0.000000
2140.100000 ,3621597.506000 ,878.000000 ,1.000000
2142.900000 ,3621594.717000 ,879.000000 ,1.000000
2144.300000 ,3621597.416250 ,880.000000 ,1.000000
2145.700000 ,3621597.416250 ,881.000000 ,1.000000
2149.900000 ,3621597.139562 ,882.000000 ,1.000000
2151.300000 ,3621597.444375 ,883.000000 ,1.000000
2154.100000 ,3621597.139562 ,884.000000 ,1.000000
2156.900000 ,3621597.393281 ,885.000000 ,1.000000
2162.500000 ,3621597.444375 ,886.000000 ,1.000000
2163.900000 ,3621597.139562 ,887.000000 ,1.000000
2166.700000 ,3621597.444375 ,888.000000 ,1.000000
2179.300000 ,3621594.952450 ,889.000000 ,1.000000
2183.500000 ,3621594.813125 ,890.000000 ,1.000000
2186.300000 ,3621559.773500 ,891.000000 ,0.000000
2191.900000 ,3621596.322000 ,892.000000 ,1.000000
2197.500000 ,3621596.092125 ,893.000000 ,1.000000
2198.900000 ,3621594.952450 ,894.000000 ,1.000000
2200.300000 ,3621595.163750 ,895.000000 ,1.000000
2205.900000 ,3621596.322000 ,896.000000 ,1.000000
2208.700000 ,3621595.414917 ,897.000000 ,1.000000
2210.100000 ,3621596.092125 ,898.000000 ,1.000000
2211.500000 ,3621596.092125 ,899.000000 ,1.000000
2217.100000 ,3621595.878875 ,900.000000 ,1.000000
2218.500000 ,3621595.667750 ,901.000000 ,1.000000
2219.900000 ,3621595.229827 ,902.000000 ,1.000000
2222.700000 ,3621595.956000 ,903.000000 ,1.000000
2222.700000 ,3621595.032482 ,904.000000 ,1.000000
2225.500000 ,3621595.878875 ,905.000000 ,1.000000
2225.500000 ,3621595.229827 ,906.000000 ,1.000000
2225.500000 ,3621669.393500 ,907.000000 ,0.000000
2226.900000 ,3621595.956000 ,908.000000 ,1.000000
2228.300000 ,3621595.370250 ,909.000000 ,1.000000
2229.700000 ,3621595.131155 ,910.000000 ,1.000000
2238.100000 ,3621594.440447 ,911.000000 ,1.000000
2242.300000 ,3621595.328500 ,912.000000 ,1.000000
2249.300000 ,3621594.243103 ,913.000000 ,1.000000
2259.100000 ,3621593.651068 ,914.000000 ,1.000000
2264.700000 ,3621593.552395 ,915.000000 ,1.000000
2267.500000 ,3621594.144430 ,916.000000 ,1.000000
2273.100000 ,3621594.114125 ,917.000000 ,1.000000
2275.900000 ,3621595.006500 ,918.000000 ,1.000000
2277.300000 ,3621594.778375 ,919.000000 ,1.000000
2280.100000 ,3621593.552395 ,920.000000 ,1.000000
2281.500000 ,3621594.426437 ,921.000000 ,1.000000
2282.900000 ,3621595.006500 ,922.000000 ,1.000000
2284.300000 ,3621594.114125 ,923.000000 ,1.000000
2288.500000 ,3621595.006500 ,924.000000 ,1.000000
2291.300000 ,3621593.920500 ,925.000000 ,1.000000
2295.500000 ,3621594.519000 ,926.000000 ,1.000000
2299.700000 ,3621595.006500 ,927.000000 ,1.000000
2299.700000 ,3621656.313500 ,928.000000 ,0.000000
2301.100000 ,3621593.920500 ,929.000000 ,1.000000
2302.500000 ,3621593.920500 ,930.000000 ,1.000000
2303.900000 ,3621594.122875 ,931.000000 ,1.000000
2305.300000 ,3621594.122875 ,932.000000 ,1.000000
2306.700000 ,3621593.920500 ,933.000000 ,1.000000
2309.500000 ,3621594.778375 ,934.000000 ,1.000000
2309.500000 ,3621593.920500 ,935.000000 ,1.000000
2312.300000 ,3621594.956000 ,936.000000 ,1.000000
2315.100000 ,3621594.956000 ,937.000000 ,1.000000
2316.500000 ,3621587.861167 ,938.000000 ,1.000000
2317.900000 ,3621594.122875 ,939.000000 ,1.000000
2320.700000 ,3621594.122875 ,940.000000 ,1.000000
2326.300000 ,3621594.752250 ,941.000000 ,1.000000
2329.100000 ,3621595.365667 ,942.000000 ,1.000000
2336.100000 ,3621656.433500 ,943.000000 ,0.000000
2337.500000 ,3621595.624000 ,944.000000 ,1.000000
2338.900000 ,3621594.590667 ,945.000000 ,1.000000
2343.100000 ,3621594.590667 ,946.000000 ,1.000000
2344.500000 ,3621595.107333 ,947.000000 ,1.000000
2348.700000 ,3621594.332333 ,948.000000 ,1.000000
2351.500000 ,3621595.107333 ,949.000000 ,1.000000
2357.100000 ,3621594.590667 ,950.000000 ,1.000000
2362.700000 ,3621594.332333 ,951.000000 ,1.000000
2364.100000 ,3621593.856000 ,952.000000 ,1.000000
2375.300000 ,3621593.960375 ,953.000000 ,1.000000
2379.500000 ,3621593.856000 ,954.000000 ,1.000000
2382.300000 ,3621605.733500 ,955.000000 ,0.000000
2382.300000 ,3621593.665719 ,956.000000 ,1.000000
2383.700000 ,3621592.812750 ,957.000000 ,1.000000
2385.100000 ,3621591.772500 ,958.000000 ,1.000000
2387.900000 ,3621551.493500 ,959.000000 ,0.000000
2387.900000 ,3621592.812750 ,960.000000 ,1.000000
2389.300000 ,3621593.665719 ,961.000000 ,1.000000
2390.700000 ,3621589.982771 ,962.000000 ,1.000000
2397.700000 ,3621588.633500 ,963.000000 ,0.000000
2401.900000 ,3621592.399825 ,964.000000 ,1.000000
2403.300000 ,3621592.691500 ,965.000000 ,1.000000
2404.700000 ,3621592.399825 ,966.000000 ,1.000000
2406.100000 ,3621592.399825 ,967.000000 ,1.000000
2407.500000 ,3621591.304500 ,968.000000 ,1.000000
2411.700000 ,3621587.191833 ,969.000000 ,1.000000
2415.900000 ,3621593.018750 ,970.000000 ,1.000000
2415.900000 ,3621591.355750 ,971.000000 ,1.000000
2417.300000 ,3621587.191833 ,972.000000 ,1.000000
2418.700000 ,3621590.560000 ,973.000000 ,1.000000
2420.100000 ,3621592.399825 ,974.000000 ,1.000000
2420.100000 ,3621664.353500 ,975.000000 ,0.000000
2425.700000 ,3621590.344250 ,976.000000 ,1.000000
2427.100000 ,3621585.310583 ,977.000000 ,1.000000
2435.500000 ,3621589.670750 ,978.000000 ,1.000000
2436.900000 ,3621589.537344 ,979.000000 ,1.000000
2442.500000 ,3621590.360500 ,980.000000 ,1.000000
2445.300000 ,3621541.053500 ,981.000000 ,0.000000
2445.300000 ,3621585.310583 ,982.000000 ,1.000000
2446.700000 ,3621585.769937 ,983.000000 ,1.000000
2450.900000 ,3621590.360500 ,984.000000 ,1.000000
2450.900000 ,3621585.310583 ,985.000000 ,1.000000
2457.900000 ,3621590.198917 ,986.000000 ,1.000000
2470.500000 ,3621588.394000 ,987.000000 ,1.000000
2473.300000 ,3621550.893500 ,988.000000 ,0.000000
2473.300000 ,3621590.138300 ,989.000000 ,1.000000
2473.300000 ,3621588.605292 ,990.000000 ,1.000000
2476.100000 ,3621629.793500 ,991.000000 ,0.000000
2477.500000 ,3621588.933650 ,992.000000 ,1.000000
2480.300000 ,3621587.453300 ,993.000000 ,1.000000
2483.100000 ,3621588.605292 ,994.000000 ,1.000000
2484.500000 ,3621671.673500 ,995.000000 ,0.000000
2487.300000 ,3621588.727375 ,996.000000 ,1.000000
2488.700000 ,3621589.070833 ,997.000000 ,1.000000
2488.700000 ,3621587.453300 ,998.000000 ,1.000000
2504.100000 ,3621585.148062 ,999.000000 ,1.000000
2515.300000 ,3621448.413500 ,1000.000000 ,0.000000
2515.300000 ,3621582.993200 ,1001.000000 ,1.000000
2518.100000 ,3621702.633500 ,1002.000000 ,0.000000
2519.500000 ,3621585.294875 ,1003.000000 ,1.000000
2519.500000 ,3621665.073500 ,1004.000000 ,0.000000
2522.300000 ,3621585.294875 ,1005.000000 ,1.000000
2523.700000 ,3621580.184800 ,1006.000000 ,1.000000
2525.100000 ,3621582.993200 ,1007.000000 ,1.000000
2529.300000 ,3621582.446417 ,1008.000000 ,1.000000
2533.500000 ,3621580.715500 ,1009.000000 ,1.000000
2534.900000 ,3621583.460750 ,1010.000000 ,1.000000
2537.700000 ,3621644.313500 ,1011.000000 ,0.000000
2541.900000 ,3621582.599062 ,1012.000000 ,1.000000
2543.300000 ,3621581.144687 ,1013.000000 ,1.000000
2544.700000 ,3621582.182333 ,1014.000000 ,1.000000
2546.100000 ,3621513.873500 ,1015.000000 ,0.000000
2550.300000 ,3621682.953500 ,1016.000000 ,0.000000
2551.700000 ,3621582.182333 ,1017.000000 ,1.000000
2558.700000 ,3621448.893500 ,1018.000000 ,0.000000
2560.100000 ,3621584.711417 ,1019.000000 ,1.000000
2560.100000 ,3621582.580812 ,1020.000000 ,1.000000
2561.500000 ,3621644.793500 ,1021.000000 ,0.000000
2564.300000 ,3621584.711417 ,1022.000000 ,1.000000
2564.300000 ,3621582.580812 ,1023.000000 ,1.000000
2569.900000 ,3621582.994773 ,1024.000000 ,1.000000
2571.300000 ,3621585.439350 ,1025.000000 ,1.000000
2572.700000 ,3621584.142375 ,1026.000000 ,1.000000
2574.100000 ,3621584.711417 ,1027.000000 ,1.000000
2575.500000 ,3621503.793500 ,1028.000000 ,0.000000
2575.500000 ,3621585.951500 ,1029.000000 ,1.000000
2575.500000 ,3621580.826417 ,1030.000000 ,1.000000
2582.500000 ,3621460.833500 ,1031.000000 ,0.000000
2590.900000 ,3621583.028833 ,1032.000000 ,1.000000
2593.700000 ,3621584.442750 ,1033.000000 ,1.000000
2593.700000 ,3621581.822583 ,1034.000000 ,1.000000
2596.500000 ,3621584.442750 ,1035.000000 ,1.000000
2599.300000 ,3621584.706932 ,1036.000000 ,1.000000
2606.300000 ,3621583.028833 ,1037.000000 ,1.000000
2609.100000 ,3621584.706932 ,1038.000000 ,1.000000
2610.500000 ,3621578.222500 ,1039.000000 ,1.000000
2616.100000 ,3621584.442750 ,1040.000000 ,1.000000
2617.500000 ,3621584.960417 ,1041.000000 ,1.000000
2617.500000 ,3621584.442750 ,1042.000000 ,1.000000
2618.900000 ,3621584.693607 ,1043.000000 ,1.000000
2620.300000 ,3621578.222500 ,1044.000000 ,1.000000
2623.100000 ,3621578.222500 ,1045.000000 ,1.000000
2625.900000 ,3621584.438300 ,1046.000000 ,1.000000
2634.300000 ,3621585.679917 ,1047.000000 ,1.000000
2639.900000 ,3621586.932250 ,1048.000000 ,1.000000
2644.100000 ,3621582.760583 ,1049.000000 ,1.000000
2651.100000 ,3621585.223408 ,1050.000000 ,1.000000
2652.500000 ,3621520.653500 ,1051.000000 ,0.000000
2655.300000 ,3621582.321500 ,1052.000000 ,1.000000
2656.700000 ,3621584.535650 ,1053.000000 ,1.000000
2659.500000 ,3621579.927333 ,1054.000000 ,1.000000
2663.700000 ,3621584.535650 ,1055.000000 ,1.000000
2663.700000 ,3621578.351875 ,1056.000000 ,1.000000
2667.900000 ,3621577.752833 ,1057.000000 ,1.000000
2670.700000 ,3621585.911167 ,1058.000000 ,1.000000
2670.700000 ,3621576.075444 ,1059.000000 ,1.000000
2673.500000 ,3621577.752833 ,1060.000000 ,1.000000
2674.900000 ,3621577.752833 ,1061.000000 ,1.000000
2677.700000 ,3621578.730250 ,1062.000000 ,1.000000
2681.900000 ,3621577.752833 ,1063.000000 ,1.000000
2686.100000 ,3621576.490875 ,1064.000000 ,1.000000
2688.900000 ,3621576.490875 ,1065.000000 ,1.000000
2688.900000 ,3621575.772500 ,1066.000000 ,1.000000
2691.700000 ,3621576.490875 ,1067.000000 ,1.000000
2694.500000 ,3621620.313500 ,1068.000000 ,0.000000
2697.300000 ,3621685.473500 ,1069.000000 ,0.000000
2698.700000 ,3621564.604250 ,1070.000000 ,1.000000
2700.100000 ,3621576.490875 ,1071.000000 ,1.000000
2700.100000 ,3621575.528750 ,1072.000000 ,1.000000
2704.300000 ,3621576.385333 ,1073.000000 ,1.000000
2707.100000 ,3621616.773500 ,1074.000000 ,0.000000
2707.100000 ,3621572.847812 ,1075.000000 ,1.000000
2708.500000 ,3621570.606625 ,1076.000000 ,1.000000
2714.100000 ,3621576.879500 ,1077.000000 ,1.000000
2714.100000 ,3621568.816417 ,1078.000000 ,1.000000
2716.900000 ,3621573.317625 ,1079.000000 ,1.000000
2719.700000 ,3621440.973500 ,1080.000000 ,0.000000
2719.700000 ,3621571.201125 ,1081.000000 ,1.000000
2722.500000 ,3621578.179500 ,1082.000000 ,1.000000
2723.900000 ,3621573.820500 ,1083.000000 ,1.000000
2728.100000 ,3621576.879500 ,1084.000000 ,1.000000
2728.100000 ,3621569.371917 ,1085.000000 ,1.000000
2735.100000 ,3621573.820500 ,1086.000000 ,1.000000
2736.500000 ,3621424.593500 ,1087.000000 ,0.000000
2736.500000 ,3621470.673500 ,1088.000000 ,0.000000
2736.500000 ,3621577.300450 ,1089.000000 ,1.000000
2740.700000 ,3621577.351750 ,1090.000000 ,1.000000
2742.100000 ,3621578.019667 ,1091.000000 ,1.000000
2742.100000 ,3621576.879500 ,1092.000000 ,1.000000
2742.100000 ,3621576.408500 ,1093.000000 ,1.000000
2742.100000 ,3621684.273500 ,1094.000000 ,0.000000
2744.900000 ,3621576.408500 ,1095.000000 ,1.000000
2747.700000 ,3621577.482083 ,1096.000000 ,1.000000
2750.500000 ,3621576.581750 ,1097.000000 ,1.000000
2751.900000 ,3621576.408500 ,1098.000000 ,1.000000
2754.700000 ,3621576.408500 ,1099.000000 ,1.000000
2756.100000 ,3621575.672500 ,1100.000000 ,1.000000
2757.500000 ,3621574.777875 ,1101.000000 ,1.000000
2764.500000 ,3621453.573500 ,1102.000000 ,0.000000
2768.700000 ,3621576.232250 ,1103.000000 ,1.000000
2770.100000 ,3621577.351750 ,1104.000000 ,1.000000
2770.100000 ,3621576.792000 ,1105.000000 ,1.000000
2777.100000 ,3621575.112750 ,1106.000000 ,1.000000
2778.500000 ,3621575.112750 ,1107.000000 ,1.000000
2781.300000 ,3621477.033500 ,1108.000000 ,0.000000
2782.700000 ,3621572.686833 ,1109.000000 ,1.000000
2784.100000 ,3621573.578937 ,1110.000000 ,1.000000
2784.100000 ,3621572.686833 ,1111.000000 ,1.000000
2784.100000 ,3621571.369125 ,1112.000000 ,1.000000
2785.500000 ,3621573.946000 ,1113.000000 ,1.000000
2786.900000 ,3621473.193500 ,1114.000000 ,0.000000
2791.100000 ,3621575.330750 ,1115.000000 ,1.000000
2793.900000 ,3621571.560187 ,1116.000000 ,1.000000
2796.700000 ,3621596.193500 ,1117.000000 ,0.000000
2798.100000 ,3621569.612350 ,1118.000000 ,1.000000
2800.900000 ,3621575.493750 ,1119.000000 ,1.000000
2802.300000 ,3621569.612350 ,1120.000000 ,1.000000
2803.700000 ,3621575.493750 ,1121.000000 ,1.000000
2806.500000 ,3621639.693500 ,1122.000000 ,0.000000
2806.500000 ,3621575.493750 ,1123.000000 ,1.000000
2809.300000 ,3621564.701000 ,1124.000000 ,1.000000
2813.500000 ,3621575.383667 ,1125.000000 ,1.000000
2830.300000 ,3621560.037500 ,1126.000000 ,1.000000
2831.700000 ,3621575.383667 ,1127.000000 ,1.000000
2834.500000 ,3621569.362167 ,1128.000000 ,1.000000
2835.900000 ,3621572.862167 ,1129.000000 ,1.000000
2837.300000 ,3621560.037500 ,1130.000000 ,1.000000
2838.700000 ,3621568.931333 ,1131.000000 ,1.000000
2838.700000 ,3621706.833500 ,1132.000000 ,0.000000
2849.900000 ,3621569.833688 ,1133.000000 ,1.000000
2851.300000 ,3621569.833688 ,1134.000000 ,1.000000
2852.700000 ,3621569.833688 ,1135.000000 ,1.000000
2856.900000 ,3621569.833688 ,1136.000000 ,1.000000
2862.500000 ,3621571.759813 ,1137.000000 ,1.000000
2866.700000 ,3621570.204875 ,1138.000000 ,1.000000
2869.500000 ,3621571.759813 ,1139.000000 ,1.000000
2872.300000 ,3621571.759813 ,1140.000000 ,1.000000
2872.300000 ,3621569.642813 ,1141.000000 ,1.000000
2873.700000 ,3621568.481958 ,1142.000000 ,1.000000
2875.100000 ,3621498.993500 ,1143.000000 ,0.000000
2875.100000 ,3621569.540500 ,1144.000000 ,1.000000
2884.900000 ,3621570.640167 ,1145.000000 ,1.000000
2889.100000 ,3621571.111964 ,1146.000000 ,1.000000
2891.900000 ,3621569.642813 ,1147.000000 ,1.000000
2898.900000 ,3621572.983667 ,1148.000000 ,1.000000
2898.900000 ,3621570.640167 ,1149.000000 ,1.000000
2900.300000 ,3621566.895542 ,1150.000000 ,1.000000
2905.900000 ,3621506.433500 ,1151.000000 ,0.000000
2907.300000 ,3621572.983667 ,1152.000000 ,1.000000
2907.300000 ,3621570.526893 ,1153.000000 ,1.000000
2907.300000 ,3621569.546750 ,1154.000000 ,1.000000
2911.500000 ,3621570.990964 ,1155.000000 ,1.000000
2914.300000 ,3621571.200167 ,1156.000000 ,1.000000
2924.100000 ,3621570.066321 ,1157.000000 ,1.000000
2925.500000 ,3621568.852075 ,1158.000000 ,1.000000
2929.700000 ,3621566.901265 ,1159.000000 ,1.000000
2931.100000 ,3621568.852075 ,1160.000000 ,1.000000
2932.500000 ,3621568.317232 ,1161.000000 ,1.000000
2933.900000 ,3621568.852075 ,1162.000000 ,1.000000
2940.900000 ,3621570.777327 ,1163.000000 ,1.000000
2940.900000 ,3621566.901265 ,1164.000000 ,1.000000
2942.300000 ,3621570.456232 ,1165.000000 ,1.000000
2952.100000 ,3621567.553107 ,1166.000000 ,1.000000
2953.500000 ,3621565.048353 ,1167.000000 ,1.000000
2956.300000 ,3621568.008944 ,1168.000000 ,1.000000
2960.500000 ,3621570.751000 ,1169.000000 ,1.000000
2961.900000 ,3621567.833477 ,1170.000000 ,1.000000
2963.300000 ,3621567.833477 ,1171.000000 ,1.000000
2964.700000 ,3621565.048353 ,1172.000000 ,1.000000
2967.500000 ,3621567.234625 ,1173.000000 ,1.000000
2968.900000 ,3621568.193600 ,1174.000000 ,1.000000
2970.300000 ,3621566.627937 ,1175.000000 ,1.000000
2974.500000 ,3621564.771083 ,1176.000000 ,1.000000
2982.900000 ,3621567.301125 ,1177.000000 ,1.000000
2987.100000 ,3621567.234625 ,1178.000000 ,1.000000
2987.100000 ,3621565.470542 ,1179.000000 ,1.000000
2989.900000 ,3621567.793708 ,1180.000000 ,1.000000
2991.300000 ,3621566.982107 ,1181.000000 ,1.000000
2996.900000 ,3621567.786500 ,1182.000000 ,1.000000
2998.300000 ,3621567.356827 ,1183.000000 ,1.000000
3002.500000 ,3621567.786500 ,1184.000000 ,1.000000
3008.100000 ,3621567.644125 ,1185.000000 ,1.000000
3008.100000 ,3621567.029187 ,1186.000000 ,1.000000
3009.500000 ,3621555.392500 ,1187.000000 ,1.000000
3010.900000 ,3621565.753300 ,1188.000000 ,1.000000
3012.300000 ,3621568.092250 ,1189.000000 ,1.000000
3013.700000 ,3621567.644125 ,1190.000000 ,1.000000
3015.100000 ,3621594.093500 ,1191.000000 ,0.000000
3015.100000 ,3621567.390937 ,1192.000000 ,1.000000
3015.100000 ,3621564.180125 ,1193.000000 ,1.000000
3027.700000 ,3621450.033500 ,1194.000000 ,0.000000
3029.100000 ,3621567.628667 ,1195.000000 ,1.000000
3029.100000 ,3621555.392500 ,1196.000000 ,1.000000
3034.700000 ,3621564.236625 ,1197.000000 ,1.000000
3038.900000 ,3621555.392500 ,1198.000000 ,1.000000
3041.700000 ,3621561.592550 ,1199.000000 ,1.000000
3041.700000 ,3621555.392500 ,1200.000000 ,1.000000
3045.900000 ,3621564.236625 ,1201.000000 ,1.000000
3045.900000 ,3621561.595679 ,1202.000000 ,1.000000
3054.300000 ,3621561.881750 ,1203.000000 ,1.000000
3055.700000 ,3621562.542250 ,1204.000000 ,1.000000
3058.500000 ,3621564.236625 ,1205.000000 ,1.000000
3062.700000 ,3621561.297500 ,1206.000000 ,1.000000
3069.700000 ,3621562.338804 ,1207.000000 ,1.000000
3071.100000 ,3621562.100625 ,1208.000000 ,1.000000
3073.900000 ,3621563.020417 ,1209.000000 ,1.000000
3076.700000 ,3621563.272688 ,1210.000000 ,1.000000
3079.500000 ,3621562.931375 ,1211.000000 ,1.000000
3079.500000 ,3621562.100625 ,1212.000000 ,1.000000
3082.300000 ,3621563.607250 ,1213.000000 ,1.000000
3087.900000 ,3621563.607250 ,1214.000000 ,1.000000
3089.300000 ,3621561.801250 ,1215.000000 ,1.000000
3092.100000 ,3621562.280813 ,1216.000000 ,1.000000
3093.500000 ,3621563.607250 ,1217.000000 ,1.000000
3094.900000 ,3621563.351750 ,1218.000000 ,1.000000
3097.700000 ,3621563.607250 ,1219.000000 ,1.000000
3099.100000 ,3621562.280813 ,1220.000000 ,1.000000
3101.900000 ,3621562.280813 ,1221.000000 ,1.000000
3104.700000 ,3621563.607250 ,1222.000000 ,1.000000
3106.100000 ,3621563.607250 ,1223.000000 ,1.000000
3108.900000 ,3621563.607250 ,1224.000000 ,1.000000
3110.300000 ,3621561.113167 ,1225.000000 ,1.000000
3113.100000 ,3621561.113167 ,1226.000000 ,1.000000
3115.900000 ,3621562.280813 ,1227.000000 ,1.000000
3115.900000 ,3621561.329964 ,1228.000000 ,1.000000
3117.300000 ,3621479.073500 ,1229.000000 ,0.000000
3118.700000 ,3621485.973500 ,1230.000000 ,0.000000
3120.100000 ,3621562.280813 ,1231.000000 ,1.000000
3125.700000 ,3621562.218083 ,1232.000000 ,1.000000
3131.300000 ,3621561.113167 ,1233.000000 ,1.000000
3134.100000 ,3621559.544187 ,1234.000000 ,1.000000
3141.100000 ,3621423.573500 ,1235.000000 ,0.000000
3145.300000 ,3621562.202500 ,1236.000000 ,1.000000
3145.300000 ,3621558.209955 ,1237.000000 ,1.000000
3146.700000 ,3621558.209955 ,1238.000000 ,1.000000
3153.700000 ,3621557.151964 ,1239.000000 ,1.000000
3156.500000 ,3621557.258625 ,1240.000000 ,1.000000
3159.300000 ,3621558.126200 ,1241.000000 ,1.000000
3160.700000 ,3621557.258625 ,1242.000000 ,1.000000
3163.500000 ,3621557.258625 ,1243.000000 ,1.000000
3167.700000 ,3621556.650776 ,1244.000000 ,1.000000
3170.500000 ,3621556.650776 ,1245.000000 ,1.000000
3171.900000 ,3621557.134531 ,1246.000000 ,1.000000
3174.700000 ,3621557.637652 ,1247.000000 ,1.000000
3177.500000 ,3621557.134531 ,1248.000000 ,1.000000
3178.900000 ,3621704.373500 ,1249.000000 ,0.000000
3183.100000 ,3621557.637652 ,1250.000000 ,1.000000
3183.100000 ,3621555.424350 ,1251.000000 ,1.000000
3185.900000 ,3621701.733500 ,1252.000000 ,0.000000
3188.700000 ,3621576.693500 ,1253.000000 ,0.000000
3188.700000 ,3621555.123042 ,1254.000000 ,1.000000
3197.100000 ,3621555.306100 ,1255.000000 ,1.000000
3198.500000 ,3621555.001300 ,1256.000000 ,1.000000
3199.900000 ,3621556.855125 ,1257.000000 ,1.000000
3199.900000 ,3621554.954708 ,1258.000000 ,1.000000
3201.300000 ,3621557.028167 ,1259.000000 ,1.000000
3202.700000 ,3621555.001300 ,1260.000000 ,1.000000
3205.500000 ,3621554.761000 ,1261.000000 ,1.000000
3205.500000 ,3621552.825750 ,1262.000000 ,1.000000
3212.500000 ,3621554.761000 ,1263.000000 ,1.000000
3212.500000 ,3621553.590833 ,1264.000000 ,1.000000
3212.500000 ,3621553.005750 ,1265.000000 ,1.000000
3213.900000 ,3621552.043167 ,1266.000000 ,1.000000
3216.700000 ,3621552.043167 ,1267.000000 ,1.000000
3218.100000 ,3621553.005750 ,1268.000000 ,1.000000
3218.100000 ,3621551.882646 ,1269.000000 ,1.000000
3222.300000 ,3621552.043167 ,1270.000000 ,1.000000
3226.500000 ,3621552.043167 ,1271.000000 ,1.000000
3236.300000 ,3621603.753500 ,1272.000000 ,0.000000
3237.700000 ,3621551.820583 ,1273.000000 ,1.000000
3239.100000 ,3621551.775500 ,1274.000000 ,1.000000
3241.900000 ,3621555.093500 ,1275.000000 ,0.000000
3241.900000 ,3621551.882646 ,1276.000000 ,1.000000
3243.300000 ,3621552.043167 ,1277.000000 ,1.000000
3244.700000 ,3621551.879500 ,1278.000000 ,1.000000
3247.500000 ,3621551.820583 ,1279.000000 ,1.000000
3251.700000 ,3621551.820583 ,1280.000000 ,1.000000
3253.100000 ,3621551.775500 ,1281.000000 ,1.000000
3254.500000 ,3621551.842750 ,1282.000000 ,1.000000
3257.300000 ,3621593.253500 ,1283.000000 ,0.000000
3260.100000 ,3621551.849850 ,1284.000000 ,1.000000
3261.500000 ,3621538.773500 ,1285.000000 ,0.000000
3261.500000 ,3621551.849850 ,1286.000000 ,1.000000
3262.900000 ,3621551.715250 ,1287.000000 ,1.000000
3267.100000 ,3621551.849850 ,1288.000000 ,1.000000
3268.500000 ,3621574.353500 ,1289.000000 ,0.000000
3274.100000 ,3621551.715250 ,1290.000000 ,1.000000
3276.900000 ,3621544.233500 ,1291.000000 ,0.000000
3279.700000 ,3621553.594950 ,1292.000000 ,1.000000
3281.100000 ,3621551.715250 ,1293.000000 ,1.000000
3283.900000 ,3621553.885800 ,1294.000000 ,1.000000
3283.900000 ,3621551.849850 ,1295.000000 ,1.000000
3288.100000 ,3621554.819750 ,1296.000000 ,1.000000
3290.900000 ,3621554.547625 ,1297.000000 ,1.000000
3292.300000 ,3621504.573500 ,1298.000000 ,0.000000
3292.300000 ,3621554.176650 ,1299.000000 ,1.000000
3292.300000 ,3621552.722400 ,1300.000000 ,1.000000
3296.500000 ,3621553.013250 ,1301.000000 ,1.000000
3296.500000 ,3621549.539625 ,1302.000000 ,1.000000
3299.300000 ,3621416.793500 ,1303.000000 ,0.000000
3299.300000 ,3621554.819750 ,1304.000000 ,1.000000
3299.300000 ,3621553.885800 ,1305.000000 ,1.000000
3300.700000 ,3621549.539625 ,1306.000000 ,1.000000
3302.100000 ,3621554.467500 ,1307.000000 ,1.000000
3303.500000 ,3621549.539625 ,1308.000000 ,1.000000
3303.500000 ,3621546.939625 ,1309.000000 ,1.000000
3304.900000 ,3621553.885800 ,1310.000000 ,1.000000
3310.500000 ,3621554.777500 ,1311.000000 ,1.000000
3313.300000 ,3621554.157500 ,1312.000000 ,1.000000
3314.700000 ,3621546.939625 ,1313.000000 ,1.000000
3316.100000 ,3621557.313500 ,1314.000000 ,0.000000
3316.100000 ,3621547.622889 ,1315.000000 ,1.000000
3318.900000 ,3621547.730583 ,1316.000000 ,1.000000
3324.500000 ,3621553.833500 ,1317.000000 ,0.000000
3324.500000 ,3621707.313500 ,1318.000000 ,0.000000
3330.100000 ,3621548.376750 ,1319.000000 ,1.000000
3331.500000 ,3621548.376750 ,1320.000000 ,1.000000
3337.100000 ,3621548.376750 ,1321.000000 ,1.000000
3339.900000 ,3621580.473500 ,1322.000000 ,0.000000
3339.900000 ,3621548.862562 ,1323.000000 ,1.000000
3342.700000 ,3621529.413500 ,1324.000000 ,0.000000
3342.700000 ,3621548.376750 ,1325.000000 ,1.000000
3351.100000 ,3621548.376750 ,1326.000000 ,1.000000
3353.900000 ,3621687.813500 ,1327.000000 ,0.000000
3353.900000 ,3621548.169750 ,1328.000000 ,1.000000
3353.900000 ,3621547.440250 ,1329.000000 ,1.000000
3359.500000 ,3621549.458250 ,1330.000000 ,1.000000
3359.500000 ,3621548.169750 ,1331.000000 ,1.000000
3360.900000 ,3621549.967250 ,1332.000000 ,1.000000
3362.300000 ,3621547.440250 ,1333.000000 ,1.000000
3363.700000 ,3621548.169750 ,1334.000000 ,1.000000
3367.900000 ,3621547.805000 ,1335.000000 ,1.000000
3369.300000 ,3621549.967250 ,1336.000000 ,1.000000
3370.700000 ,3621475.593500 ,1337.000000 ,0.000000
3372.100000 ,3621548.564719 ,1338.000000 ,1.000000
3374.900000 ,3621547.805000 ,1339.000000 ,1.000000
3376.300000 ,3621549.967250 ,1340.000000 ,1.000000
3377.700000 ,3621547.440250 ,1341.000000 ,1.000000
3379.100000 ,3621547.805000 ,1342.000000 ,1.000000
3383.300000 ,3621547.440250 ,1343.000000 ,1.000000
3384.700000 ,3621492.813500 ,1344.000000 ,0.000000
3387.500000 ,3621546.606350 ,1345.000000 ,1.000000
3388.900000 ,3621546.606350 ,1346.000000 ,1.000000
3390.300000 ,3621546.610417 ,1347.000000 ,1.000000
3394.500000 ,3621437.313500 ,1348.000000 ,0.000000
3397.300000 ,3621546.626683 ,1349.000000 ,1.000000
3402.900000 ,3621546.630750 ,1350.000000 ,1.000000
3404.300000 ,3621546.630750 ,1351.000000 ,1.000000
3405.700000 ,3621546.630750 ,1352.000000 ,1.000000
3407.100000 ,3621548.832000 ,1353.000000 ,1.000000
3408.500000 ,3621546.153500 ,1354.000000 ,0.000000
3408.500000 ,3621546.630750 ,1355.000000 ,1.000000
3411.300000 ,3621546.630750 ,1356.000000 ,1.000000
3412.700000 ,3621429.333500 ,1357.000000 ,0.000000
3412.700000 ,3621546.630750 ,1358.000000 ,1.000000
3414.100000 ,3621546.630750 ,1359.000000 ,1.000000
3415.500000 ,3621546.630750 ,1360.000000 ,1.000000
3418.300000 ,3621546.630750 ,1361.000000 ,1.000000
3421.100000 ,3621546.630750 ,1362.000000 ,1.000000
3422.500000 ,3621548.079667 ,1363.000000 ,1.000000
3423.900000 ,3621546.630750 ,1364.000000 ,1.000000
3432.300000 ,3621544.318000 ,1365.000000 ,1.000000
3433.700000 ,3621544.318000 ,1366.000000 ,1.000000
3435.100000 ,3621545.822667 ,1367.000000 ,1.000000
3437.900000 ,3621547.388000 ,1368.000000 ,1.000000
3442.100000 ,3621611.313500 ,1369.000000 ,0.000000
3458.900000 ,3621547.854833 ,1370.000000 ,1.000000
3461.700000 ,3621548.105875 ,1371.000000 ,1.000000
3463.100000 ,3621548.946458 ,1372.000000 ,1.000000
3464.500000 ,3621548.946458 ,1373.000000 ,1.000000
3470.100000 ,3621548.684111 ,1374.000000 ,1.000000
3471.500000 ,3621548.946458 ,1375.000000 ,1.000000
3472.900000 ,3621680.673500 ,1376.000000 ,0.000000
3475.700000 ,3621675.153500 ,1377.000000 ,0.000000
3475.700000 ,3621548.946458 ,1378.000000 ,1.000000
3475.700000 ,3621548.360125 ,1379.000000 ,1.000000
3478.500000 ,3621549.749875 ,1380.000000 ,1.000000
3482.700000 ,3621548.383386 ,1381.000000 ,1.000000
3485.500000 ,3621548.383386 ,1382.000000 ,1.000000
3488.300000 ,3621548.526167 ,1383.000000 ,1.000000
3491.100000 ,3621549.749875 ,1384.000000 ,1.000000
3493.900000 ,3621416.013500 ,1385.000000 ,0.000000
3493.900000 ,3621548.383386 ,1386.000000 ,1.000000
3498.100000 ,3621549.749875 ,1387.000000 ,1.000000
3499.500000 ,3621442.653500 ,1388.000000 ,0.000000
3499.500000 ,3621548.769062 ,1389.000000 ,1.000000
3503.700000 ,3621548.769062 ,1390.000000 ,1.000000
3505.100000 ,3621550.010125 ,1391.000000 ,1.000000
3509.300000 ,3621549.719750 ,1392.000000 ,1.000000
3512.100000 ,3621535.473500 ,1393.000000 ,0.000000
3513.500000 ,3621550.555750 ,1394.000000 ,1.000000
3513.500000 ,3621549.437750 ,1395.000000 ,1.000000
3514.900000 ,3621549.719750 ,1396.000000 ,1.000000
3516.300000 ,3621549.719750 ,1397.000000 ,1.000000
3521.900000 ,3621549.600500 ,1398.000000 ,1.000000
3524.700000 ,3621550.149321 ,1399.000000 ,1.000000
3530.300000 ,3621550.500679 ,1400.000000 ,1.000000
3533.100000 ,3621550.500679 ,1401.000000 ,1.000000
3534.500000 ,3621578.073500 ,1402.000000 ,0.000000
3535.900000 ,3621549.719750 ,1403.000000 ,1.000000
3537.300000 ,3621552.091500 ,1404.000000 ,1.000000
3538.700000 ,3621550.383333 ,1405.000000 ,1.000000
3544.300000 ,3621552.231000 ,1406.000000 ,1.000000
3554.100000 ,3621552.091500 ,1407.000000 ,1.000000
3554.100000 ,3621550.834125 ,1408.000000 ,1.000000
3554.100000 ,3621549.118417 ,1409.000000 ,1.000000
3555.500000 ,3621550.046375 ,1410.000000 ,1.000000
3556.900000 ,3621549.389917 ,1411.000000 ,1.000000
3561.100000 ,3621551.864167 ,1412.000000 ,1.000000
3561.100000 ,3621549.118417 ,1413.000000 ,1.000000
3563.900000 ,3621550.409000 ,1414.000000 ,1.000000
3569.500000 ,3621550.695969 ,1415.000000 ,1.000000
3569.500000 ,3621549.852725 ,1416.000000 ,1.000000
3570.900000 ,3621549.389917 ,1417.000000 ,1.000000
3572.300000 ,3621549.852725 ,1418.000000 ,1.000000
3575.100000 ,3621549.852725 ,1419.000000 ,1.000000
3576.500000 ,3621550.537950 ,1420.000000 ,1.000000
3579.300000 ,3621546.888500 ,1421.000000 ,1.000000
3580.700000 ,3621547.433800 ,1422.000000 ,1.000000
3587.700000 ,3621546.600417 ,1423.000000 ,1.000000
3590.500000 ,3621548.872250 ,1424.000000 ,1.000000
3591.900000 ,3621546.888500 ,1425.000000 ,1.000000
3596.100000 ,3621548.872250 ,1426.000000 ,1.000000
3597.500000 ,3621548.078214 ,1427.000000 ,1.000000
3601.700000 ,3621533.733500 ,1428.000000 ,0.000000
3603.100000 ,3621692.253500 ,1429.000000 ,0.000000
3603.100000 ,3621547.796700 ,1430.000000 ,1.000000
3603.100000 ,3621546.130750 ,1431.000000 ,1.000000
3605.900000 ,3621547.969500 ,1432.000000 ,1.000000
3607.300000 ,3621547.969500 ,1433.000000 ,1.000000
3611.500000 ,3621547.969500 ,1434.000000 ,1.000000
3614.300000 ,3621485.253500 ,1435.000000 ,0.000000
3615.700000 ,3621545.095000 ,1436.000000 ,1.000000
3617.100000 ,3621608.733500 ,1437.000000 ,0.000000
3617.100000 ,3621545.464500 ,1438.000000 ,1.000000
3622.700000 ,3621675.513500 ,1439.000000 ,0.000000
3626.900000 ,3621546.978972 ,1440.000000 ,1.000000
3628.300000 ,3621547.173750 ,1441.000000 ,1.000000
3632.500000 ,3621547.681500 ,1442.000000 ,1.000000
3633.900000 ,3621547.443750 ,1443.000000 ,1.000000
3636.700000 ,3621546.978972 ,1444.000000 ,1.000000
3638.100000 ,3621544.119750 ,1445.000000 ,1.000000
3640.900000 ,3621547.443750 ,1446.000000 ,1.000000
3642.300000 ,3621568.713500 ,1447.000000 ,0.000000
3645.100000 ,3621546.978972 ,1448.000000 ,1.000000
3645.100000 ,3621545.095000 ,1449.000000 ,1.000000
3645.100000 ,3621544.119750 ,1450.000000 ,1.000000
3646.500000 ,3621547.211361 ,1451.000000 ,1.000000
3650.700000 ,3621546.746583 ,1452.000000 ,1.000000
3652.100000 ,3621546.065125 ,1453.000000 ,1.000000
3653.500000 ,3621547.211361 ,1454.000000 ,1.000000
3653.500000 ,3621546.219812 ,1455.000000 ,1.000000
3654.900000 ,3621545.906250 ,1456.000000 ,1.000000
3659.100000 ,3621544.119750 ,1457.000000 ,1.000000
3661.900000 ,3621544.119750 ,1458.000000 ,1.000000
3667.500000 ,3621545.999000 ,1459.000000 ,1.000000
3670.300000 ,3621545.999000 ,1460.000000 ,1.000000
3671.700000 ,3621545.417400 ,1461.000000 ,1.000000
3673.100000 ,3621545.999000 ,1462.000000 ,1.000000
3675.900000 ,3621545.341333 ,1463.000000 ,1.000000
3685.700000 ,3621509.613500 ,1464.000000 ,0.000000
3685.700000 ,3621544.922917 ,1465.000000 ,1.000000
3691.300000 ,3621545.465583 ,1466.000000 ,1.000000
3694.100000 ,3621545.465583 ,1467.000000 ,1.000000
3696.900000 ,3621544.922917 ,1468.000000 ,1.000000
3698.300000 ,3621544.922917 ,1469.000000 ,1.000000
3699.700000 ,3621481.293500 ,1470.000000 ,0.000000
3699.700000 ,3621544.708125 ,1471.000000 ,1.000000
3701.100000 ,3621545.465583 ,1472.000000 ,1.000000
3705.300000 ,3621545.465583 ,1473.000000 ,1.000000
3709.500000 ,3621544.774500 ,1474.000000 ,1.000000
3713.700000 ,3621544.499750 ,1475.000000 ,1.000000
3717.900000 ,3621648.153500 ,1476.000000 ,0.000000
3719.300000 ,3621498.393500 ,1477.000000 ,0.000000
3720.700000 ,3621564.513500 ,1478.000000 ,0.000000
3723.500000 ,3621542.733500 ,1479.000000 ,0.000000
3723.500000 ,3621560.913500 ,1480.000000 ,0.000000
3743.100000 ,3621416.073500 ,1481.000000 ,0.000000
3761.300000 ,3621467.253500 ,1482.000000 ,0.000000
3762.700000 ,3621701.853500 ,1483.000000 ,0.000000
3783.700000 ,3621484.233500 ,1484.000000 ,0.000000
3787.900000 ,3621498.873500 ,1485.000000 ,0.000000
3804.700000 ,3621443.193500 ,1486.000000 ,0.000000
3806.100000 ,3621452.493500 ,1487.000000 ,0.000000
3811.700000 ,3621573.213500 ,1488.000000 ,0.000000
3825.700000 ,3621517.173500 ,1489.000000 ,0.000000
3880.300000 ,3621595.353500 ,1490.000000 ,0.000000
3884.500000 ,3621443.493500 ,1491.000000 ,0.000000
3895.700000 ,3621657.573500 ,1492.000000 ,0.000000
3912.500000 ,3621677.433500 ,1493.000000 ,0.000000
3941.900000 ,3621481.893500 ,1494.000000 ,0.000000
3943.300000 ,3621689.553500 ,1495.000000 ,0.000000
4007.700000 ,3621590.553500 ,1496.000000 ,0.000000
4024.500000 ,3621690.993500 ,1497.000000 ,0.000000
4025.900000 ,3621585.513500 ,1498.000000 ,0.000000
4073.500000 ,3621452.973500 ,1499.000000 ,0.000000
4074.900000 ,3621480.873500 ,1500.000000 ,0.000000
4084.700000 ,3621498.693500 ,1501.000000 ,0.000000
4098.700000 ,3621642.273500 ,1502.000000 ,0.000000
4114.100000 ,3621502.773500 ,1503.000000 ,0.000000
4126.700000 ,3621602.253500 ,1504.000000 ,0.000000
4150.500000 ,3621706.173500 ,1505.000000 ,0.000000
4153.300000 ,3621413.733500 ,1506.000000 ,0.000000
4165.900000 ,3621422.313500 ,1507.000000 ,0.000000
4182.700000 ,3621688.773500 ,1508.000000 ,0.000000
4196.700000 ,3621480.993500 ,1509.000000 ,0.000000
4200.900000 ,3621657.873500 ,1510.000000 ,0.000000
4249.900000 ,3621550.473500 ,1511.000000 ,0.000000
4249.900000 ,3621585.033500 ,1512.000000 ,0.000000
4300.300000 ,3621608.193500 ,1513.000000 ,0.000000
4324.100000 ,3621594.273500 ,1514.000000 ,0.000000
4331.100000 ,3621633.453500 ,1515.000000 ,0.000000
4366.100000 ,3621470.553500 ,1516.000000 ,0.000000
4374.500000 ,3621452.553500 ,1517.000000 ,0.000000
4378.700000 ,3621532.293500 ,1518.000000 ,0.000000
4385.700000 ,3621456.813500 ,1519.000000 ,0.000000
4434.700000 ,3621670.113500 ,1520.000000 ,0.000000
4450.100000 ,3621503.433500 ,1521.000000 ,0.000000
4493.500000 ,3621556.413500 ,1522.000000 ,0.000000
4521.500000 ,3621645.813500 ,1523.000000 ,0.000000
4528.500000 ,3621667.533500 ,1524.000000 ,0.000000
4543.900000 ,3621540.333500 ,1525.000000 ,0.000000
4545.300000 ,3621415.353500 ,1526.000000 ,0.000000
4562.100000 ,3621450.333500 ,1527.000000 ,0.000000
4574.700000 ,3621629.673500 ,1528.000000 ,0.000000
4612.500000 ,3621475.593500 ,1529.000000 ,0.000000
4616.700000 ,3621621.213500 ,1530.000000 ,0.000000
4620.900000 ,3621501.033500 ,1531.000000 ,0.000000
4623.700000 ,3621678.033500 ,1532.000000 ,0.000000
4648.900000 ,3621486.213500 ,1533.000000 ,0.000000
4713.300000 ,3621435.453500 ,1534.000000 ,0.000000
4717.500000 ,3621545.913500 ,1535.000000 ,0.000000
4742.700000 ,3621441.033500 ,1536.000000 ,0.000000
4742.700000 ,3621463.773500 ,1537.000000 ,0.000000
4801.500000 ,3621547.293500 ,1538.000000 ,0.000000
4812.700000 ,3621538.413500 ,1539.000000 ,0.000000
4818.300000 ,3621620.373500 ,1540.000000 ,0.000000
4822.500000 ,3621647.613500 ,1541.000000 ,0.000000
4829.500000 ,3621464.493500 ,1542.000000 ,0.000000
4849.100000 ,3621564.933500 ,1543.000000 ,0.000000
4893.900000 ,3621487.473500 ,1544.000000 ,0.000000
4909.300000 ,3621519.393500 ,1545.000000 ,0.000000
4913.500000 ,3621417.213500 ,1546.000000 ,0.000000
4914.900000 ,3621467.913500 ,1547.000000 ,0.000000
4921.900000 ,3621534.453500 ,1548.000000 ,0.000000
4921.900000 ,3621649.353500 ,1549.000000 ,0.000000
4931.700000 ,3621445.353500 ,1550.000000 ,0.000000
4987.700000 ,3621491.373500 ,1551.000000 ,0.000000
