13.500000 ,3621617.154750 ,1.000000 ,1.000000
16.300000 ,3621617.483167 ,2.000000 ,1.000000
17.700000 ,3621617.154750 ,3.000000 ,1.000000
19.100000 ,3621448.096375 ,4.000000 ,0.000000
19.100000 ,3621616.505833 ,5.000000 ,1.000000
21.900000 ,3621617.468033 ,6.000000 ,1.000000
24.700000 ,3621617.154750 ,7.000000 ,1.000000
24.700000 ,3621615.381375 ,8.000000 ,1.000000
27.500000 ,3621617.052062 ,9.000000 ,1.000000
33.100000 ,3621615.114750 ,10.000000 ,1.000000
35.900000 ,3621615.381375 ,11.000000 ,1.000000
35.900000 ,3621614.831750 ,12.000000 ,1.000000
37.300000 ,3621615.381375 ,13.000000 ,1.000000
41.500000 ,3621615.860625 ,14.000000 ,1.000000
41.500000 ,3621614.831750 ,15.000000 ,1.000000
45.700000 ,3621615.796375 ,16.000000 ,0.000000
47.100000 ,3621615.381375 ,17.000000 ,1.000000
48.500000 ,3621615.381375 ,18.000000 ,1.000000
52.700000 ,3621615.114750 ,19.000000 ,1.000000
56.900000 ,3621614.162500 ,20.000000 ,1.000000
58.300000 ,3621455.716375 ,21.000000 ,0.000000
62.500000 ,3621614.945875 ,22.000000 ,1.000000
73.700000 ,3621613.886750 ,23.000000 ,1.000000
75.100000 ,3621613.739875 ,24.000000 ,1.000000
76.500000 ,3621409.336375 ,25.000000 ,0.000000
77.900000 ,3621614.546344 ,26.000000 ,1.000000
80.700000 ,3621614.546344 ,27.000000 ,1.000000
82.100000 ,3621614.945875 ,28.000000 ,1.000000
86.300000 ,3621615.893000 ,29.000000 ,1.000000
87.700000 ,3621612.320750 ,30.000000 ,1.000000
89.100000 ,3621613.289000 ,31.000000 ,1.000000
91.900000 ,3621612.964583 ,32.000000 ,1.000000
93.300000 ,3621613.446250 ,33.000000 ,1.000000
94.700000 ,3621612.320750 ,34.000000 ,1.000000
96.100000 ,3621612.964583 ,35.000000 ,1.000000
97.500000 ,3621613.446250 ,36.000000 ,1.000000
97.500000 ,3621612.320750 ,37.000000 ,1.000000
100.300000 ,3621612.804875 ,38.000000 ,1.000000
101.700000 ,3621613.446250 ,39.000000 ,1.000000
101.700000 ,3621612.804875 ,40.000000 ,1.000000
104.500000 ,3621651.016375 ,41.000000 ,0.000000
105.900000 ,3621613.446250 ,42.000000 ,1.000000
105.900000 ,3621612.804875 ,43.000000 ,1.000000
107.300000 ,3621613.446250 ,44.000000 ,1.000000
110.100000 ,3621613.373821 ,45.000000 ,1.000000
110.100000 ,3621615.556375 ,46.000000 ,0.000000
114.300000 ,3621633.316375 ,47.000000 ,0.000000
115.700000 ,3621612.191000 ,48.000000 ,1.000000
117.100000 ,3621613.446250 ,49.000000 ,1.000000
118.500000 ,3621613.446250 ,50.000000 ,1.000000
121.300000 ,3621614.545056 ,51.000000 ,1.000000
121.300000 ,3621613.373821 ,52.000000 ,1.000000
125.500000 ,3621618.203500 ,53.000000 ,1.000000
128.300000 ,3621611.998500 ,54.000000 ,1.000000
131.100000 ,3621612.715833 ,55.000000 ,1.000000
132.500000 ,3621610.763750 ,56.000000 ,1.000000
133.900000 ,3621614.182000 ,57.000000 ,1.000000
140.900000 ,3621611.691500 ,58.000000 ,1.000000
142.300000 ,3621619.336375 ,59.000000 ,0.000000
145.100000 ,3621614.545056 ,60.000000 ,1.000000
145.100000 ,3621613.748500 ,61.000000 ,1.000000
150.700000 ,3621616.374278 ,62.000000 ,1.000000
157.700000 ,3621617.029214 ,63.000000 ,1.000000
164.700000 ,3621612.789250 ,64.000000 ,1.000000
170.300000 ,3621610.885813 ,65.000000 ,1.000000
171.700000 ,3621610.885813 ,66.000000 ,1.000000
173.100000 ,3621611.141500 ,67.000000 ,1.000000
173.100000 ,3621682.516375 ,68.000000 ,0.000000
177.300000 ,3621616.373071 ,69.000000 ,1.000000
178.700000 ,3621556.456375 ,70.000000 ,0.000000
182.900000 ,3621612.004312 ,71.000000 ,1.000000
184.300000 ,3621612.217500 ,72.000000 ,1.000000
191.300000 ,3621612.505750 ,73.000000 ,1.000000
195.500000 ,3621609.474562 ,74.000000 ,1.000000
198.300000 ,3621612.217500 ,75.000000 ,1.000000
203.900000 ,3621609.694750 ,76.000000 ,1.000000
205.300000 ,3621609.564750 ,77.000000 ,1.000000
206.700000 ,3621611.929250 ,78.000000 ,1.000000
208.100000 ,3621609.564750 ,79.000000 ,1.000000
213.700000 ,3621609.474562 ,80.000000 ,1.000000
216.500000 ,3621403.636375 ,81.000000 ,0.000000
217.900000 ,3621609.723375 ,82.000000 ,1.000000
220.700000 ,3621609.616500 ,83.000000 ,1.000000
223.500000 ,3621609.786500 ,84.000000 ,1.000000
223.500000 ,3621542.536375 ,85.000000 ,0.000000
224.900000 ,3621654.976375 ,86.000000 ,0.000000
226.300000 ,3621609.702000 ,87.000000 ,1.000000
233.300000 ,3621609.786500 ,88.000000 ,1.000000
234.700000 ,3621478.336375 ,89.000000 ,0.000000
234.700000 ,3621609.947750 ,90.000000 ,1.000000
234.700000 ,3621559.936375 ,91.000000 ,0.000000
238.900000 ,3621610.497750 ,92.000000 ,1.000000
240.300000 ,3621610.497750 ,93.000000 ,1.000000
241.700000 ,3621610.497750 ,94.000000 ,1.000000
241.700000 ,3621609.947750 ,95.000000 ,1.000000
243.100000 ,3621409.876375 ,96.000000 ,0.000000
243.100000 ,3621610.221750 ,97.000000 ,1.000000
245.900000 ,3621610.497750 ,98.000000 ,1.000000
245.900000 ,3621609.205750 ,99.000000 ,1.000000
247.300000 ,3621610.221750 ,100.000000 ,1.000000
254.300000 ,3621610.500750 ,101.000000 ,1.000000
254.300000 ,3621609.947750 ,102.000000 ,1.000000
255.700000 ,3621610.500750 ,103.000000 ,1.000000
257.100000 ,3621609.786500 ,104.000000 ,1.000000
259.900000 ,3621609.196375 ,105.000000 ,0.000000
262.700000 ,3621610.500750 ,106.000000 ,1.000000
266.900000 ,3621610.614500 ,107.000000 ,1.000000
266.900000 ,3621609.216875 ,108.000000 ,1.000000
272.500000 ,3621610.177000 ,109.000000 ,1.000000
273.900000 ,3621610.177000 ,110.000000 ,1.000000
273.900000 ,3621609.689875 ,111.000000 ,1.000000
275.300000 ,3621609.540750 ,112.000000 ,1.000000
282.300000 ,3621610.177000 ,113.000000 ,1.000000
283.700000 ,3621610.678375 ,114.000000 ,1.000000
287.900000 ,3621609.540750 ,115.000000 ,1.000000
289.300000 ,3621549.136375 ,116.000000 ,0.000000
289.300000 ,3621659.716375 ,117.000000 ,0.000000
292.100000 ,3621611.224031 ,118.000000 ,1.000000
292.100000 ,3621609.540750 ,119.000000 ,1.000000
293.500000 ,3621610.678375 ,120.000000 ,1.000000
297.700000 ,3621611.528344 ,121.000000 ,1.000000
297.700000 ,3621610.678375 ,122.000000 ,1.000000
307.500000 ,3621611.890250 ,123.000000 ,1.000000
313.100000 ,3621611.939250 ,124.000000 ,1.000000
317.300000 ,3621612.079500 ,125.000000 ,1.000000
322.900000 ,3621451.096375 ,126.000000 ,0.000000
325.700000 ,3621612.175750 ,127.000000 ,1.000000
328.500000 ,3621612.261875 ,128.000000 ,1.000000
328.500000 ,3621671.356375 ,129.000000 ,0.000000
332.700000 ,3621612.261875 ,130.000000 ,1.000000
334.100000 ,3621612.175750 ,131.000000 ,1.000000
335.500000 ,3621612.261875 ,132.000000 ,1.000000
341.100000 ,3621612.526000 ,133.000000 ,1.000000
341.100000 ,3621611.297250 ,134.000000 ,1.000000
342.500000 ,3621612.079500 ,135.000000 ,1.000000
345.300000 ,3621611.297250 ,136.000000 ,1.000000
350.900000 ,3621612.666000 ,137.000000 ,1.000000
360.700000 ,3621612.666000 ,138.000000 ,1.000000
364.900000 ,3621658.696375 ,139.000000 ,0.000000
366.300000 ,3621612.770250 ,140.000000 ,1.000000
367.700000 ,3621644.776375 ,141.000000 ,0.000000
369.100000 ,3621612.776563 ,142.000000 ,1.000000
374.700000 ,3621614.673500 ,143.000000 ,1.000000
376.100000 ,3621612.776563 ,144.000000 ,1.000000
377.500000 ,3621612.776563 ,145.000000 ,1.000000
378.900000 ,3621604.516375 ,146.000000 ,0.000000
380.300000 ,3621612.776563 ,147.000000 ,1.000000
388.700000 ,3621613.939688 ,148.000000 ,1.000000
388.700000 ,3621609.833417 ,149.000000 ,1.000000
395.700000 ,3621613.760750 ,150.000000 ,1.000000
402.700000 ,3621613.438000 ,151.000000 ,1.000000
404.100000 ,3621613.919750 ,152.000000 ,1.000000
405.500000 ,3621605.998167 ,153.000000 ,1.000000
406.900000 ,3621605.998167 ,154.000000 ,1.000000
406.900000 ,3621623.176375 ,155.000000 ,0.000000
408.300000 ,3621602.086000 ,156.000000 ,1.000000
409.700000 ,3621468.016375 ,157.000000 ,0.000000
411.100000 ,3621613.919750 ,158.000000 ,1.000000
418.100000 ,3621608.341650 ,159.000000 ,1.000000
418.100000 ,3621605.998167 ,160.000000 ,1.000000
420.900000 ,3621611.565550 ,161.000000 ,1.000000
420.900000 ,3621605.807100 ,162.000000 ,1.000000
423.700000 ,3621605.807100 ,163.000000 ,1.000000
425.100000 ,3621606.779500 ,164.000000 ,1.000000
426.500000 ,3621612.821000 ,165.000000 ,1.000000
427.900000 ,3621603.272550 ,166.000000 ,1.000000
429.300000 ,3621602.086000 ,167.000000 ,1.000000
432.100000 ,3621613.587750 ,168.000000 ,1.000000
432.100000 ,3621610.876200 ,169.000000 ,1.000000
433.500000 ,3621609.524083 ,170.000000 ,1.000000
433.500000 ,3621605.807100 ,171.000000 ,1.000000
437.700000 ,3621606.779500 ,172.000000 ,1.000000
437.700000 ,3621603.272550 ,173.000000 ,1.000000
439.100000 ,3621606.779500 ,174.000000 ,1.000000
439.100000 ,3621603.272550 ,175.000000 ,1.000000
441.900000 ,3621613.587750 ,176.000000 ,1.000000
444.700000 ,3621614.542500 ,177.000000 ,1.000000
447.500000 ,3621614.542500 ,178.000000 ,1.000000
450.300000 ,3621613.587750 ,179.000000 ,1.000000
453.100000 ,3621614.542500 ,180.000000 ,1.000000
457.300000 ,3621612.837250 ,181.000000 ,1.000000
458.700000 ,3621613.587750 ,182.000000 ,1.000000
461.500000 ,3621612.837250 ,183.000000 ,1.000000
467.100000 ,3621614.542500 ,184.000000 ,1.000000
471.300000 ,3621612.837250 ,185.000000 ,1.000000
472.700000 ,3621610.044562 ,186.000000 ,1.000000
478.300000 ,3621597.596000 ,187.000000 ,1.000000
479.700000 ,3621597.596000 ,188.000000 ,1.000000
481.100000 ,3621612.837250 ,189.000000 ,1.000000
481.100000 ,3621603.274906 ,190.000000 ,1.000000
482.500000 ,3621538.996375 ,191.000000 ,0.000000
488.100000 ,3621638.776375 ,192.000000 ,0.000000
489.500000 ,3621606.610500 ,193.000000 ,1.000000
490.900000 ,3621603.274906 ,194.000000 ,1.000000
495.100000 ,3621601.633438 ,195.000000 ,1.000000
497.900000 ,3621614.172125 ,196.000000 ,1.000000
502.100000 ,3621615.625000 ,197.000000 ,1.000000
502.100000 ,3621642.316375 ,198.000000 ,0.000000
504.900000 ,3621597.596000 ,199.000000 ,1.000000
517.500000 ,3621616.841750 ,200.000000 ,1.000000
517.500000 ,3621629.296375 ,201.000000 ,0.000000
518.900000 ,3621606.087542 ,202.000000 ,1.000000
520.300000 ,3621460.156375 ,203.000000 ,0.000000
523.100000 ,3621613.479500 ,204.000000 ,1.000000
524.500000 ,3621597.592500 ,205.000000 ,1.000000
525.900000 ,3621597.592500 ,206.000000 ,1.000000
528.700000 ,3621617.042250 ,207.000000 ,1.000000
528.700000 ,3621616.451500 ,208.000000 ,1.000000
531.500000 ,3621615.738125 ,209.000000 ,1.000000
531.500000 ,3621612.676500 ,210.000000 ,1.000000
531.500000 ,3621605.733000 ,211.000000 ,1.000000
532.900000 ,3621616.722875 ,212.000000 ,1.000000
534.300000 ,3621615.738125 ,213.000000 ,1.000000
539.900000 ,3621615.624625 ,214.000000 ,1.000000
541.300000 ,3621612.506875 ,215.000000 ,1.000000
544.100000 ,3621615.738125 ,216.000000 ,1.000000
544.100000 ,3621607.623333 ,217.000000 ,1.000000
545.500000 ,3621615.624625 ,218.000000 ,1.000000
548.300000 ,3621614.888375 ,219.000000 ,1.000000
549.700000 ,3621614.888375 ,220.000000 ,1.000000
549.700000 ,3621605.230875 ,221.000000 ,1.000000
556.700000 ,3621612.506875 ,222.000000 ,1.000000
556.700000 ,3621609.581333 ,223.000000 ,1.000000
566.500000 ,3621612.506875 ,224.000000 ,1.000000
567.900000 ,3621612.506875 ,225.000000 ,1.000000
567.900000 ,3621605.230875 ,226.000000 ,1.000000
569.300000 ,3621608.045333 ,227.000000 ,1.000000
573.500000 ,3621605.230875 ,228.000000 ,1.000000
574.900000 ,3621409.636375 ,229.000000 ,0.000000
577.700000 ,3621617.386250 ,230.000000 ,1.000000
579.100000 ,3621617.386250 ,231.000000 ,1.000000
586.100000 ,3621616.036500 ,232.000000 ,1.000000
595.900000 ,3621568.276375 ,233.000000 ,0.000000
597.300000 ,3621612.245500 ,234.000000 ,1.000000
601.500000 ,3621616.036500 ,235.000000 ,1.000000
604.300000 ,3621614.360031 ,236.000000 ,1.000000
604.300000 ,3621609.293250 ,237.000000 ,1.000000
605.700000 ,3621615.649250 ,238.000000 ,1.000000
612.700000 ,3621613.468250 ,239.000000 ,1.000000
615.500000 ,3621615.649250 ,240.000000 ,1.000000
616.900000 ,3621553.156375 ,241.000000 ,0.000000
622.500000 ,3621609.197000 ,242.000000 ,1.000000
629.500000 ,3621608.639250 ,243.000000 ,1.000000
630.900000 ,3621617.160500 ,244.000000 ,1.000000
632.300000 ,3621609.343750 ,245.000000 ,1.000000
637.900000 ,3621609.343750 ,246.000000 ,1.000000
637.900000 ,3621607.910250 ,247.000000 ,1.000000
639.300000 ,3621600.857000 ,248.000000 ,1.000000
640.700000 ,3621609.206917 ,249.000000 ,1.000000
643.500000 ,3621602.350500 ,250.000000 ,1.000000
647.700000 ,3621609.343750 ,251.000000 ,1.000000
647.700000 ,3621592.721750 ,252.000000 ,1.000000
649.100000 ,3621598.613196 ,253.000000 ,1.000000
651.900000 ,3621609.876000 ,254.000000 ,1.000000
651.900000 ,3621589.996375 ,255.000000 ,0.000000
654.700000 ,3621592.721750 ,256.000000 ,1.000000
656.100000 ,3621592.721750 ,257.000000 ,1.000000
658.900000 ,3621592.721750 ,258.000000 ,1.000000
661.700000 ,3621599.858964 ,259.000000 ,1.000000
664.500000 ,3621592.931667 ,260.000000 ,1.000000
665.900000 ,3621592.721750 ,261.000000 ,1.000000
667.300000 ,3621592.931667 ,262.000000 ,1.000000
668.700000 ,3621598.613196 ,263.000000 ,1.000000
672.900000 ,3621442.516375 ,264.000000 ,0.000000
674.300000 ,3621599.858964 ,265.000000 ,1.000000
674.300000 ,3621597.367429 ,266.000000 ,1.000000
678.500000 ,3621591.518333 ,267.000000 ,1.000000
681.300000 ,3621603.370083 ,268.000000 ,1.000000
685.500000 ,3621610.336500 ,269.000000 ,1.000000
686.900000 ,3621592.931667 ,270.000000 ,1.000000
689.700000 ,3621592.931667 ,271.000000 ,1.000000
691.100000 ,3621611.012500 ,272.000000 ,1.000000
691.100000 ,3621596.781667 ,273.000000 ,1.000000
695.300000 ,3621611.012500 ,274.000000 ,1.000000
698.100000 ,3621610.272375 ,275.000000 ,1.000000
698.100000 ,3621609.601000 ,276.000000 ,1.000000
699.500000 ,3621610.830393 ,277.000000 ,1.000000
702.300000 ,3621611.484042 ,278.000000 ,1.000000
703.700000 ,3621609.601000 ,279.000000 ,1.000000
705.100000 ,3621610.830393 ,280.000000 ,1.000000
705.100000 ,3621610.272375 ,281.000000 ,1.000000
706.500000 ,3621610.830393 ,282.000000 ,1.000000
710.700000 ,3621609.602250 ,283.000000 ,1.000000
714.900000 ,3621609.602250 ,284.000000 ,1.000000
714.900000 ,3621603.779750 ,285.000000 ,1.000000
717.700000 ,3621606.691000 ,286.000000 ,1.000000
720.500000 ,3621603.779750 ,287.000000 ,1.000000
721.900000 ,3621462.256375 ,288.000000 ,0.000000
723.300000 ,3621612.513500 ,289.000000 ,1.000000
724.700000 ,3621610.830393 ,290.000000 ,1.000000
728.900000 ,3621433.876375 ,291.000000 ,0.000000
730.300000 ,3621606.691000 ,292.000000 ,1.000000
731.700000 ,3621599.348250 ,293.000000 ,1.000000
735.900000 ,3621611.672417 ,294.000000 ,1.000000
735.900000 ,3621608.962375 ,295.000000 ,1.000000
737.300000 ,3621609.602250 ,296.000000 ,1.000000
745.700000 ,3621611.672417 ,297.000000 ,1.000000
747.100000 ,3621611.058167 ,298.000000 ,1.000000
749.900000 ,3621605.374150 ,299.000000 ,1.000000
751.300000 ,3621448.816375 ,300.000000 ,0.000000
752.700000 ,3621602.788500 ,301.000000 ,1.000000
754.100000 ,3621602.788500 ,302.000000 ,1.000000
756.900000 ,3621612.464375 ,303.000000 ,1.000000
758.300000 ,3621601.170286 ,304.000000 ,1.000000
763.900000 ,3621652.696375 ,305.000000 ,0.000000
769.500000 ,3621611.058167 ,306.000000 ,1.000000
769.500000 ,3621586.122000 ,307.000000 ,1.000000
776.500000 ,3621612.957583 ,308.000000 ,1.000000
787.700000 ,3621600.177450 ,309.000000 ,1.000000
797.500000 ,3621604.445000 ,310.000000 ,1.000000
800.300000 ,3621595.307844 ,311.000000 ,1.000000
803.100000 ,3621599.034250 ,312.000000 ,1.000000
805.900000 ,3621409.936375 ,313.000000 ,0.000000
811.500000 ,3621569.356375 ,314.000000 ,0.000000
812.900000 ,3621588.313312 ,315.000000 ,1.000000
818.500000 ,3621467.476375 ,316.000000 ,0.000000
818.500000 ,3621604.617417 ,317.000000 ,1.000000
824.100000 ,3621604.617417 ,318.000000 ,1.000000
828.300000 ,3621417.136375 ,319.000000 ,0.000000
833.900000 ,3621588.313312 ,320.000000 ,1.000000
835.300000 ,3621588.313312 ,321.000000 ,1.000000
836.700000 ,3621605.312500 ,322.000000 ,1.000000
836.700000 ,3621689.416375 ,323.000000 ,0.000000
838.100000 ,3621594.851875 ,324.000000 ,1.000000
838.100000 ,3621587.563167 ,325.000000 ,1.000000
839.500000 ,3621584.924000 ,326.000000 ,1.000000
843.700000 ,3621584.924000 ,327.000000 ,1.000000
850.700000 ,3621502.996375 ,328.000000 ,0.000000
852.100000 ,3621596.583438 ,329.000000 ,1.000000
856.300000 ,3621592.291667 ,330.000000 ,1.000000
859.100000 ,3621606.224250 ,331.000000 ,1.000000
859.100000 ,3621598.534000 ,332.000000 ,1.000000
860.500000 ,3621656.416375 ,333.000000 ,0.000000
861.900000 ,3621582.824667 ,334.000000 ,1.000000
868.900000 ,3621593.860792 ,335.000000 ,1.000000
874.500000 ,3621587.768833 ,336.000000 ,1.000000
874.500000 ,3621586.516375 ,337.000000 ,0.000000
877.300000 ,3621582.824667 ,338.000000 ,1.000000
878.700000 ,3621593.539125 ,339.000000 ,1.000000
878.700000 ,3621589.982417 ,340.000000 ,1.000000
882.900000 ,3621599.705375 ,341.000000 ,1.000000
887.100000 ,3621593.224625 ,342.000000 ,1.000000
888.500000 ,3621589.749208 ,343.000000 ,1.000000
892.700000 ,3621593.860792 ,344.000000 ,1.000000
894.100000 ,3621593.539125 ,345.000000 ,1.000000
896.900000 ,3621596.345300 ,346.000000 ,1.000000
901.100000 ,3621582.025250 ,347.000000 ,1.000000
902.500000 ,3621593.224625 ,348.000000 ,1.000000
909.500000 ,3621581.618250 ,349.000000 ,1.000000
915.100000 ,3621581.538792 ,350.000000 ,1.000000
915.100000 ,3621689.116375 ,351.000000 ,0.000000
916.500000 ,3621582.374400 ,352.000000 ,1.000000
920.700000 ,3621591.823875 ,353.000000 ,1.000000
923.500000 ,3621591.823875 ,354.000000 ,1.000000
926.300000 ,3621581.592333 ,355.000000 ,1.000000
938.900000 ,3621582.374400 ,356.000000 ,1.000000
943.100000 ,3621601.642000 ,357.000000 ,1.000000
943.100000 ,3621580.214000 ,358.000000 ,1.000000
943.100000 ,3621612.376375 ,359.000000 ,0.000000
947.300000 ,3621579.855083 ,360.000000 ,1.000000
950.100000 ,3621596.840200 ,361.000000 ,1.000000
950.100000 ,3621689.116375 ,362.000000 ,0.000000
955.700000 ,3621601.642000 ,363.000000 ,1.000000
957.100000 ,3621582.885000 ,364.000000 ,1.000000
959.900000 ,3621579.358000 ,365.000000 ,1.000000
966.900000 ,3621590.485625 ,366.000000 ,1.000000
972.500000 ,3621590.964250 ,367.000000 ,1.000000
975.300000 ,3621589.153687 ,368.000000 ,1.000000
985.100000 ,3621591.989650 ,369.000000 ,1.000000
986.500000 ,3621587.796583 ,370.000000 ,1.000000
992.100000 ,3621514.876375 ,371.000000 ,0.000000
992.100000 ,3621590.964250 ,372.000000 ,1.000000
992.100000 ,3621582.807000 ,373.000000 ,1.000000
1006.100000 ,3621592.174393 ,374.000000 ,1.000000
1006.100000 ,3621585.492875 ,375.000000 ,1.000000
1008.900000 ,3621587.919875 ,376.000000 ,1.000000
1010.300000 ,3621602.279450 ,377.000000 ,1.000000
1013.100000 ,3621594.180562 ,378.000000 ,1.000000
1017.300000 ,3621602.279450 ,379.000000 ,1.000000
1017.300000 ,3621582.807000 ,380.000000 ,1.000000
1020.100000 ,3621586.493688 ,381.000000 ,1.000000
1021.500000 ,3621587.919875 ,382.000000 ,1.000000
1022.900000 ,3621637.276375 ,383.000000 ,0.000000
1024.300000 ,3621586.493688 ,384.000000 ,1.000000
1029.900000 ,3621586.493688 ,385.000000 ,1.000000
1034.100000 ,3621586.493688 ,386.000000 ,1.000000
1034.100000 ,3621583.760750 ,387.000000 ,1.000000
1038.300000 ,3621585.063500 ,388.000000 ,1.000000
1038.300000 ,3621576.498250 ,389.000000 ,1.000000
1039.700000 ,3621586.292250 ,390.000000 ,1.000000
1039.700000 ,3621583.760750 ,391.000000 ,1.000000
1041.100000 ,3621597.796375 ,392.000000 ,0.000000
1041.100000 ,3621655.336375 ,393.000000 ,0.000000
1042.500000 ,3621586.156000 ,394.000000 ,1.000000
1043.900000 ,3621576.498250 ,395.000000 ,1.000000
1046.700000 ,3621463.576375 ,396.000000 ,0.000000
1046.700000 ,3621589.725850 ,397.000000 ,1.000000
1046.700000 ,3621584.745125 ,398.000000 ,1.000000
1049.500000 ,3621581.007850 ,399.000000 ,1.000000
1053.700000 ,3621591.157917 ,400.000000 ,1.000000
1062.100000 ,3621585.577917 ,401.000000 ,1.000000
1064.900000 ,3621581.007850 ,402.000000 ,1.000000
1067.700000 ,3621584.745125 ,403.000000 ,1.000000
1069.100000 ,3621582.649000 ,404.000000 ,1.000000
1071.900000 ,3621480.376375 ,405.000000 ,0.000000
1073.300000 ,3621591.938312 ,406.000000 ,1.000000
1081.700000 ,3621587.631792 ,407.000000 ,1.000000
1090.100000 ,3621593.765708 ,408.000000 ,1.000000
1091.500000 ,3621591.938312 ,409.000000 ,1.000000
1101.300000 ,3621594.985583 ,410.000000 ,1.000000
1101.300000 ,3621591.938312 ,411.000000 ,1.000000
1105.500000 ,3621597.219750 ,412.000000 ,1.000000
1106.900000 ,3621591.524542 ,413.000000 ,1.000000
1108.300000 ,3621595.451563 ,414.000000 ,1.000000
1109.700000 ,3621589.390750 ,415.000000 ,1.000000
1109.700000 ,3621587.916750 ,416.000000 ,1.000000
1113.900000 ,3621593.765708 ,417.000000 ,1.000000
1113.900000 ,3621590.053813 ,418.000000 ,1.000000
1118.100000 ,3621595.286333 ,419.000000 ,1.000000
1123.700000 ,3621590.053813 ,420.000000 ,1.000000
1126.500000 ,3621583.158917 ,421.000000 ,1.000000
1127.900000 ,3621587.916750 ,422.000000 ,1.000000
1130.700000 ,3621584.501958 ,423.000000 ,1.000000
1132.100000 ,3621581.815875 ,424.000000 ,1.000000
1133.500000 ,3621590.358312 ,425.000000 ,1.000000
1133.500000 ,3621589.390750 ,426.000000 ,1.000000
1136.300000 ,3621587.778850 ,427.000000 ,1.000000
1136.300000 ,3621586.938583 ,428.000000 ,1.000000
1139.100000 ,3621584.501958 ,429.000000 ,1.000000
1140.500000 ,3621587.778850 ,430.000000 ,1.000000
1141.900000 ,3621589.016250 ,431.000000 ,1.000000
1143.300000 ,3621590.495812 ,432.000000 ,1.000000
1143.300000 ,3621581.591500 ,433.000000 ,1.000000
1144.700000 ,3621585.968417 ,434.000000 ,1.000000
1144.700000 ,3621584.501958 ,435.000000 ,1.000000
1144.700000 ,3621581.815875 ,436.000000 ,1.000000
1148.900000 ,3621424.396375 ,437.000000 ,0.000000
1151.700000 ,3621593.680750 ,438.000000 ,1.000000
1153.100000 ,3621588.595583 ,439.000000 ,1.000000
1155.900000 ,3621585.968417 ,440.000000 ,1.000000
1161.500000 ,3621590.495812 ,441.000000 ,1.000000
1162.900000 ,3621587.778850 ,442.000000 ,1.000000
1165.700000 ,3621588.595583 ,443.000000 ,1.000000
1169.900000 ,3621593.193800 ,444.000000 ,1.000000
1169.900000 ,3621588.595583 ,445.000000 ,1.000000
1176.900000 ,3621587.261583 ,446.000000 ,1.000000
1179.700000 ,3621426.076375 ,447.000000 ,0.000000
1181.100000 ,3621412.636375 ,448.000000 ,0.000000
1182.500000 ,3621591.716000 ,449.000000 ,1.000000
1182.500000 ,3621588.198042 ,450.000000 ,1.000000
1185.300000 ,3621591.716000 ,451.000000 ,1.000000
1186.700000 ,3621589.357917 ,452.000000 ,1.000000
1186.700000 ,3621586.868450 ,453.000000 ,1.000000
1188.100000 ,3621588.198042 ,454.000000 ,1.000000
1190.900000 ,3621594.374375 ,455.000000 ,1.000000
1192.300000 ,3621586.868450 ,456.000000 ,1.000000
1193.700000 ,3621589.357917 ,457.000000 ,1.000000
1196.500000 ,3621594.992250 ,458.000000 ,1.000000
1196.500000 ,3621588.198042 ,459.000000 ,1.000000
1200.700000 ,3621595.630167 ,460.000000 ,1.000000
1200.700000 ,3621589.357917 ,461.000000 ,1.000000
1209.100000 ,3621592.996375 ,462.000000 ,0.000000
1216.100000 ,3621657.796375 ,463.000000 ,0.000000
1218.900000 ,3621594.488500 ,464.000000 ,1.000000
1220.300000 ,3621592.237688 ,465.000000 ,1.000000
1220.300000 ,3621588.386417 ,466.000000 ,1.000000
1221.700000 ,3621587.019125 ,467.000000 ,1.000000
1224.500000 ,3621590.700500 ,468.000000 ,1.000000
1224.500000 ,3621589.396375 ,469.000000 ,0.000000
1225.900000 ,3621588.469562 ,470.000000 ,1.000000
1228.700000 ,3621589.982250 ,471.000000 ,1.000000
1230.100000 ,3621590.700500 ,472.000000 ,1.000000
1230.100000 ,3621586.201875 ,473.000000 ,1.000000
1234.300000 ,3621594.974250 ,474.000000 ,1.000000
1237.100000 ,3621592.237688 ,475.000000 ,1.000000
1238.500000 ,3621587.651250 ,476.000000 ,1.000000
1239.900000 ,3621594.974250 ,477.000000 ,1.000000
1239.900000 ,3621588.469562 ,478.000000 ,1.000000
1241.300000 ,3621587.168125 ,479.000000 ,1.000000
1242.700000 ,3621596.117750 ,480.000000 ,1.000000
1242.700000 ,3621587.168125 ,481.000000 ,1.000000
1249.700000 ,3621594.969417 ,482.000000 ,1.000000
1249.700000 ,3621590.224542 ,483.000000 ,1.000000
1251.100000 ,3621465.676375 ,484.000000 ,0.000000
1251.100000 ,3621596.117750 ,485.000000 ,1.000000
1252.500000 ,3621586.201875 ,486.000000 ,1.000000
1258.100000 ,3621587.168125 ,487.000000 ,1.000000
1263.700000 ,3621450.316375 ,488.000000 ,0.000000
1263.700000 ,3621587.801125 ,489.000000 ,1.000000
1265.100000 ,3621590.472250 ,490.000000 ,1.000000
1267.900000 ,3621590.472250 ,491.000000 ,1.000000
1269.300000 ,3621596.600375 ,492.000000 ,1.000000
1276.300000 ,3621588.607250 ,493.000000 ,1.000000
1279.100000 ,3621587.801125 ,494.000000 ,1.000000
1279.100000 ,3621586.965667 ,495.000000 ,1.000000
1283.300000 ,3621588.607250 ,496.000000 ,1.000000
1284.700000 ,3621587.536750 ,497.000000 ,1.000000
1286.100000 ,3621587.801125 ,498.000000 ,1.000000
1288.900000 ,3621591.157000 ,499.000000 ,1.000000
1290.300000 ,3621589.504375 ,500.000000 ,1.000000
1291.700000 ,3621588.038000 ,501.000000 ,1.000000
1293.100000 ,3621589.694167 ,502.000000 ,1.000000
1294.500000 ,3621587.776500 ,503.000000 ,1.000000
1297.300000 ,3621588.735333 ,504.000000 ,1.000000
1300.100000 ,3621590.653000 ,505.000000 ,1.000000
1300.100000 ,3621588.607250 ,506.000000 ,1.000000
1301.500000 ,3621590.653000 ,507.000000 ,1.000000
1302.900000 ,3621589.504375 ,508.000000 ,1.000000
1302.900000 ,3621588.735333 ,509.000000 ,1.000000
1304.300000 ,3621588.495500 ,510.000000 ,1.000000
1305.700000 ,3621589.694167 ,511.000000 ,1.000000
1305.700000 ,3621588.735333 ,512.000000 ,1.000000
1307.100000 ,3621588.609917 ,513.000000 ,1.000000
1308.500000 ,3621588.609917 ,514.000000 ,1.000000
1309.900000 ,3621649.696375 ,515.000000 ,0.000000
1311.300000 ,3621589.694167 ,516.000000 ,1.000000
1311.300000 ,3621588.609917 ,517.000000 ,1.000000
1316.900000 ,3621588.708500 ,518.000000 ,1.000000
1319.700000 ,3621588.708500 ,519.000000 ,1.000000
1328.100000 ,3621589.119500 ,520.000000 ,1.000000
1328.100000 ,3621588.797000 ,521.000000 ,1.000000
1329.500000 ,3621589.119500 ,522.000000 ,1.000000
1335.100000 ,3621635.116375 ,523.000000 ,0.000000
1343.500000 ,3621588.907062 ,524.000000 ,1.000000
1344.900000 ,3621589.119500 ,525.000000 ,1.000000
1350.500000 ,3621589.388500 ,526.000000 ,1.000000
1351.900000 ,3621589.312375 ,527.000000 ,1.000000
1353.300000 ,3621589.312375 ,528.000000 ,1.000000
1356.100000 ,3621589.801250 ,529.000000 ,1.000000
1357.500000 ,3621589.593500 ,530.000000 ,1.000000
1360.300000 ,3621589.593500 ,531.000000 ,1.000000
1363.100000 ,3621589.801250 ,532.000000 ,1.000000
1364.500000 ,3621589.467500 ,533.000000 ,1.000000
1367.300000 ,3621589.467500 ,534.000000 ,1.000000
1368.700000 ,3621673.096375 ,535.000000 ,0.000000
1370.100000 ,3621589.757500 ,536.000000 ,1.000000
1374.300000 ,3621620.836375 ,537.000000 ,0.000000
1377.100000 ,3621589.875750 ,538.000000 ,1.000000
1378.500000 ,3621589.875750 ,539.000000 ,1.000000
1378.500000 ,3621588.693734 ,540.000000 ,1.000000
1379.900000 ,3621589.875750 ,541.000000 ,1.000000
1381.300000 ,3621589.568250 ,542.000000 ,1.000000
1384.100000 ,3621586.329702 ,543.000000 ,1.000000
1391.100000 ,3621589.875750 ,544.000000 ,1.000000
1396.700000 ,3621586.920710 ,545.000000 ,1.000000
1399.500000 ,3621583.374661 ,546.000000 ,1.000000
1402.300000 ,3621583.965669 ,547.000000 ,1.000000
1406.500000 ,3621585.147685 ,548.000000 ,1.000000
1407.900000 ,3621664.276375 ,549.000000 ,0.000000
1416.300000 ,3621583.374661 ,550.000000 ,1.000000
1417.700000 ,3621583.965669 ,551.000000 ,1.000000
1421.900000 ,3621582.783653 ,552.000000 ,1.000000
1423.300000 ,3621583.374661 ,553.000000 ,1.000000
1424.700000 ,3621574.509540 ,554.000000 ,1.000000
1426.100000 ,3621582.192645 ,555.000000 ,1.000000
1427.500000 ,3621505.636375 ,556.000000 ,0.000000
1428.900000 ,3621576.282565 ,557.000000 ,1.000000
1431.700000 ,3621576.282565 ,558.000000 ,1.000000
1433.100000 ,3621578.055589 ,559.000000 ,1.000000
1434.500000 ,3621578.646597 ,560.000000 ,1.000000
1434.500000 ,3621572.145508 ,561.000000 ,1.000000
1437.300000 ,3621578.055589 ,562.000000 ,1.000000
1440.100000 ,3621573.335000 ,563.000000 ,1.000000
1441.500000 ,3621490.516375 ,564.000000 ,0.000000
1441.500000 ,3621557.896375 ,565.000000 ,0.000000
1444.300000 ,3621573.918532 ,566.000000 ,1.000000
1447.100000 ,3621573.335000 ,567.000000 ,1.000000
1448.500000 ,3621573.918532 ,568.000000 ,1.000000
1452.700000 ,3621575.100548 ,569.000000 ,1.000000
1454.100000 ,3621574.509540 ,570.000000 ,1.000000
1454.100000 ,3621573.335000 ,571.000000 ,1.000000
1458.300000 ,3621574.225250 ,572.000000 ,1.000000
1459.700000 ,3621574.225250 ,573.000000 ,1.000000
1459.700000 ,3621572.145508 ,574.000000 ,1.000000
1463.900000 ,3621574.225250 ,575.000000 ,1.000000
1465.300000 ,3621390.496375 ,576.000000 ,0.000000
1468.100000 ,3621572.889875 ,577.000000 ,1.000000
1470.900000 ,3621574.225250 ,578.000000 ,1.000000
1473.700000 ,3621574.225250 ,579.000000 ,1.000000
1475.100000 ,3621574.225250 ,580.000000 ,1.000000
1477.900000 ,3621574.225250 ,581.000000 ,1.000000
1479.300000 ,3621574.224617 ,582.000000 ,1.000000
1482.100000 ,3621574.223984 ,583.000000 ,1.000000
1486.300000 ,3621574.222086 ,584.000000 ,1.000000
1489.100000 ,3621440.416375 ,585.000000 ,0.000000
1489.100000 ,3621574.221453 ,586.000000 ,1.000000
1491.900000 ,3621574.220820 ,587.000000 ,1.000000
1493.300000 ,3621574.220188 ,588.000000 ,1.000000
1494.700000 ,3621574.219555 ,589.000000 ,1.000000
1496.100000 ,3621574.219555 ,590.000000 ,1.000000
1497.500000 ,3621574.218922 ,591.000000 ,1.000000
1498.900000 ,3621574.218289 ,592.000000 ,1.000000
1500.300000 ,3621513.856375 ,593.000000 ,0.000000
1507.300000 ,3621574.215758 ,594.000000 ,1.000000
1507.300000 ,3621659.356375 ,595.000000 ,0.000000
1511.500000 ,3621574.214492 ,596.000000 ,1.000000
1515.700000 ,3621574.213227 ,597.000000 ,1.000000
1518.500000 ,3621458.176375 ,598.000000 ,0.000000
1521.300000 ,3621574.211328 ,599.000000 ,1.000000
1522.700000 ,3621615.496375 ,600.000000 ,0.000000
1526.900000 ,3621574.209430 ,601.000000 ,1.000000
1533.900000 ,3621572.570042 ,602.000000 ,1.000000
1540.900000 ,3621573.473562 ,603.000000 ,1.000000
1542.300000 ,3621574.156500 ,604.000000 ,1.000000
1545.100000 ,3621572.570042 ,605.000000 ,1.000000
1546.500000 ,3621573.576250 ,606.000000 ,1.000000
1549.300000 ,3621573.777050 ,607.000000 ,1.000000
1553.500000 ,3621573.777050 ,608.000000 ,1.000000
1554.900000 ,3621573.777050 ,609.000000 ,1.000000
1554.900000 ,3621572.894542 ,610.000000 ,1.000000
1559.100000 ,3621573.777050 ,611.000000 ,1.000000
1561.900000 ,3621561.076375 ,612.000000 ,0.000000
1563.300000 ,3621573.777050 ,613.000000 ,1.000000
1567.500000 ,3621573.777050 ,614.000000 ,1.000000
1568.900000 ,3621572.523750 ,615.000000 ,1.000000
1570.300000 ,3621509.596375 ,616.000000 ,0.000000
1571.700000 ,3621572.523750 ,617.000000 ,1.000000
1573.100000 ,3621572.729500 ,618.000000 ,1.000000
1574.500000 ,3621482.596375 ,619.000000 ,0.000000
1578.700000 ,3621573.159687 ,620.000000 ,1.000000
1580.100000 ,3621573.777050 ,621.000000 ,1.000000
1581.500000 ,3621573.159687 ,622.000000 ,1.000000
1587.100000 ,3621573.210125 ,623.000000 ,1.000000
1588.500000 ,3621572.718063 ,624.000000 ,1.000000
1592.700000 ,3621573.210125 ,625.000000 ,1.000000
1592.700000 ,3621572.289469 ,626.000000 ,1.000000
1596.900000 ,3621532.756375 ,627.000000 ,0.000000
1598.300000 ,3621573.255188 ,628.000000 ,1.000000
1599.700000 ,3621573.685750 ,629.000000 ,1.000000
1606.700000 ,3621573.255188 ,630.000000 ,1.000000
1610.900000 ,3621574.044583 ,631.000000 ,1.000000
1612.300000 ,3621574.044583 ,632.000000 ,1.000000
1612.300000 ,3621572.524818 ,633.000000 ,1.000000
1615.100000 ,3621573.255188 ,634.000000 ,1.000000
1616.500000 ,3621574.086917 ,635.000000 ,1.000000
1619.300000 ,3621573.685750 ,636.000000 ,1.000000
1623.500000 ,3621575.503500 ,637.000000 ,1.000000
1624.900000 ,3621575.503500 ,638.000000 ,1.000000
1624.900000 ,3621574.086917 ,639.000000 ,1.000000
1626.300000 ,3621575.238500 ,640.000000 ,1.000000
1626.300000 ,3621574.086917 ,641.000000 ,1.000000
1627.700000 ,3621574.086917 ,642.000000 ,1.000000
1629.100000 ,3621573.865600 ,643.000000 ,1.000000
1633.300000 ,3621574.836650 ,644.000000 ,1.000000
1637.500000 ,3621440.956375 ,645.000000 ,0.000000
1637.500000 ,3621574.086917 ,646.000000 ,1.000000
1640.300000 ,3621514.516375 ,647.000000 ,0.000000
1641.700000 ,3621575.238500 ,648.000000 ,1.000000
1641.700000 ,3621574.570125 ,649.000000 ,1.000000
1643.100000 ,3621575.238500 ,650.000000 ,1.000000
1658.500000 ,3621573.825033 ,651.000000 ,1.000000
1659.900000 ,3621574.551417 ,652.000000 ,1.000000
1662.700000 ,3621573.406859 ,653.000000 ,1.000000
1671.100000 ,3621574.347750 ,654.000000 ,1.000000
1671.100000 ,3621573.825033 ,655.000000 ,1.000000
1672.500000 ,3621573.511402 ,656.000000 ,1.000000
1675.300000 ,3621573.825033 ,657.000000 ,1.000000
1682.300000 ,3621572.988685 ,658.000000 ,1.000000
1683.700000 ,3621573.615946 ,659.000000 ,1.000000
1690.700000 ,3621572.152337 ,660.000000 ,1.000000
1693.500000 ,3621573.406859 ,661.000000 ,1.000000
1696.300000 ,3621572.570511 ,662.000000 ,1.000000
1697.700000 ,3621572.361424 ,663.000000 ,1.000000
1701.900000 ,3621572.152337 ,664.000000 ,1.000000
1704.700000 ,3621572.779598 ,665.000000 ,1.000000
1707.500000 ,3621572.065850 ,666.000000 ,1.000000
1708.900000 ,3621572.570511 ,667.000000 ,1.000000
1711.700000 ,3621572.256880 ,668.000000 ,1.000000
1714.500000 ,3621572.256880 ,669.000000 ,1.000000
1715.900000 ,3621572.256880 ,670.000000 ,1.000000
1717.300000 ,3621572.152337 ,671.000000 ,1.000000
1720.100000 ,3621428.836375 ,672.000000 ,0.000000
1720.100000 ,3621572.096500 ,673.000000 ,1.000000
1721.500000 ,3621572.096500 ,674.000000 ,1.000000
1725.700000 ,3621572.096500 ,675.000000 ,1.000000
1727.100000 ,3621572.096500 ,676.000000 ,1.000000
1729.900000 ,3621572.096500 ,677.000000 ,1.000000
1731.300000 ,3621572.096500 ,678.000000 ,1.000000
1739.700000 ,3621572.072971 ,679.000000 ,1.000000
1741.100000 ,3621572.067088 ,680.000000 ,1.000000
1742.500000 ,3621572.061206 ,681.000000 ,1.000000
1748.100000 ,3621572.049441 ,682.000000 ,1.000000
1752.300000 ,3621572.031794 ,683.000000 ,1.000000
1753.700000 ,3621572.031794 ,684.000000 ,1.000000
1755.100000 ,3621401.776375 ,685.000000 ,0.000000
1755.100000 ,3621572.025912 ,686.000000 ,1.000000
1755.100000 ,3621643.996375 ,687.000000 ,0.000000
1756.500000 ,3621572.020029 ,688.000000 ,1.000000
1760.700000 ,3621572.008265 ,689.000000 ,1.000000
1763.500000 ,3621572.002382 ,690.000000 ,1.000000
1766.300000 ,3621571.990618 ,691.000000 ,1.000000
1773.300000 ,3621571.972971 ,692.000000 ,1.000000
1774.700000 ,3621571.967088 ,693.000000 ,1.000000
1778.900000 ,3621571.955324 ,694.000000 ,1.000000
1783.100000 ,3621571.943559 ,695.000000 ,1.000000
1784.500000 ,3621571.945000 ,696.000000 ,1.000000
1797.100000 ,3621571.977333 ,697.000000 ,1.000000
1799.900000 ,3621571.988111 ,698.000000 ,1.000000
1808.300000 ,3621440.416375 ,699.000000 ,0.000000
1809.700000 ,3621571.993500 ,700.000000 ,1.000000
1809.700000 ,3621571.437250 ,701.000000 ,1.000000
1811.100000 ,3621571.993500 ,702.000000 ,1.000000
1812.500000 ,3621571.993500 ,703.000000 ,1.000000
1819.500000 ,3621571.437250 ,704.000000 ,1.000000
1827.900000 ,3621571.993500 ,705.000000 ,1.000000
1829.300000 ,3621571.993500 ,706.000000 ,1.000000
1830.700000 ,3621571.298250 ,707.000000 ,1.000000
1833.500000 ,3621571.000214 ,708.000000 ,1.000000
1840.500000 ,3621571.298250 ,709.000000 ,1.000000
1841.900000 ,3621571.476500 ,710.000000 ,1.000000
1841.900000 ,3621570.688850 ,711.000000 ,1.000000
1847.500000 ,3621570.717400 ,712.000000 ,1.000000
1850.300000 ,3621571.476500 ,713.000000 ,1.000000
1853.100000 ,3621571.568500 ,714.000000 ,1.000000
1854.500000 ,3621571.568500 ,715.000000 ,1.000000
1857.300000 ,3621501.736375 ,716.000000 ,0.000000
1857.300000 ,3621569.884250 ,717.000000 ,1.000000
1872.700000 ,3621570.950700 ,718.000000 ,1.000000
1875.500000 ,3621571.135750 ,719.000000 ,1.000000
1876.900000 ,3621571.706063 ,720.000000 ,1.000000
1878.300000 ,3621571.100625 ,721.000000 ,1.000000
1885.300000 ,3621571.706063 ,722.000000 ,1.000000
1885.300000 ,3621571.135750 ,723.000000 ,1.000000
1886.700000 ,3621571.706063 ,724.000000 ,1.000000
1889.500000 ,3621483.376375 ,725.000000 ,0.000000
1889.500000 ,3621569.228950 ,726.000000 ,1.000000
1892.300000 ,3621570.895250 ,727.000000 ,1.000000
1893.700000 ,3621571.306000 ,728.000000 ,1.000000
1897.900000 ,3621569.228950 ,729.000000 ,1.000000
1903.500000 ,3621478.276375 ,730.000000 ,0.000000
1909.100000 ,3621570.041050 ,731.000000 ,1.000000
1910.500000 ,3621568.450250 ,732.000000 ,1.000000
1913.300000 ,3621569.228950 ,733.000000 ,1.000000
1913.300000 ,3621567.604750 ,734.000000 ,1.000000
1916.100000 ,3621568.805875 ,735.000000 ,1.000000
1917.500000 ,3621568.611812 ,736.000000 ,1.000000
1925.900000 ,3621568.805875 ,737.000000 ,1.000000
1928.700000 ,3621568.611812 ,738.000000 ,1.000000
1930.100000 ,3621568.611812 ,739.000000 ,1.000000
1937.100000 ,3621568.450250 ,740.000000 ,1.000000
1939.900000 ,3621568.450250 ,741.000000 ,1.000000
1944.100000 ,3621568.444432 ,742.000000 ,1.000000
1948.300000 ,3621568.435705 ,743.000000 ,1.000000
1955.300000 ,3621568.426977 ,744.000000 ,1.000000
1956.700000 ,3621516.676375 ,745.000000 ,0.000000
1960.900000 ,3621568.418250 ,746.000000 ,1.000000
1963.700000 ,3621568.415341 ,747.000000 ,1.000000
1966.500000 ,3621568.409523 ,748.000000 ,1.000000
1970.700000 ,3621568.403705 ,749.000000 ,1.000000
1972.100000 ,3621568.403705 ,750.000000 ,1.000000
1973.500000 ,3621568.400795 ,751.000000 ,1.000000
1976.300000 ,3621568.396550 ,752.000000 ,1.000000
1980.500000 ,3621568.438850 ,753.000000 ,1.000000
1988.900000 ,3621568.460000 ,754.000000 ,1.000000
1991.700000 ,3621568.460000 ,755.000000 ,1.000000
1993.100000 ,3621567.532167 ,756.000000 ,1.000000
1994.500000 ,3621568.460000 ,757.000000 ,1.000000
1995.900000 ,3621567.764125 ,758.000000 ,1.000000
1997.300000 ,3621567.996083 ,759.000000 ,1.000000
2002.900000 ,3621568.729250 ,760.000000 ,1.000000
2004.300000 ,3621568.729250 ,761.000000 ,1.000000
2011.300000 ,3621568.553500 ,762.000000 ,1.000000
2015.500000 ,3621438.796375 ,763.000000 ,0.000000
2019.700000 ,3621568.202000 ,764.000000 ,1.000000
2021.100000 ,3621604.156375 ,765.000000 ,0.000000
2022.500000 ,3621568.377750 ,766.000000 ,1.000000
2023.900000 ,3621568.553500 ,767.000000 ,1.000000
2023.900000 ,3621567.674750 ,768.000000 ,1.000000
2026.700000 ,3621568.377750 ,769.000000 ,1.000000
2028.100000 ,3621567.323250 ,770.000000 ,1.000000
2029.500000 ,3621521.716375 ,771.000000 ,0.000000
2030.900000 ,3621567.147500 ,772.000000 ,1.000000
2037.900000 ,3621567.147500 ,773.000000 ,1.000000
2039.300000 ,3621566.971750 ,774.000000 ,1.000000
2042.100000 ,3621567.147500 ,775.000000 ,1.000000
2046.300000 ,3621390.316375 ,776.000000 ,0.000000
2046.300000 ,3621568.023850 ,777.000000 ,1.000000
2053.300000 ,3621568.791583 ,778.000000 ,1.000000
2056.100000 ,3621392.176375 ,779.000000 ,0.000000
2058.900000 ,3621562.794750 ,780.000000 ,1.000000
2060.300000 ,3621635.956375 ,781.000000 ,0.000000
2063.100000 ,3621568.816500 ,782.000000 ,1.000000
2064.500000 ,3621412.996375 ,783.000000 ,0.000000
2081.300000 ,3621569.119250 ,784.000000 ,1.000000
2082.700000 ,3621568.306792 ,785.000000 ,1.000000
2085.500000 ,3621567.372938 ,786.000000 ,1.000000
2091.100000 ,3621568.972500 ,787.000000 ,1.000000
2092.500000 ,3621568.816500 ,788.000000 ,1.000000
2092.500000 ,3621567.372938 ,789.000000 ,1.000000
2095.300000 ,3621568.306792 ,790.000000 ,1.000000
2099.500000 ,3621586.456375 ,791.000000 ,0.000000
2100.900000 ,3621568.226867 ,792.000000 ,1.000000
2117.700000 ,3621418.876375 ,793.000000 ,0.000000
2117.700000 ,3621567.508650 ,794.000000 ,1.000000
2119.100000 ,3621567.854050 ,795.000000 ,1.000000
2120.500000 ,3621545.056375 ,796.000000 ,0.000000
2121.900000 ,3621568.599683 ,797.000000 ,1.000000
2123.300000 ,3621567.854050 ,798.000000 ,1.000000
2124.700000 ,3621567.822500 ,799.000000 ,1.000000
2126.100000 ,3621566.800875 ,800.000000 ,1.000000
2127.500000 ,3621567.854050 ,801.000000 ,1.000000
2130.300000 ,3621567.822500 ,802.000000 ,1.000000
2130.300000 ,3621567.147000 ,803.000000 ,1.000000
2131.700000 ,3621566.567100 ,804.000000 ,1.000000
2133.100000 ,3621566.800875 ,805.000000 ,1.000000
2135.900000 ,3621567.508650 ,806.000000 ,1.000000
2135.900000 ,3621566.454750 ,807.000000 ,1.000000
2137.300000 ,3621406.936375 ,808.000000 ,0.000000
2137.300000 ,3621567.822500 ,809.000000 ,1.000000
2145.700000 ,3621566.402028 ,810.000000 ,1.000000
2149.900000 ,3621565.980250 ,811.000000 ,1.000000
2151.300000 ,3621567.147000 ,812.000000 ,1.000000
2156.900000 ,3621566.454750 ,813.000000 ,1.000000
2159.700000 ,3621565.980250 ,814.000000 ,1.000000
2161.100000 ,3621566.138417 ,815.000000 ,1.000000
2165.300000 ,3621568.456375 ,816.000000 ,0.000000
2168.100000 ,3621565.822083 ,817.000000 ,1.000000
2170.900000 ,3621566.085694 ,818.000000 ,1.000000
2173.700000 ,3621566.032972 ,819.000000 ,1.000000
2176.500000 ,3621565.558472 ,820.000000 ,1.000000
2179.300000 ,3621565.769361 ,821.000000 ,1.000000
2184.900000 ,3621565.558472 ,822.000000 ,1.000000
2189.100000 ,3621565.611194 ,823.000000 ,1.000000
2194.700000 ,3621397.396375 ,824.000000 ,0.000000
2194.700000 ,3621565.347583 ,825.000000 ,1.000000
2197.500000 ,3621448.636375 ,826.000000 ,0.000000
2197.500000 ,3621565.083972 ,827.000000 ,1.000000
2201.700000 ,3621564.978528 ,828.000000 ,1.000000
2211.500000 ,3621564.609472 ,829.000000 ,1.000000
2214.300000 ,3621564.451306 ,830.000000 ,1.000000
2219.900000 ,3621564.662194 ,831.000000 ,1.000000
2221.300000 ,3621564.714917 ,832.000000 ,1.000000
2225.500000 ,3621564.504028 ,833.000000 ,1.000000
2240.900000 ,3621564.240417 ,834.000000 ,1.000000
2240.900000 ,3621564.029528 ,835.000000 ,1.000000
2243.700000 ,3621563.765917 ,836.000000 ,1.000000
2245.100000 ,3621397.876375 ,837.000000 ,0.000000
2253.500000 ,3621563.096650 ,838.000000 ,1.000000
2256.300000 ,3621563.607750 ,839.000000 ,1.000000
2257.700000 ,3621563.818639 ,840.000000 ,1.000000
2257.700000 ,3621563.096650 ,841.000000 ,1.000000
2263.300000 ,3621563.339850 ,842.000000 ,1.000000
2266.100000 ,3621562.184550 ,843.000000 ,1.000000
2268.900000 ,3621562.210975 ,844.000000 ,1.000000
2271.700000 ,3621562.158125 ,845.000000 ,1.000000
2274.500000 ,3621562.290250 ,846.000000 ,1.000000
2278.700000 ,3621562.237400 ,847.000000 ,1.000000
2280.100000 ,3621562.369525 ,848.000000 ,1.000000
2284.300000 ,3621562.422375 ,849.000000 ,1.000000
2287.100000 ,3621562.448800 ,850.000000 ,1.000000
2291.300000 ,3621562.528075 ,851.000000 ,1.000000
2292.700000 ,3621562.528075 ,852.000000 ,1.000000
2294.100000 ,3621562.554500 ,853.000000 ,1.000000
2296.900000 ,3621589.576375 ,854.000000 ,0.000000
2298.300000 ,3621562.607350 ,855.000000 ,1.000000
2303.900000 ,3621562.528075 ,856.000000 ,1.000000
2305.300000 ,3621562.713050 ,857.000000 ,1.000000
2306.700000 ,3621663.556375 ,858.000000 ,0.000000
2308.100000 ,3621534.196375 ,859.000000 ,0.000000
2309.500000 ,3621562.765900 ,860.000000 ,1.000000
2310.900000 ,3621417.436375 ,861.000000 ,0.000000
2312.300000 ,3621562.792325 ,862.000000 ,1.000000
2313.700000 ,3621562.818750 ,863.000000 ,1.000000
2315.100000 ,3621688.336375 ,864.000000 ,0.000000
2323.500000 ,3621562.898025 ,865.000000 ,1.000000
2326.300000 ,3621562.977300 ,866.000000 ,1.000000
2327.700000 ,3621563.003725 ,867.000000 ,1.000000
2329.100000 ,3621562.898025 ,868.000000 ,1.000000
2330.500000 ,3621562.765900 ,869.000000 ,1.000000
2334.700000 ,3621562.924450 ,870.000000 ,1.000000
2336.100000 ,3621563.132193 ,871.000000 ,1.000000
2338.900000 ,3621563.132193 ,872.000000 ,1.000000
2343.100000 ,3621535.816375 ,873.000000 ,0.000000
2345.900000 ,3621563.378159 ,874.000000 ,1.000000
2350.100000 ,3621563.181386 ,875.000000 ,1.000000
2354.300000 ,3621563.279773 ,876.000000 ,1.000000
2355.700000 ,3621526.876375 ,877.000000 ,0.000000
2355.700000 ,3621563.132193 ,878.000000 ,1.000000
2373.900000 ,3621563.968477 ,879.000000 ,1.000000
2375.300000 ,3621564.116057 ,880.000000 ,1.000000
2376.700000 ,3621563.574932 ,881.000000 ,1.000000
2378.100000 ,3621564.066864 ,882.000000 ,1.000000
2387.900000 ,3621564.165250 ,883.000000 ,1.000000
2394.900000 ,3621686.656375 ,884.000000 ,0.000000
2397.700000 ,3621564.191700 ,885.000000 ,1.000000
2401.900000 ,3621564.117750 ,886.000000 ,1.000000
2404.700000 ,3621564.117750 ,887.000000 ,1.000000
2406.100000 ,3621564.072050 ,888.000000 ,1.000000
2410.300000 ,3621564.311350 ,889.000000 ,1.000000
2415.900000 ,3621563.880250 ,890.000000 ,1.000000
2420.100000 ,3621564.909600 ,891.000000 ,1.000000
2420.100000 ,3621626.776375 ,892.000000 ,0.000000
2422.900000 ,3621565.627500 ,893.000000 ,1.000000
2422.900000 ,3621604.936375 ,894.000000 ,0.000000
2424.300000 ,3621563.952400 ,895.000000 ,1.000000
2425.700000 ,3621565.148900 ,896.000000 ,1.000000
2425.700000 ,3621564.670300 ,897.000000 ,1.000000
2427.100000 ,3621565.388200 ,898.000000 ,1.000000
2429.900000 ,3621566.106100 ,899.000000 ,1.000000
2431.300000 ,3621565.388200 ,900.000000 ,1.000000
2432.700000 ,3621449.236375 ,901.000000 ,0.000000
2442.500000 ,3621545.716375 ,902.000000 ,0.000000
2442.500000 ,3621565.747150 ,903.000000 ,1.000000
2445.300000 ,3621566.225750 ,904.000000 ,1.000000
2450.900000 ,3621566.225750 ,905.000000 ,1.000000
2452.300000 ,3621565.949750 ,906.000000 ,1.000000
2452.300000 ,3621600.856375 ,907.000000 ,0.000000
2456.500000 ,3621520.456375 ,908.000000 ,0.000000
2456.500000 ,3621565.949750 ,909.000000 ,1.000000
2460.700000 ,3621565.585250 ,910.000000 ,1.000000
2462.100000 ,3621564.524000 ,911.000000 ,1.000000
2462.100000 ,3621660.976375 ,912.000000 ,0.000000
2464.900000 ,3621565.884750 ,913.000000 ,1.000000
2464.900000 ,3621564.928833 ,914.000000 ,1.000000
2466.300000 ,3621564.928833 ,915.000000 ,1.000000
2467.700000 ,3621566.079750 ,916.000000 ,1.000000
2474.700000 ,3621564.928833 ,917.000000 ,1.000000
2476.100000 ,3621565.839667 ,918.000000 ,1.000000
2477.500000 ,3621566.467000 ,919.000000 ,1.000000
2477.500000 ,3621564.928833 ,920.000000 ,1.000000
2478.900000 ,3621566.159500 ,921.000000 ,1.000000
2480.300000 ,3621564.170250 ,922.000000 ,1.000000
2481.700000 ,3621566.159500 ,923.000000 ,1.000000
2484.500000 ,3621564.170250 ,924.000000 ,1.000000
2487.300000 ,3621566.159500 ,925.000000 ,1.000000
2491.500000 ,3621566.316750 ,926.000000 ,1.000000
2491.500000 ,3621564.159750 ,927.000000 ,1.000000
2492.900000 ,3621447.796375 ,928.000000 ,0.000000
2492.900000 ,3621565.263125 ,929.000000 ,1.000000
2499.900000 ,3621566.042083 ,930.000000 ,1.000000
2499.900000 ,3621565.565417 ,931.000000 ,1.000000
2502.700000 ,3621566.159500 ,932.000000 ,1.000000
2511.100000 ,3621565.109000 ,933.000000 ,1.000000
2513.900000 ,3621566.042083 ,934.000000 ,1.000000
2520.900000 ,3621563.785250 ,935.000000 ,1.000000
2523.700000 ,3621634.216375 ,936.000000 ,0.000000
2525.100000 ,3621560.907083 ,937.000000 ,1.000000
2526.500000 ,3621565.351000 ,938.000000 ,1.000000
2530.700000 ,3621565.109000 ,939.000000 ,1.000000
2532.100000 ,3621565.565417 ,940.000000 ,1.000000
2532.100000 ,3621563.785250 ,941.000000 ,1.000000
2534.900000 ,3621565.009167 ,942.000000 ,1.000000
2536.300000 ,3621565.109000 ,943.000000 ,1.000000
2539.100000 ,3621564.930312 ,944.000000 ,1.000000
2540.500000 ,3621504.316375 ,945.000000 ,0.000000
2540.500000 ,3621564.826500 ,946.000000 ,1.000000
2543.300000 ,3621564.451906 ,947.000000 ,1.000000
2544.700000 ,3621456.676375 ,948.000000 ,0.000000
2550.300000 ,3621565.009167 ,949.000000 ,1.000000
2550.300000 ,3621563.919188 ,950.000000 ,1.000000
2551.700000 ,3621565.009167 ,951.000000 ,1.000000
2554.500000 ,3621564.515167 ,952.000000 ,1.000000
2555.900000 ,3621564.265000 ,953.000000 ,1.000000
2557.300000 ,3621564.930312 ,954.000000 ,1.000000
2557.300000 ,3621669.436375 ,955.000000 ,0.000000
2560.100000 ,3621565.705938 ,956.000000 ,1.000000
2560.100000 ,3621564.124875 ,957.000000 ,1.000000
2564.300000 ,3621564.045500 ,958.000000 ,1.000000
2565.700000 ,3621562.831125 ,959.000000 ,1.000000
2575.500000 ,3621564.135156 ,960.000000 ,1.000000
2581.100000 ,3621465.916375 ,961.000000 ,0.000000
2582.500000 ,3621556.961750 ,962.000000 ,1.000000
2583.900000 ,3621564.265000 ,963.000000 ,1.000000
2589.500000 ,3621563.961750 ,964.000000 ,1.000000
2593.700000 ,3621561.946100 ,965.000000 ,1.000000
2604.900000 ,3621567.016375 ,966.000000 ,0.000000
2606.300000 ,3621561.946100 ,967.000000 ,1.000000
2609.100000 ,3621562.525083 ,968.000000 ,1.000000
2616.100000 ,3621562.525083 ,969.000000 ,1.000000
2630.100000 ,3621561.996125 ,970.000000 ,1.000000
2631.500000 ,3621562.143458 ,971.000000 ,1.000000
2634.300000 ,3621562.744900 ,972.000000 ,1.000000
2637.100000 ,3621561.220750 ,973.000000 ,1.000000
2639.900000 ,3621562.634417 ,974.000000 ,1.000000
2639.900000 ,3621561.437917 ,975.000000 ,1.000000
2644.100000 ,3621561.270250 ,976.000000 ,1.000000
2648.300000 ,3621561.270250 ,977.000000 ,1.000000
2649.700000 ,3621559.036375 ,978.000000 ,0.000000
2649.700000 ,3621562.434000 ,979.000000 ,1.000000
2651.100000 ,3621561.006250 ,980.000000 ,1.000000
2656.700000 ,3621561.437917 ,981.000000 ,1.000000
2659.500000 ,3621561.270250 ,982.000000 ,1.000000
2662.300000 ,3621561.270250 ,983.000000 ,1.000000
2666.500000 ,3621561.270250 ,984.000000 ,1.000000
2667.900000 ,3621560.624900 ,985.000000 ,1.000000
2669.300000 ,3621561.270250 ,986.000000 ,1.000000
2669.300000 ,3621560.408187 ,987.000000 ,1.000000
2670.700000 ,3621561.270250 ,988.000000 ,1.000000
2673.500000 ,3621588.916375 ,989.000000 ,0.000000
2679.100000 ,3621560.039500 ,990.000000 ,1.000000
2681.900000 ,3621562.219000 ,991.000000 ,1.000000
2681.900000 ,3621561.468125 ,992.000000 ,1.000000
2683.300000 ,3621559.851875 ,993.000000 ,1.000000
2691.700000 ,3621560.208500 ,994.000000 ,1.000000
2693.100000 ,3621560.920750 ,995.000000 ,1.000000
2694.500000 ,3621571.756375 ,996.000000 ,0.000000
2694.500000 ,3621562.219000 ,997.000000 ,1.000000
2698.700000 ,3621561.095667 ,998.000000 ,1.000000
2698.700000 ,3621560.802750 ,999.000000 ,1.000000
2700.100000 ,3621561.242125 ,1000.000000 ,1.000000
2701.500000 ,3621560.949208 ,1001.000000 ,1.000000
2709.900000 ,3621561.242125 ,1002.000000 ,1.000000
2709.900000 ,3621560.152000 ,1003.000000 ,1.000000
2719.700000 ,3621430.336375 ,1004.000000 ,0.000000
2719.700000 ,3621561.023173 ,1005.000000 ,1.000000
2721.100000 ,3621561.121200 ,1006.000000 ,1.000000
2723.900000 ,3621561.242125 ,1007.000000 ,1.000000
2729.500000 ,3621561.023173 ,1008.000000 ,1.000000
2730.900000 ,3621557.536375 ,1009.000000 ,0.000000
2730.900000 ,3621561.242125 ,1010.000000 ,1.000000
2739.300000 ,3621561.208464 ,1011.000000 ,1.000000
2742.100000 ,3621561.208464 ,1012.000000 ,1.000000
2744.900000 ,3621557.888179 ,1013.000000 ,1.000000
2747.700000 ,3621560.793429 ,1014.000000 ,1.000000
2747.700000 ,3621558.303214 ,1015.000000 ,1.000000
2747.700000 ,3621556.805750 ,1016.000000 ,1.000000
2749.100000 ,3621560.793429 ,1017.000000 ,1.000000
2751.900000 ,3621559.548321 ,1018.000000 ,1.000000
2754.700000 ,3621485.776375 ,1019.000000 ,0.000000
2757.500000 ,3621558.303214 ,1020.000000 ,1.000000
2761.700000 ,3621557.888179 ,1021.000000 ,1.000000
2763.100000 ,3621557.058107 ,1022.000000 ,1.000000
2764.500000 ,3621557.375167 ,1023.000000 ,1.000000
2765.900000 ,3621557.163500 ,1024.000000 ,1.000000
2768.700000 ,3621557.888179 ,1025.000000 ,1.000000
2770.100000 ,3621557.269333 ,1026.000000 ,1.000000
2771.500000 ,3621413.836375 ,1027.000000 ,0.000000
2771.500000 ,3621557.798500 ,1028.000000 ,1.000000
2772.900000 ,3621557.269333 ,1029.000000 ,1.000000
2774.300000 ,3621557.586833 ,1030.000000 ,1.000000
2775.700000 ,3621557.269333 ,1031.000000 ,1.000000
2781.300000 ,3621557.798500 ,1032.000000 ,1.000000
2782.700000 ,3621557.375167 ,1033.000000 ,1.000000
2789.700000 ,3621557.481000 ,1034.000000 ,1.000000
2792.500000 ,3621401.956375 ,1035.000000 ,0.000000
2792.500000 ,3621560.458250 ,1036.000000 ,1.000000
2802.300000 ,3621589.516375 ,1037.000000 ,0.000000
2813.500000 ,3621560.347750 ,1038.000000 ,1.000000
2814.900000 ,3621558.897083 ,1039.000000 ,1.000000
2814.900000 ,3621558.225550 ,1040.000000 ,1.000000
2814.900000 ,3621557.386133 ,1041.000000 ,1.000000
2816.300000 ,3621558.393433 ,1042.000000 ,1.000000
2821.900000 ,3621559.064967 ,1043.000000 ,1.000000
2826.100000 ,3621558.393433 ,1044.000000 ,1.000000
2827.500000 ,3621558.897083 ,1045.000000 ,1.000000
2835.900000 ,3621559.400733 ,1046.000000 ,1.000000
2837.300000 ,3621559.736500 ,1047.000000 ,1.000000
2838.700000 ,3621559.736500 ,1048.000000 ,1.000000
2840.100000 ,3621557.658900 ,1049.000000 ,1.000000
2841.500000 ,3621557.754975 ,1050.000000 ,1.000000
2842.900000 ,3621559.736500 ,1051.000000 ,1.000000
2844.300000 ,3621559.736500 ,1052.000000 ,1.000000
2844.300000 ,3621557.851050 ,1053.000000 ,1.000000
2847.100000 ,3621559.232850 ,1054.000000 ,1.000000
2847.100000 ,3621558.575750 ,1055.000000 ,1.000000
2851.300000 ,3621428.656375 ,1056.000000 ,0.000000
2852.700000 ,3621557.851050 ,1057.000000 ,1.000000
2854.100000 ,3621559.040050 ,1058.000000 ,1.000000
2855.500000 ,3621456.436375 ,1059.000000 ,0.000000
2855.500000 ,3621537.616375 ,1060.000000 ,0.000000
2855.500000 ,3621557.947125 ,1061.000000 ,1.000000
2856.900000 ,3621416.356375 ,1062.000000 ,0.000000
2858.300000 ,3621557.947125 ,1063.000000 ,1.000000
2862.500000 ,3621556.095375 ,1064.000000 ,1.000000
2863.900000 ,3621556.349750 ,1065.000000 ,1.000000
2865.300000 ,3621557.947125 ,1066.000000 ,1.000000
2866.700000 ,3621557.947125 ,1067.000000 ,1.000000
2868.100000 ,3621557.947125 ,1068.000000 ,1.000000
2870.900000 ,3621557.947125 ,1069.000000 ,1.000000
2875.100000 ,3621558.428875 ,1070.000000 ,1.000000
2880.700000 ,3621556.653125 ,1071.000000 ,1.000000
2880.700000 ,3621555.051437 ,1072.000000 ,1.000000
2883.500000 ,3621555.051437 ,1073.000000 ,1.000000
2889.100000 ,3621555.051437 ,1074.000000 ,1.000000
2894.700000 ,3621553.886500 ,1075.000000 ,1.000000
2896.100000 ,3621555.696125 ,1076.000000 ,1.000000
2900.300000 ,3621513.496375 ,1077.000000 ,0.000000
2901.700000 ,3621555.758125 ,1078.000000 ,1.000000
2907.300000 ,3621557.166042 ,1079.000000 ,1.000000
2908.700000 ,3621557.166042 ,1080.000000 ,1.000000
2912.900000 ,3621557.166042 ,1081.000000 ,1.000000
2914.300000 ,3621530.536375 ,1082.000000 ,0.000000
2914.300000 ,3621557.166042 ,1083.000000 ,1.000000
2915.700000 ,3621410.236375 ,1084.000000 ,0.000000
2915.700000 ,3621558.072500 ,1085.000000 ,1.000000
2915.700000 ,3621557.695667 ,1086.000000 ,1.000000
2917.100000 ,3621558.072500 ,1087.000000 ,1.000000
2922.700000 ,3621559.205167 ,1088.000000 ,1.000000
2922.700000 ,3621657.796375 ,1089.000000 ,0.000000
2925.500000 ,3621556.259583 ,1090.000000 ,1.000000
2926.900000 ,3621557.244875 ,1091.000000 ,1.000000
2929.700000 ,3621559.320500 ,1092.000000 ,1.000000
2931.100000 ,3621559.320500 ,1093.000000 ,1.000000
2932.500000 ,3621559.320500 ,1094.000000 ,1.000000
2932.500000 ,3621558.065607 ,1095.000000 ,1.000000
2933.900000 ,3621559.320500 ,1096.000000 ,1.000000
2940.900000 ,3621559.320500 ,1097.000000 ,1.000000
2943.700000 ,3621556.293625 ,1098.000000 ,1.000000
2946.500000 ,3621559.320500 ,1099.000000 ,1.000000
2949.300000 ,3621559.320500 ,1100.000000 ,1.000000
2952.100000 ,3621555.830000 ,1101.000000 ,1.000000
2957.700000 ,3621559.205000 ,1102.000000 ,1.000000
2957.700000 ,3621557.220875 ,1103.000000 ,1.000000
2959.100000 ,3621557.684500 ,1104.000000 ,1.000000
2961.900000 ,3621558.065607 ,1105.000000 ,1.000000
2963.300000 ,3621557.220875 ,1106.000000 ,1.000000
2967.500000 ,3621557.845875 ,1107.000000 ,1.000000
2971.700000 ,3621557.881000 ,1108.000000 ,1.000000
2971.700000 ,3621557.220875 ,1109.000000 ,1.000000
2973.100000 ,3621557.881000 ,1110.000000 ,1.000000
2975.900000 ,3621557.881000 ,1111.000000 ,1.000000
2977.300000 ,3621557.810750 ,1112.000000 ,1.000000
2980.100000 ,3621415.696375 ,1113.000000 ,0.000000
2980.100000 ,3621557.881000 ,1114.000000 ,1.000000
2981.500000 ,3621557.881000 ,1115.000000 ,1.000000
2982.900000 ,3621640.816375 ,1116.000000 ,0.000000
2984.300000 ,3621557.881000 ,1117.000000 ,1.000000
2985.700000 ,3621557.881000 ,1118.000000 ,1.000000
2987.100000 ,3621505.396375 ,1119.000000 ,0.000000
2988.500000 ,3621562.816375 ,1120.000000 ,0.000000
2989.900000 ,3621557.881000 ,1121.000000 ,1.000000
2991.300000 ,3621557.881000 ,1122.000000 ,1.000000
2999.700000 ,3621557.919250 ,1123.000000 ,1.000000
3008.100000 ,3621557.468125 ,1124.000000 ,1.000000
3012.300000 ,3621557.292250 ,1125.000000 ,1.000000
3017.900000 ,3621497.236375 ,1126.000000 ,0.000000
3017.900000 ,3621558.306250 ,1127.000000 ,1.000000
3022.100000 ,3621557.919250 ,1128.000000 ,1.000000
3022.100000 ,3621664.576375 ,1129.000000 ,0.000000
3023.500000 ,3621558.253857 ,1130.000000 ,1.000000
3023.500000 ,3621557.472750 ,1131.000000 ,1.000000
3026.300000 ,3621557.355200 ,1132.000000 ,1.000000
3030.500000 ,3621556.693583 ,1133.000000 ,1.000000
3031.900000 ,3621557.472750 ,1134.000000 ,1.000000
3037.500000 ,3621556.850000 ,1135.000000 ,1.000000
3041.700000 ,3621557.269700 ,1136.000000 ,1.000000
3041.700000 ,3621556.763268 ,1137.000000 ,1.000000
3045.900000 ,3621556.128000 ,1138.000000 ,1.000000
3051.500000 ,3621556.850000 ,1139.000000 ,1.000000
3054.300000 ,3621556.628000 ,1140.000000 ,1.000000
3055.700000 ,3621556.628000 ,1141.000000 ,1.000000
3058.500000 ,3621557.320950 ,1142.000000 ,1.000000
3058.500000 ,3621556.693583 ,1143.000000 ,1.000000
3059.900000 ,3621556.850000 ,1144.000000 ,1.000000
3062.700000 ,3621556.128000 ,1145.000000 ,1.000000
3066.900000 ,3621556.682812 ,1146.000000 ,1.000000
3071.100000 ,3621556.628000 ,1147.000000 ,1.000000
3072.500000 ,3621556.682812 ,1148.000000 ,1.000000
3075.300000 ,3621556.682812 ,1149.000000 ,1.000000
3076.700000 ,3621555.454125 ,1150.000000 ,1.000000
3085.100000 ,3621555.271789 ,1151.000000 ,1.000000
3086.500000 ,3621553.300437 ,1152.000000 ,1.000000
3089.300000 ,3621429.616375 ,1153.000000 ,0.000000
3090.700000 ,3621555.271789 ,1154.000000 ,1.000000
3093.500000 ,3621555.271789 ,1155.000000 ,1.000000
3094.900000 ,3621555.725833 ,1156.000000 ,1.000000
3097.700000 ,3621555.725833 ,1157.000000 ,1.000000
3101.900000 ,3621557.015850 ,1158.000000 ,1.000000
3103.300000 ,3621557.015850 ,1159.000000 ,1.000000
3103.300000 ,3621555.271789 ,1160.000000 ,1.000000
3106.100000 ,3621430.276375 ,1161.000000 ,0.000000
3106.100000 ,3621557.015850 ,1162.000000 ,1.000000
3106.100000 ,3621555.673583 ,1163.000000 ,1.000000
3111.700000 ,3621555.271789 ,1164.000000 ,1.000000
3113.100000 ,3621553.006083 ,1165.000000 ,1.000000
3118.700000 ,3621423.616375 ,1166.000000 ,0.000000
3124.300000 ,3621555.035146 ,1167.000000 ,1.000000
3127.100000 ,3621684.316375 ,1168.000000 ,0.000000
3132.700000 ,3621554.111083 ,1169.000000 ,1.000000
3135.500000 ,3621545.729000 ,1170.000000 ,1.000000
3141.100000 ,3621545.729000 ,1171.000000 ,1.000000
3155.100000 ,3621646.756375 ,1172.000000 ,0.000000
3157.900000 ,3621552.182375 ,1173.000000 ,1.000000
3160.700000 ,3621550.388500 ,1174.000000 ,1.000000
3163.500000 ,3621550.955000 ,1175.000000 ,1.000000
3166.300000 ,3621553.304500 ,1176.000000 ,1.000000
3169.100000 ,3621550.955000 ,1177.000000 ,1.000000
3171.900000 ,3621551.107000 ,1178.000000 ,1.000000
3173.300000 ,3621551.107000 ,1179.000000 ,1.000000
3174.700000 ,3621553.304500 ,1180.000000 ,1.000000
3174.700000 ,3621550.955000 ,1181.000000 ,1.000000
3176.100000 ,3621553.163750 ,1182.000000 ,1.000000
3176.100000 ,3621552.182375 ,1183.000000 ,1.000000
3176.100000 ,3621551.107000 ,1184.000000 ,1.000000
3177.500000 ,3621553.304500 ,1185.000000 ,1.000000
3180.300000 ,3621551.107000 ,1186.000000 ,1.000000
3181.700000 ,3621552.864000 ,1187.000000 ,1.000000
3181.700000 ,3621548.904125 ,1188.000000 ,1.000000
3183.100000 ,3621553.304500 ,1189.000000 ,1.000000
3194.300000 ,3621551.107000 ,1190.000000 ,1.000000
3198.500000 ,3621551.107000 ,1191.000000 ,1.000000
3199.900000 ,3621552.787167 ,1192.000000 ,1.000000
3201.300000 ,3621553.018500 ,1193.000000 ,1.000000
3204.100000 ,3621551.107000 ,1194.000000 ,1.000000
3205.500000 ,3621549.068333 ,1195.000000 ,1.000000
3208.300000 ,3621552.787167 ,1196.000000 ,1.000000
3212.500000 ,3621549.009417 ,1197.000000 ,1.000000
3216.700000 ,3621549.928833 ,1198.000000 ,1.000000
3218.100000 ,3621549.198750 ,1199.000000 ,1.000000
3226.500000 ,3621549.672583 ,1200.000000 ,1.000000
3226.500000 ,3621549.198750 ,1201.000000 ,1.000000
3227.900000 ,3621540.564000 ,1202.000000 ,1.000000
3229.300000 ,3621549.068333 ,1203.000000 ,1.000000
3229.300000 ,3621673.756375 ,1204.000000 ,0.000000
3230.700000 ,3621549.486500 ,1205.000000 ,1.000000
3233.500000 ,3621551.875833 ,1206.000000 ,1.000000
3233.500000 ,3621550.162250 ,1207.000000 ,1.000000
3237.700000 ,3621550.162250 ,1208.000000 ,1.000000
3241.900000 ,3621550.988312 ,1209.000000 ,1.000000
3246.100000 ,3621629.656375 ,1210.000000 ,0.000000
3247.500000 ,3621548.558250 ,1211.000000 ,1.000000
3250.300000 ,3621647.836375 ,1212.000000 ,0.000000
3264.300000 ,3621551.347542 ,1213.000000 ,1.000000
3267.100000 ,3621551.140938 ,1214.000000 ,1.000000
3267.100000 ,3621549.426875 ,1215.000000 ,1.000000
3269.900000 ,3621551.789333 ,1216.000000 ,1.000000
3269.900000 ,3621551.347542 ,1217.000000 ,1.000000
3272.700000 ,3621550.842650 ,1218.000000 ,1.000000
3274.100000 ,3621689.776375 ,1219.000000 ,0.000000
3275.500000 ,3621550.579333 ,1220.000000 ,1.000000
3276.900000 ,3621551.200250 ,1221.000000 ,1.000000
3276.900000 ,3621548.295563 ,1222.000000 ,1.000000
3278.300000 ,3621550.842650 ,1223.000000 ,1.000000
3281.100000 ,3621550.842650 ,1224.000000 ,1.000000
3282.500000 ,3621432.016375 ,1225.000000 ,0.000000
3288.100000 ,3621550.358341 ,1226.000000 ,1.000000
3289.500000 ,3621550.358341 ,1227.000000 ,1.000000
3289.500000 ,3621549.005500 ,1228.000000 ,1.000000
3290.900000 ,3621550.842650 ,1229.000000 ,1.000000
3292.300000 ,3621549.005500 ,1230.000000 ,1.000000
3295.100000 ,3621547.369750 ,1231.000000 ,1.000000
3296.500000 ,3621547.369750 ,1232.000000 ,1.000000
3300.700000 ,3621546.974417 ,1233.000000 ,1.000000
3302.100000 ,3621549.005500 ,1234.000000 ,1.000000
3304.900000 ,3621545.619643 ,1235.000000 ,1.000000
3311.900000 ,3621584.476375 ,1236.000000 ,0.000000
3311.900000 ,3621547.791222 ,1237.000000 ,1.000000
3311.900000 ,3621543.898000 ,1238.000000 ,1.000000
3314.700000 ,3621546.794458 ,1239.000000 ,1.000000
3316.100000 ,3621545.658937 ,1240.000000 ,1.000000
3317.500000 ,3621519.976375 ,1241.000000 ,0.000000
3317.500000 ,3621549.005500 ,1242.000000 ,1.000000
3317.500000 ,3621546.794458 ,1243.000000 ,1.000000
3320.300000 ,3621547.237545 ,1244.000000 ,1.000000
3324.500000 ,3621410.776375 ,1245.000000 ,0.000000
3325.900000 ,3621547.237545 ,1246.000000 ,1.000000
3327.300000 ,3621546.794458 ,1247.000000 ,1.000000
3330.100000 ,3621547.908500 ,1248.000000 ,1.000000
3332.900000 ,3621547.035650 ,1249.000000 ,1.000000
3335.700000 ,3621396.856375 ,1250.000000 ,0.000000
3337.100000 ,3621546.794458 ,1251.000000 ,1.000000
3338.500000 ,3621401.056375 ,1252.000000 ,0.000000
3338.500000 ,3621651.496375 ,1253.000000 ,0.000000
3339.900000 ,3621547.049500 ,1254.000000 ,1.000000
3344.100000 ,3621546.701750 ,1255.000000 ,1.000000
3344.100000 ,3621546.270375 ,1256.000000 ,1.000000
3344.100000 ,3621665.116375 ,1257.000000 ,0.000000
3345.500000 ,3621546.515125 ,1258.000000 ,1.000000
3352.500000 ,3621547.442125 ,1259.000000 ,1.000000
3355.300000 ,3621547.442125 ,1260.000000 ,1.000000
3359.500000 ,3621547.442125 ,1261.000000 ,1.000000
3360.900000 ,3621547.442125 ,1262.000000 ,1.000000
3365.100000 ,3621547.442125 ,1263.000000 ,1.000000
3369.300000 ,3621547.869167 ,1264.000000 ,1.000000
3370.700000 ,3621515.596375 ,1265.000000 ,0.000000
3370.700000 ,3621575.296375 ,1266.000000 ,0.000000
3374.900000 ,3621545.264500 ,1267.000000 ,1.000000
3376.300000 ,3621547.392357 ,1268.000000 ,1.000000
3376.300000 ,3621546.684813 ,1269.000000 ,1.000000
3376.300000 ,3621545.264500 ,1270.000000 ,1.000000
3381.900000 ,3621544.030750 ,1271.000000 ,1.000000
3384.700000 ,3621542.385750 ,1272.000000 ,1.000000
3388.900000 ,3621545.675750 ,1273.000000 ,1.000000
3390.300000 ,3621454.216375 ,1274.000000 ,0.000000
3391.700000 ,3621541.721750 ,1275.000000 ,1.000000
3393.100000 ,3621546.684813 ,1276.000000 ,1.000000
3393.100000 ,3621546.087000 ,1277.000000 ,1.000000
3395.900000 ,3621544.030750 ,1278.000000 ,1.000000
3401.500000 ,3621500.896375 ,1279.000000 ,0.000000
3401.500000 ,3621530.956375 ,1280.000000 ,0.000000
3405.700000 ,3621543.619500 ,1281.000000 ,1.000000
3416.900000 ,3621541.721750 ,1282.000000 ,1.000000
3418.300000 ,3621601.036375 ,1283.000000 ,0.000000
3418.300000 ,3621542.276500 ,1284.000000 ,1.000000
3421.100000 ,3621542.910500 ,1285.000000 ,1.000000
3421.100000 ,3621542.752000 ,1286.000000 ,1.000000
3425.300000 ,3621542.752000 ,1287.000000 ,1.000000
3426.700000 ,3621542.910500 ,1288.000000 ,1.000000
3428.100000 ,3621543.227500 ,1289.000000 ,1.000000
3429.500000 ,3621542.672750 ,1290.000000 ,1.000000
3435.100000 ,3621542.989750 ,1291.000000 ,1.000000
3436.500000 ,3621542.831250 ,1292.000000 ,1.000000
3437.900000 ,3621461.656375 ,1293.000000 ,0.000000
3437.900000 ,3621543.465250 ,1294.000000 ,1.000000
3437.900000 ,3621543.069000 ,1295.000000 ,1.000000
3440.700000 ,3621543.465250 ,1296.000000 ,1.000000
3444.900000 ,3621543.306750 ,1297.000000 ,1.000000
3444.900000 ,3621542.752000 ,1298.000000 ,1.000000
3446.300000 ,3621543.465250 ,1299.000000 ,1.000000
3450.500000 ,3621543.465250 ,1300.000000 ,1.000000
3450.500000 ,3621543.069000 ,1301.000000 ,1.000000
3451.900000 ,3621539.079400 ,1302.000000 ,1.000000
3454.700000 ,3621539.115250 ,1303.000000 ,1.000000
3460.300000 ,3621543.465250 ,1304.000000 ,1.000000
3460.300000 ,3621539.115250 ,1305.000000 ,1.000000
3461.700000 ,3621543.465250 ,1306.000000 ,1.000000
3465.900000 ,3621629.236375 ,1307.000000 ,0.000000
3467.300000 ,3621543.465250 ,1308.000000 ,1.000000
3470.100000 ,3621544.580875 ,1309.000000 ,1.000000
3470.100000 ,3621539.115250 ,1310.000000 ,1.000000
3471.500000 ,3621539.115250 ,1311.000000 ,1.000000
3475.700000 ,3621540.160800 ,1312.000000 ,1.000000
3481.300000 ,3621544.580875 ,1313.000000 ,1.000000
3481.300000 ,3621542.329250 ,1314.000000 ,1.000000
3482.700000 ,3621557.716375 ,1315.000000 ,0.000000
3482.700000 ,3621582.076375 ,1316.000000 ,0.000000
3486.900000 ,3621542.826750 ,1317.000000 ,1.000000
3496.700000 ,3621543.522750 ,1318.000000 ,1.000000
3498.100000 ,3621542.826750 ,1319.000000 ,1.000000
3500.900000 ,3621542.826750 ,1320.000000 ,1.000000
3502.300000 ,3621459.616375 ,1321.000000 ,0.000000
3503.700000 ,3621543.175125 ,1322.000000 ,1.000000
3506.500000 ,3621523.396375 ,1323.000000 ,0.000000
3507.900000 ,3621541.254000 ,1324.000000 ,1.000000
3510.700000 ,3621542.264325 ,1325.000000 ,1.000000
3512.100000 ,3621542.264325 ,1326.000000 ,1.000000
3513.500000 ,3621543.522750 ,1327.000000 ,1.000000
3519.100000 ,3621542.326500 ,1328.000000 ,1.000000
3519.100000 ,3621540.750583 ,1329.000000 ,1.000000
3521.900000 ,3621542.752000 ,1330.000000 ,1.000000
3527.500000 ,3621542.052750 ,1331.000000 ,1.000000
3530.300000 ,3621544.029417 ,1332.000000 ,1.000000
3531.700000 ,3621542.611750 ,1333.000000 ,1.000000
3533.100000 ,3621543.197250 ,1334.000000 ,1.000000
3533.100000 ,3621539.084583 ,1335.000000 ,1.000000
3535.900000 ,3621542.465500 ,1336.000000 ,1.000000
3535.900000 ,3621539.084583 ,1337.000000 ,1.000000
3537.300000 ,3621542.003417 ,1338.000000 ,1.000000
3542.900000 ,3621539.084583 ,1339.000000 ,1.000000
3547.100000 ,3621542.635750 ,1340.000000 ,1.000000
3549.900000 ,3621684.316375 ,1341.000000 ,0.000000
3551.300000 ,3621543.559750 ,1342.000000 ,1.000000
3555.500000 ,3621543.036125 ,1343.000000 ,1.000000
3563.900000 ,3621543.881833 ,1344.000000 ,1.000000
3566.700000 ,3621449.716375 ,1345.000000 ,0.000000
3566.700000 ,3621543.394750 ,1346.000000 ,1.000000
3577.900000 ,3621543.036125 ,1347.000000 ,1.000000
3580.700000 ,3621543.543750 ,1348.000000 ,1.000000
3586.300000 ,3621446.356375 ,1349.000000 ,0.000000
3589.100000 ,3621543.404125 ,1350.000000 ,1.000000
3589.100000 ,3621538.921625 ,1351.000000 ,1.000000
3593.300000 ,3621541.165150 ,1352.000000 ,1.000000
3596.100000 ,3621541.824687 ,1353.000000 ,1.000000
3598.900000 ,3621669.976375 ,1354.000000 ,0.000000
3603.100000 ,3621542.955500 ,1355.000000 ,1.000000
3608.700000 ,3621542.442750 ,1356.000000 ,1.000000
3610.100000 ,3621540.119063 ,1357.000000 ,1.000000
3610.100000 ,3621539.394167 ,1358.000000 ,1.000000
3611.500000 ,3621542.442750 ,1359.000000 ,1.000000
3611.500000 ,3621540.843958 ,1360.000000 ,1.000000
3611.500000 ,3621680.116375 ,1361.000000 ,0.000000
3612.900000 ,3621542.442750 ,1362.000000 ,1.000000
3615.700000 ,3621542.108795 ,1363.000000 ,1.000000
3618.500000 ,3621541.941818 ,1364.000000 ,1.000000
3621.300000 ,3621542.293750 ,1365.000000 ,1.000000
3622.700000 ,3621542.220114 ,1366.000000 ,1.000000
3622.700000 ,3621670.576375 ,1367.000000 ,0.000000
3625.500000 ,3621542.442750 ,1368.000000 ,1.000000
3628.300000 ,3621542.220114 ,1369.000000 ,1.000000
3629.700000 ,3621542.387091 ,1370.000000 ,1.000000
3631.100000 ,3621569.536375 ,1371.000000 ,0.000000
3631.100000 ,3621542.387091 ,1372.000000 ,1.000000
3642.300000 ,3621541.163333 ,1373.000000 ,1.000000
3647.900000 ,3621542.122000 ,1374.000000 ,1.000000
3652.100000 ,3621540.204667 ,1375.000000 ,1.000000
3654.900000 ,3621541.781750 ,1376.000000 ,1.000000
3656.300000 ,3621542.122000 ,1377.000000 ,1.000000
3656.300000 ,3621539.155875 ,1378.000000 ,1.000000
3660.500000 ,3621541.781750 ,1379.000000 ,1.000000
3671.700000 ,3621541.781750 ,1380.000000 ,1.000000
3673.100000 ,3621541.781750 ,1381.000000 ,1.000000
3674.500000 ,3621541.781750 ,1382.000000 ,1.000000
3680.100000 ,3621541.781750 ,1383.000000 ,1.000000
3685.700000 ,3621531.241000 ,1384.000000 ,1.000000
3687.100000 ,3621537.287125 ,1385.000000 ,1.000000
3691.300000 ,3621422.956375 ,1386.000000 ,0.000000
3691.300000 ,3621541.572500 ,1387.000000 ,1.000000
3694.100000 ,3621541.572500 ,1388.000000 ,1.000000
3696.900000 ,3621535.291600 ,1389.000000 ,1.000000
3699.700000 ,3621537.820000 ,1390.000000 ,1.000000
3699.700000 ,3621537.287125 ,1391.000000 ,1.000000
3699.700000 ,3621535.291600 ,1392.000000 ,1.000000
3702.500000 ,3621537.820000 ,1393.000000 ,1.000000
3702.500000 ,3621535.291600 ,1394.000000 ,1.000000
3702.500000 ,3621532.591200 ,1395.000000 ,1.000000
3705.300000 ,3621541.279500 ,1396.000000 ,1.000000
3709.500000 ,3621538.885750 ,1397.000000 ,1.000000
3710.900000 ,3621540.373518 ,1398.000000 ,1.000000
3717.900000 ,3621534.840486 ,1399.000000 ,1.000000
3722.100000 ,3621541.279500 ,1400.000000 ,1.000000
3722.100000 ,3621539.806097 ,1401.000000 ,1.000000
3723.500000 ,3621541.279500 ,1402.000000 ,1.000000
3726.300000 ,3621539.806097 ,1403.000000 ,1.000000
3729.100000 ,3621536.081889 ,1404.000000 ,1.000000
3734.700000 ,3621540.639625 ,1405.000000 ,1.000000
3734.700000 ,3621539.806097 ,1406.000000 ,1.000000
3736.100000 ,3621540.376063 ,1407.000000 ,1.000000
3738.900000 ,3621539.233306 ,1408.000000 ,1.000000
3741.700000 ,3621540.376063 ,1409.000000 ,1.000000
3743.100000 ,3621391.576375 ,1410.000000 ,0.000000
3743.100000 ,3621539.989500 ,1411.000000 ,1.000000
3751.500000 ,3621534.868333 ,1412.000000 ,1.000000
3752.900000 ,3621539.233306 ,1413.000000 ,1.000000
3754.300000 ,3621539.989500 ,1414.000000 ,1.000000
3754.300000 ,3621536.852375 ,1415.000000 ,1.000000
3758.500000 ,3621536.852375 ,1416.000000 ,1.000000
3759.900000 ,3621538.406750 ,1417.000000 ,1.000000
3761.300000 ,3621539.233306 ,1418.000000 ,1.000000
3764.100000 ,3621533.585750 ,1419.000000 ,1.000000
3766.900000 ,3621538.768393 ,1420.000000 ,1.000000
3768.300000 ,3621537.653417 ,1421.000000 ,1.000000
3769.700000 ,3621457.636375 ,1422.000000 ,0.000000
3771.100000 ,3621537.653417 ,1423.000000 ,1.000000
3779.500000 ,3621536.852375 ,1424.000000 ,1.000000
3780.900000 ,3621532.542313 ,1425.000000 ,1.000000
3783.700000 ,3621539.807417 ,1426.000000 ,1.000000
3787.900000 ,3621539.807417 ,1427.000000 ,1.000000
3787.900000 ,3621538.768393 ,1428.000000 ,1.000000
3789.300000 ,3621539.807417 ,1429.000000 ,1.000000
3789.300000 ,3621536.527250 ,1430.000000 ,1.000000
3794.900000 ,3621559.936375 ,1431.000000 ,0.000000
3800.500000 ,3621539.807417 ,1432.000000 ,1.000000
3804.700000 ,3621539.807417 ,1433.000000 ,1.000000
3807.500000 ,3621539.807417 ,1434.000000 ,1.000000
3810.300000 ,3621532.787950 ,1435.000000 ,1.000000
3810.300000 ,3621531.312583 ,1436.000000 ,1.000000
3811.700000 ,3621535.225000 ,1437.000000 ,1.000000
3814.500000 ,3621539.268667 ,1438.000000 ,1.000000
3815.900000 ,3621539.146312 ,1439.000000 ,1.000000
3820.100000 ,3621537.068500 ,1440.000000 ,1.000000
3821.500000 ,3621534.829300 ,1441.000000 ,1.000000
3825.700000 ,3621537.068500 ,1442.000000 ,1.000000
3827.100000 ,3621538.409375 ,1443.000000 ,1.000000
3831.300000 ,3621539.094000 ,1444.000000 ,1.000000
3834.100000 ,3621539.354750 ,1445.000000 ,1.000000
3835.500000 ,3621539.354750 ,1446.000000 ,1.000000
3838.300000 ,3621539.354750 ,1447.000000 ,1.000000
3839.700000 ,3621539.354750 ,1448.000000 ,1.000000
3846.700000 ,3621529.695900 ,1449.000000 ,1.000000
3852.300000 ,3621538.669500 ,1450.000000 ,1.000000
3852.300000 ,3621534.102625 ,1451.000000 ,1.000000
3856.500000 ,3621529.973500 ,1452.000000 ,1.000000
3867.700000 ,3621533.407375 ,1453.000000 ,1.000000
3869.100000 ,3621533.407375 ,1454.000000 ,1.000000
3870.500000 ,3621532.912750 ,1455.000000 ,1.000000
3871.900000 ,3621529.765300 ,1456.000000 ,1.000000
3873.300000 ,3621496.216375 ,1457.000000 ,0.000000
3873.300000 ,3621529.973500 ,1458.000000 ,1.000000
3881.700000 ,3621562.516375 ,1459.000000 ,0.000000
3881.700000 ,3621535.852000 ,1460.000000 ,1.000000
3883.100000 ,3621536.687667 ,1461.000000 ,1.000000
3883.100000 ,3621679.396375 ,1462.000000 ,0.000000
3884.500000 ,3621533.407375 ,1463.000000 ,1.000000
3887.300000 ,3621538.217583 ,1464.000000 ,1.000000
3887.300000 ,3621537.319917 ,1465.000000 ,1.000000
3890.100000 ,3621536.687667 ,1466.000000 ,1.000000
3890.100000 ,3621535.049708 ,1467.000000 ,1.000000
3891.500000 ,3621534.225688 ,1468.000000 ,1.000000
3895.700000 ,3621536.687667 ,1469.000000 ,1.000000
3898.500000 ,3621535.049708 ,1470.000000 ,1.000000
3898.500000 ,3621674.236375 ,1471.000000 ,0.000000
3901.300000 ,3621535.049708 ,1472.000000 ,1.000000
3902.700000 ,3621535.049708 ,1473.000000 ,1.000000
3902.700000 ,3621533.962292 ,1474.000000 ,1.000000
3904.100000 ,3621534.064214 ,1475.000000 ,1.000000
3905.500000 ,3621418.636375 ,1476.000000 ,0.000000
3906.900000 ,3621675.496375 ,1477.000000 ,0.000000
3908.300000 ,3621534.913679 ,1478.000000 ,1.000000
3908.300000 ,3621533.438312 ,1479.000000 ,1.000000
3913.900000 ,3621603.496375 ,1480.000000 ,0.000000
3920.900000 ,3621562.696375 ,1481.000000 ,0.000000
3920.900000 ,3621535.988437 ,1482.000000 ,1.000000
3920.900000 ,3621535.048154 ,1483.000000 ,1.000000
3923.700000 ,3621485.896375 ,1484.000000 ,0.000000
3923.700000 ,3621535.988437 ,1485.000000 ,1.000000
3923.700000 ,3621676.576375 ,1486.000000 ,0.000000
3926.500000 ,3621534.913679 ,1487.000000 ,1.000000
3929.300000 ,3621666.796375 ,1488.000000 ,0.000000
3932.100000 ,3621536.422696 ,1489.000000 ,1.000000
3937.700000 ,3621535.988437 ,1490.000000 ,1.000000
3937.700000 ,3621534.562272 ,1491.000000 ,1.000000
3939.100000 ,3621535.366964 ,1492.000000 ,1.000000
3940.500000 ,3621519.076375 ,1493.000000 ,0.000000
3940.500000 ,3621535.366964 ,1494.000000 ,1.000000
3941.900000 ,3621535.366964 ,1495.000000 ,1.000000
3946.100000 ,3621590.116375 ,1496.000000 ,0.000000
3947.500000 ,3621535.098667 ,1497.000000 ,1.000000
3951.700000 ,3621535.366964 ,1498.000000 ,1.000000
3953.100000 ,3621535.233262 ,1499.000000 ,1.000000
3954.500000 ,3621553.636375 ,1500.000000 ,0.000000
3955.900000 ,3621535.366964 ,1501.000000 ,1.000000
3957.300000 ,3621535.670702 ,1502.000000 ,1.000000
3958.700000 ,3621535.042944 ,1503.000000 ,1.000000
3961.500000 ,3621534.009882 ,1504.000000 ,1.000000
3962.900000 ,3621535.366964 ,1505.000000 ,1.000000
3968.500000 ,3621534.872354 ,1506.000000 ,1.000000
3969.900000 ,3621534.872354 ,1507.000000 ,1.000000
3974.100000 ,3621534.872354 ,1508.000000 ,1.000000
3978.300000 ,3621533.802856 ,1509.000000 ,1.000000
3982.500000 ,3621533.802856 ,1510.000000 ,1.000000
3988.100000 ,3621533.802856 ,1511.000000 ,1.000000
3988.100000 ,3621533.299946 ,1512.000000 ,1.000000
3995.100000 ,3621534.475159 ,1513.000000 ,1.000000
4003.500000 ,3621530.464156 ,1514.000000 ,1.000000
4007.700000 ,3621531.080700 ,1515.000000 ,1.000000
4011.900000 ,3621529.679750 ,1516.000000 ,1.000000
4021.700000 ,3621529.444100 ,1517.000000 ,1.000000
4023.100000 ,3621530.464156 ,1518.000000 ,1.000000
4027.300000 ,3621528.850250 ,1519.000000 ,1.000000
4030.100000 ,3621395.056375 ,1520.000000 ,0.000000
4031.500000 ,3621529.105700 ,1521.000000 ,1.000000
4035.700000 ,3621530.088500 ,1522.000000 ,1.000000
4045.500000 ,3621524.820000 ,1523.000000 ,1.000000
4046.900000 ,3621528.122900 ,1524.000000 ,1.000000
4046.900000 ,3621524.820000 ,1525.000000 ,1.000000
4049.700000 ,3621524.820000 ,1526.000000 ,1.000000
4051.100000 ,3621529.735000 ,1527.000000 ,1.000000
4051.100000 ,3621524.820000 ,1528.000000 ,1.000000
4056.700000 ,3621617.896375 ,1529.000000 ,0.000000
4056.700000 ,3621524.820000 ,1530.000000 ,1.000000
4062.300000 ,3621529.735000 ,1531.000000 ,1.000000
4063.700000 ,3621530.088500 ,1532.000000 ,1.000000
4067.900000 ,3621529.735000 ,1533.000000 ,1.000000
4070.700000 ,3621583.936375 ,1534.000000 ,0.000000
4072.100000 ,3621529.676792 ,1535.000000 ,1.000000
4074.900000 ,3621529.285000 ,1536.000000 ,1.000000
4077.700000 ,3621529.735000 ,1537.000000 ,1.000000
4077.700000 ,3621529.372375 ,1538.000000 ,1.000000
4079.100000 ,3621529.285000 ,1539.000000 ,1.000000
4081.900000 ,3621529.559000 ,1540.000000 ,1.000000
4081.900000 ,3621529.208625 ,1541.000000 ,1.000000
4083.300000 ,3621529.285000 ,1542.000000 ,1.000000
4086.100000 ,3621529.318750 ,1543.000000 ,1.000000
4088.900000 ,3621529.485000 ,1544.000000 ,1.000000
4094.500000 ,3621529.733188 ,1545.000000 ,1.000000
4095.900000 ,3621529.485000 ,1546.000000 ,1.000000
4097.300000 ,3621529.485000 ,1547.000000 ,1.000000
4098.700000 ,3621530.299000 ,1548.000000 ,1.000000
4098.700000 ,3621528.227333 ,1549.000000 ,1.000000
4101.500000 ,3621530.299000 ,1550.000000 ,1.000000
4102.900000 ,3621529.733188 ,1551.000000 ,1.000000
4109.900000 ,3621530.299000 ,1552.000000 ,1.000000
4109.900000 ,3621529.511500 ,1553.000000 ,1.000000
4119.700000 ,3621529.733188 ,1554.000000 ,1.000000
4125.300000 ,3621526.926500 ,1555.000000 ,1.000000
4133.700000 ,3621526.926500 ,1556.000000 ,1.000000
4135.100000 ,3621528.106562 ,1557.000000 ,1.000000
4136.500000 ,3621526.926500 ,1558.000000 ,1.000000
4137.900000 ,3621526.926500 ,1559.000000 ,1.000000
4139.300000 ,3621526.926500 ,1560.000000 ,1.000000
4140.700000 ,3621527.572750 ,1561.000000 ,1.000000
4142.100000 ,3621529.339000 ,1562.000000 ,1.000000
4142.100000 ,3621528.106562 ,1563.000000 ,1.000000
4143.500000 ,3621526.926500 ,1564.000000 ,1.000000
4149.100000 ,3621529.339000 ,1565.000000 ,1.000000
4151.900000 ,3621529.339000 ,1566.000000 ,1.000000
4157.500000 ,3621529.339000 ,1567.000000 ,1.000000
4157.500000 ,3621527.634500 ,1568.000000 ,1.000000
4157.500000 ,3621673.396375 ,1569.000000 ,0.000000
4160.300000 ,3621525.476625 ,1570.000000 ,1.000000
4161.700000 ,3621527.634500 ,1571.000000 ,1.000000
4163.100000 ,3621529.339000 ,1572.000000 ,1.000000
4165.900000 ,3621529.339000 ,1573.000000 ,1.000000
4165.900000 ,3621525.476625 ,1574.000000 ,1.000000
4167.300000 ,3621654.316375 ,1575.000000 ,0.000000
4167.300000 ,3621527.634500 ,1576.000000 ,1.000000
4175.700000 ,3621524.558625 ,1577.000000 ,1.000000
4177.100000 ,3621521.421000 ,1578.000000 ,1.000000
4179.900000 ,3621521.193167 ,1579.000000 ,1.000000
4186.900000 ,3621528.964500 ,1580.000000 ,1.000000
4188.300000 ,3621521.012000 ,1581.000000 ,1.000000
4192.500000 ,3621646.636375 ,1582.000000 ,0.000000
4192.500000 ,3621521.060125 ,1583.000000 ,1.000000
4198.100000 ,3621521.865000 ,1584.000000 ,1.000000
4199.500000 ,3621521.193167 ,1585.000000 ,1.000000
4200.900000 ,3621521.012000 ,1586.000000 ,1.000000
4206.500000 ,3621522.257750 ,1587.000000 ,1.000000
4209.300000 ,3621521.004000 ,1588.000000 ,1.000000
4212.100000 ,3621527.982500 ,1589.000000 ,1.000000
4212.100000 ,3621521.004000 ,1590.000000 ,1.000000
4213.500000 ,3621521.291000 ,1591.000000 ,1.000000
4214.900000 ,3621522.257750 ,1592.000000 ,1.000000
4216.300000 ,3621522.257750 ,1593.000000 ,1.000000
4220.500000 ,3621528.806500 ,1594.000000 ,1.000000
4221.900000 ,3621528.806500 ,1595.000000 ,1.000000
4223.300000 ,3621522.257750 ,1596.000000 ,1.000000
4226.100000 ,3621527.982500 ,1597.000000 ,1.000000
4240.100000 ,3621529.482000 ,1598.000000 ,1.000000
4240.100000 ,3621528.919625 ,1599.000000 ,1.000000
4245.700000 ,3621529.097000 ,1600.000000 ,1.000000
4245.700000 ,3621528.561250 ,1601.000000 ,1.000000
4258.300000 ,3621529.097000 ,1602.000000 ,1.000000
4263.900000 ,3621615.136375 ,1603.000000 ,0.000000
4270.900000 ,3621525.321250 ,1604.000000 ,1.000000
4270.900000 ,3621522.530583 ,1605.000000 ,1.000000
4273.700000 ,3621520.882917 ,1606.000000 ,1.000000
4275.100000 ,3621525.321250 ,1607.000000 ,1.000000
4277.900000 ,3621527.788844 ,1608.000000 ,1.000000
4280.700000 ,3621525.223500 ,1609.000000 ,1.000000
4294.700000 ,3621526.827750 ,1610.000000 ,1.000000
4296.100000 ,3621524.031950 ,1611.000000 ,1.000000
4297.500000 ,3621527.949500 ,1612.000000 ,1.000000
4298.900000 ,3621634.036375 ,1613.000000 ,0.000000
4298.900000 ,3621525.856500 ,1614.000000 ,1.000000
4298.900000 ,3621523.686194 ,1615.000000 ,1.000000
4300.300000 ,3621524.031950 ,1616.000000 ,1.000000
4301.700000 ,3621521.356375 ,1617.000000 ,0.000000
4301.700000 ,3621617.716375 ,1618.000000 ,0.000000
4301.700000 ,3621525.047250 ,1619.000000 ,1.000000
4301.700000 ,3621524.031950 ,1620.000000 ,1.000000
4304.500000 ,3621520.079812 ,1621.000000 ,1.000000
4305.900000 ,3621527.616000 ,1622.000000 ,1.000000
4307.300000 ,3621525.856500 ,1623.000000 ,1.000000
4310.100000 ,3621505.276375 ,1624.000000 ,0.000000
4310.100000 ,3621528.320625 ,1625.000000 ,1.000000
4312.900000 ,3621520.079812 ,1626.000000 ,1.000000
4314.300000 ,3621525.856500 ,1627.000000 ,1.000000
4315.700000 ,3621527.651500 ,1628.000000 ,1.000000
4317.100000 ,3621525.047250 ,1629.000000 ,1.000000
4318.500000 ,3621626.416375 ,1630.000000 ,0.000000
4321.300000 ,3621525.856500 ,1631.000000 ,1.000000
4321.300000 ,3621524.715667 ,1632.000000 ,1.000000
4324.100000 ,3621524.715667 ,1633.000000 ,1.000000
4328.300000 ,3621526.548833 ,1634.000000 ,1.000000
4329.700000 ,3621526.548833 ,1635.000000 ,1.000000
4331.100000 ,3621522.882500 ,1636.000000 ,1.000000
4332.500000 ,3621522.882500 ,1637.000000 ,1.000000
4333.900000 ,3621527.651500 ,1638.000000 ,1.000000
4339.500000 ,3621682.036375 ,1639.000000 ,0.000000
4343.700000 ,3621524.361000 ,1640.000000 ,1.000000
4347.900000 ,3621527.489125 ,1641.000000 ,1.000000
4350.700000 ,3621519.256375 ,1642.000000 ,0.000000
4354.900000 ,3621524.169188 ,1643.000000 ,1.000000
4356.300000 ,3621520.944625 ,1644.000000 ,1.000000
4359.100000 ,3621527.393750 ,1645.000000 ,1.000000
4360.500000 ,3621520.944625 ,1646.000000 ,1.000000
4364.700000 ,3621524.062286 ,1647.000000 ,1.000000
4366.100000 ,3621520.797875 ,1648.000000 ,1.000000
4370.300000 ,3621402.196375 ,1649.000000 ,0.000000
4371.700000 ,3621495.856375 ,1650.000000 ,0.000000
4371.700000 ,3621523.185900 ,1651.000000 ,1.000000
4371.700000 ,3621520.944625 ,1652.000000 ,1.000000
4378.700000 ,3621527.185000 ,1653.000000 ,1.000000
4380.100000 ,3621527.324694 ,1654.000000 ,1.000000
4382.900000 ,3621392.356375 ,1655.000000 ,0.000000
4384.300000 ,3621523.435042 ,1656.000000 ,1.000000
4385.700000 ,3621523.435042 ,1657.000000 ,1.000000
4387.100000 ,3621526.647000 ,1658.000000 ,1.000000
4387.100000 ,3621523.721250 ,1659.000000 ,1.000000
4392.700000 ,3621521.741000 ,1660.000000 ,1.000000
4394.100000 ,3621521.741000 ,1661.000000 ,1.000000
4395.500000 ,3621525.952750 ,1662.000000 ,1.000000
4398.300000 ,3621525.952750 ,1663.000000 ,1.000000
4398.300000 ,3621523.882500 ,1664.000000 ,1.000000
4398.300000 ,3621522.159000 ,1665.000000 ,1.000000
4401.100000 ,3621525.252167 ,1666.000000 ,1.000000
4403.900000 ,3621525.952750 ,1667.000000 ,1.000000
4406.700000 ,3621622.636375 ,1668.000000 ,0.000000
4406.700000 ,3621526.729281 ,1669.000000 ,1.000000
4409.500000 ,3621527.125250 ,1670.000000 ,1.000000
4409.500000 ,3621522.159000 ,1671.000000 ,1.000000
4413.700000 ,3621526.729281 ,1672.000000 ,1.000000
4415.100000 ,3621525.952750 ,1673.000000 ,1.000000
4417.900000 ,3621503.896375 ,1674.000000 ,0.000000
4422.100000 ,3621526.729281 ,1675.000000 ,1.000000
4423.500000 ,3621526.729281 ,1676.000000 ,1.000000
4424.900000 ,3621525.859771 ,1677.000000 ,1.000000
4429.100000 ,3621526.729281 ,1678.000000 ,1.000000
4433.300000 ,3621525.709167 ,1679.000000 ,1.000000
4434.700000 ,3621525.859771 ,1680.000000 ,1.000000
4437.500000 ,3621525.859771 ,1681.000000 ,1.000000
4437.500000 ,3621525.167115 ,1682.000000 ,1.000000
4440.300000 ,3621525.859771 ,1683.000000 ,1.000000
4441.700000 ,3621526.054813 ,1684.000000 ,1.000000
4445.900000 ,3621537.556375 ,1685.000000 ,0.000000
4445.900000 ,3621525.709167 ,1686.000000 ,1.000000
4447.300000 ,3621525.531500 ,1687.000000 ,1.000000
4450.100000 ,3621524.736625 ,1688.000000 ,1.000000
4450.100000 ,3621687.076375 ,1689.000000 ,0.000000
4451.500000 ,3621526.054813 ,1690.000000 ,1.000000
4452.900000 ,3621525.167115 ,1691.000000 ,1.000000
4457.100000 ,3621525.167115 ,1692.000000 ,1.000000
4458.500000 ,3621524.736625 ,1693.000000 ,1.000000
4464.100000 ,3621524.222479 ,1694.000000 ,1.000000
4468.300000 ,3621523.040750 ,1695.000000 ,1.000000
4469.700000 ,3621524.988031 ,1696.000000 ,1.000000
4471.100000 ,3621524.736625 ,1697.000000 ,1.000000
4473.900000 ,3621522.396513 ,1698.000000 ,1.000000
4476.700000 ,3621523.504875 ,1699.000000 ,1.000000
4479.500000 ,3621522.101417 ,1700.000000 ,1.000000
4480.900000 ,3621524.214000 ,1701.000000 ,1.000000
4486.500000 ,3621523.402308 ,1702.000000 ,1.000000
4489.300000 ,3621523.142426 ,1703.000000 ,1.000000
4492.100000 ,3621522.396513 ,1704.000000 ,1.000000
4497.700000 ,3621522.132115 ,1705.000000 ,1.000000
4499.100000 ,3621522.881135 ,1706.000000 ,1.000000
4503.300000 ,3621522.881135 ,1707.000000 ,1.000000
4508.900000 ,3621461.956375 ,1708.000000 ,0.000000
4508.900000 ,3621528.556375 ,1709.000000 ,0.000000
4508.900000 ,3621522.881135 ,1710.000000 ,1.000000
4511.700000 ,3621523.501167 ,1711.000000 ,1.000000
4513.100000 ,3621523.206063 ,1712.000000 ,1.000000
4514.500000 ,3621523.044875 ,1713.000000 ,1.000000
4515.900000 ,3621523.501167 ,1714.000000 ,1.000000
4517.300000 ,3621523.501167 ,1715.000000 ,1.000000
4518.700000 ,3621418.516375 ,1716.000000 ,0.000000
4518.700000 ,3621523.501167 ,1717.000000 ,1.000000
4520.100000 ,3621437.476375 ,1718.000000 ,0.000000
4520.100000 ,3621523.501167 ,1719.000000 ,1.000000
4521.500000 ,3621523.856250 ,1720.000000 ,1.000000
4524.300000 ,3621523.140885 ,1721.000000 ,1.000000
4528.500000 ,3621523.856250 ,1722.000000 ,1.000000
4529.900000 ,3621523.856250 ,1723.000000 ,1.000000
4534.100000 ,3621524.017750 ,1724.000000 ,1.000000
4543.900000 ,3621521.412750 ,1725.000000 ,1.000000
4556.500000 ,3621520.075125 ,1726.000000 ,1.000000
4562.100000 ,3621391.456375 ,1727.000000 ,0.000000
4566.300000 ,3621521.257375 ,1728.000000 ,1.000000
4567.700000 ,3621521.257375 ,1729.000000 ,1.000000
4567.700000 ,3621520.230900 ,1730.000000 ,1.000000
4570.500000 ,3621520.230900 ,1731.000000 ,1.000000
4578.900000 ,3621521.407833 ,1732.000000 ,1.000000
4578.900000 ,3621520.230900 ,1733.000000 ,1.000000
4584.500000 ,3621536.356375 ,1734.000000 ,0.000000
4588.700000 ,3621520.269563 ,1735.000000 ,1.000000
4590.100000 ,3621520.772667 ,1736.000000 ,1.000000
4595.700000 ,3621521.786458 ,1737.000000 ,1.000000
4597.100000 ,3621518.246667 ,1738.000000 ,1.000000
4608.300000 ,3621519.596250 ,1739.000000 ,1.000000
4609.700000 ,3621518.814550 ,1740.000000 ,1.000000
4609.700000 ,3621517.909217 ,1741.000000 ,1.000000
4611.100000 ,3621520.401812 ,1742.000000 ,1.000000
4615.300000 ,3621520.274333 ,1743.000000 ,1.000000
4618.100000 ,3621520.401812 ,1744.000000 ,1.000000
4619.500000 ,3621586.456375 ,1745.000000 ,0.000000
4620.900000 ,3621671.596375 ,1746.000000 ,0.000000
4622.300000 ,3621519.681000 ,1747.000000 ,1.000000
4622.300000 ,3621518.685975 ,1748.000000 ,1.000000
4626.500000 ,3621560.536375 ,1749.000000 ,0.000000
4626.500000 ,3621518.814550 ,1750.000000 ,1.000000
4627.900000 ,3621518.511865 ,1751.000000 ,1.000000
4630.700000 ,3621528.856375 ,1752.000000 ,0.000000
4633.500000 ,3621518.814550 ,1753.000000 ,1.000000
4633.500000 ,3621517.909217 ,1754.000000 ,1.000000
4639.100000 ,3621519.806375 ,1755.000000 ,1.000000
4640.500000 ,3621640.456375 ,1756.000000 ,0.000000
4644.700000 ,3621518.406292 ,1757.000000 ,1.000000
4648.900000 ,3621428.236375 ,1758.000000 ,0.000000
4648.900000 ,3621519.960625 ,1759.000000 ,1.000000
4651.700000 ,3621519.960625 ,1760.000000 ,1.000000
4655.900000 ,3621636.316375 ,1761.000000 ,0.000000
4657.300000 ,3621519.960625 ,1762.000000 ,1.000000
4661.500000 ,3621519.960625 ,1763.000000 ,1.000000
4667.100000 ,3621518.558250 ,1764.000000 ,1.000000
4672.700000 ,3621519.828000 ,1765.000000 ,1.000000
4703.500000 ,3621520.179250 ,1766.000000 ,1.000000
4703.500000 ,3621518.905125 ,1767.000000 ,1.000000
4704.900000 ,3621520.179250 ,1768.000000 ,1.000000
4709.100000 ,3621530.656375 ,1769.000000 ,0.000000
4717.500000 ,3621518.905125 ,1770.000000 ,1.000000
4744.100000 ,3621514.696375 ,1771.000000 ,0.000000
4746.900000 ,3621593.896375 ,1772.000000 ,0.000000
4749.700000 ,3621666.616375 ,1773.000000 ,0.000000
4755.300000 ,3621541.636375 ,1774.000000 ,0.000000
4763.700000 ,3621518.394550 ,1775.000000 ,1.000000
4767.900000 ,3621520.440000 ,1776.000000 ,1.000000
4770.700000 ,3621518.167750 ,1777.000000 ,1.000000
4780.500000 ,3621573.976375 ,1778.000000 ,0.000000
4783.300000 ,3621518.209000 ,1779.000000 ,1.000000
4786.100000 ,3621432.136375 ,1780.000000 ,0.000000
4786.100000 ,3621519.837694 ,1781.000000 ,1.000000
4788.900000 ,3621519.837694 ,1782.000000 ,1.000000
4788.900000 ,3621518.394550 ,1783.000000 ,1.000000
4790.300000 ,3621518.506775 ,1784.000000 ,1.000000
4798.700000 ,3621519.837694 ,1785.000000 ,1.000000
4798.700000 ,3621518.743156 ,1786.000000 ,1.000000
4801.500000 ,3621501.076375 ,1787.000000 ,0.000000
4802.900000 ,3621519.837694 ,1788.000000 ,1.000000
4808.500000 ,3621519.837694 ,1789.000000 ,1.000000
4809.900000 ,3621518.743156 ,1790.000000 ,1.000000
4821.100000 ,3621519.790938 ,1791.000000 ,1.000000
4825.300000 ,3621518.454500 ,1792.000000 ,1.000000
4839.300000 ,3621518.747786 ,1793.000000 ,1.000000
4843.500000 ,3621517.993536 ,1794.000000 ,1.000000
4844.900000 ,3621517.993536 ,1795.000000 ,1.000000
4846.300000 ,3621522.316375 ,1796.000000 ,0.000000
4850.500000 ,3621518.747786 ,1797.000000 ,1.000000
4851.900000 ,3621518.747786 ,1798.000000 ,1.000000
4851.900000 ,3621517.918798 ,1799.000000 ,1.000000
4857.500000 ,3621517.993536 ,1800.000000 ,1.000000
4860.300000 ,3621517.868071 ,1801.000000 ,1.000000
4861.700000 ,3621517.649841 ,1802.000000 ,1.000000
4868.700000 ,3621517.649841 ,1803.000000 ,1.000000
4881.300000 ,3621435.076375 ,1804.000000 ,0.000000
4916.300000 ,3621481.696375 ,1805.000000 ,0.000000
4917.700000 ,3621476.056375 ,1806.000000 ,0.000000
4933.100000 ,3621442.876375 ,1807.000000 ,0.000000
4938.700000 ,3621390.676375 ,1808.000000 ,0.000000
4942.900000 ,3621644.776375 ,1809.000000 ,0.000000
4945.700000 ,3621454.876375 ,1810.000000 ,0.000000
4945.700000 ,3621659.176375 ,1811.000000 ,0.000000
4968.100000 ,3621633.436375 ,1812.000000 ,0.000000
