13.500000 ,3621426.220500 ,1.000000 ,1.000000
17.700000 ,3621426.522641 ,2.000000 ,1.000000
21.900000 ,3621426.350282 ,3.000000 ,1.000000
23.300000 ,3621426.479551 ,4.000000 ,1.000000
24.700000 ,3621308.533250 ,5.000000 ,0.000000
26.100000 ,3621426.220500 ,6.000000 ,1.000000
27.500000 ,3621426.608821 ,7.000000 ,1.000000
27.500000 ,3621424.573250 ,8.000000 ,0.000000
28.900000 ,3621426.307192 ,9.000000 ,1.000000
31.700000 ,3621426.695000 ,10.000000 ,1.000000
34.500000 ,3621316.093250 ,11.000000 ,0.000000
40.100000 ,3621426.695000 ,12.000000 ,1.000000
44.300000 ,3621426.479551 ,13.000000 ,1.000000
51.300000 ,3621426.091744 ,14.000000 ,1.000000
54.100000 ,3621425.833205 ,15.000000 ,1.000000
56.900000 ,3621426.307192 ,16.000000 ,1.000000
58.300000 ,3621426.264103 ,17.000000 ,1.000000
59.700000 ,3621265.393250 ,18.000000 ,0.000000
59.700000 ,3621355.573250 ,19.000000 ,0.000000
65.300000 ,3621426.134833 ,20.000000 ,1.000000
73.700000 ,3621425.876295 ,21.000000 ,1.000000
76.500000 ,3621425.488487 ,22.000000 ,1.000000
77.900000 ,3621425.531577 ,23.000000 ,1.000000
80.700000 ,3621322.033250 ,24.000000 ,0.000000
82.100000 ,3621425.790115 ,25.000000 ,1.000000
84.900000 ,3621425.660846 ,26.000000 ,1.000000
96.100000 ,3621425.229949 ,27.000000 ,1.000000
101.700000 ,3621425.514125 ,28.000000 ,1.000000
104.500000 ,3621425.318750 ,29.000000 ,1.000000
105.900000 ,3621425.273038 ,30.000000 ,1.000000
107.300000 ,3621425.579250 ,31.000000 ,1.000000
117.100000 ,3621425.579250 ,32.000000 ,1.000000
118.500000 ,3621425.579250 ,33.000000 ,1.000000
121.300000 ,3621281.773250 ,34.000000 ,0.000000
126.900000 ,3621425.579250 ,35.000000 ,1.000000
128.300000 ,3621425.546688 ,36.000000 ,1.000000
129.700000 ,3621425.514125 ,37.000000 ,1.000000
129.700000 ,3621315.853250 ,38.000000 ,0.000000
135.300000 ,3621425.460792 ,39.000000 ,1.000000
142.300000 ,3621425.460792 ,40.000000 ,1.000000
143.700000 ,3621425.460792 ,41.000000 ,1.000000
147.900000 ,3621383.173250 ,42.000000 ,0.000000
152.100000 ,3621425.223875 ,43.000000 ,1.000000
153.500000 ,3621425.164646 ,44.000000 ,1.000000
154.900000 ,3621424.409417 ,45.000000 ,1.000000
157.700000 ,3621377.953250 ,46.000000 ,0.000000
161.900000 ,3621424.790187 ,47.000000 ,1.000000
166.100000 ,3621424.790187 ,48.000000 ,1.000000
168.900000 ,3621424.578750 ,49.000000 ,1.000000
171.700000 ,3621424.790187 ,50.000000 ,1.000000
174.500000 ,3621424.790187 ,51.000000 ,1.000000
175.900000 ,3621424.582000 ,52.000000 ,1.000000
177.300000 ,3621424.790187 ,53.000000 ,1.000000
178.700000 ,3621424.790187 ,54.000000 ,1.000000
181.500000 ,3621424.586250 ,55.000000 ,1.000000
182.900000 ,3621424.066350 ,56.000000 ,1.000000
187.100000 ,3621425.063000 ,57.000000 ,1.000000
191.300000 ,3621422.506650 ,58.000000 ,1.000000
192.700000 ,3621424.586250 ,59.000000 ,1.000000
194.100000 ,3621424.586250 ,60.000000 ,1.000000
196.900000 ,3621422.506650 ,61.000000 ,1.000000
198.300000 ,3621422.506650 ,62.000000 ,1.000000
198.300000 ,3621421.986750 ,63.000000 ,1.000000
203.900000 ,3621422.506650 ,64.000000 ,1.000000
208.100000 ,3621424.586250 ,65.000000 ,1.000000
208.100000 ,3621422.506650 ,66.000000 ,1.000000
209.500000 ,3621422.506650 ,67.000000 ,1.000000
210.900000 ,3621311.653250 ,68.000000 ,0.000000
219.300000 ,3621379.693250 ,69.000000 ,0.000000
220.700000 ,3621422.472500 ,70.000000 ,1.000000
234.700000 ,3621423.036250 ,71.000000 ,1.000000
237.500000 ,3621423.036250 ,72.000000 ,1.000000
238.900000 ,3621422.600750 ,73.000000 ,1.000000
241.700000 ,3621422.472500 ,74.000000 ,1.000000
245.900000 ,3621422.745250 ,75.000000 ,1.000000
250.100000 ,3621422.600750 ,76.000000 ,1.000000
251.500000 ,3621215.893250 ,77.000000 ,0.000000
251.500000 ,3621422.656775 ,78.000000 ,1.000000
254.300000 ,3621490.633250 ,79.000000 ,0.000000
255.700000 ,3621422.745250 ,80.000000 ,1.000000
257.100000 ,3621422.087750 ,81.000000 ,1.000000
257.100000 ,3621369.253250 ,82.000000 ,0.000000
259.900000 ,3621422.087750 ,83.000000 ,1.000000
262.700000 ,3621422.087750 ,84.000000 ,1.000000
264.100000 ,3621421.666000 ,85.000000 ,1.000000
271.100000 ,3621421.542020 ,86.000000 ,1.000000
272.500000 ,3621422.087750 ,87.000000 ,1.000000
275.300000 ,3621421.489583 ,88.000000 ,1.000000
275.300000 ,3621335.173250 ,89.000000 ,0.000000
279.500000 ,3621420.862559 ,90.000000 ,1.000000
282.300000 ,3621421.202289 ,91.000000 ,1.000000
283.700000 ,3621421.881750 ,92.000000 ,1.000000
285.100000 ,3621421.737917 ,93.000000 ,1.000000
289.300000 ,3621421.768507 ,94.000000 ,1.000000
290.700000 ,3621421.315533 ,95.000000 ,1.000000
294.900000 ,3621421.089046 ,96.000000 ,1.000000
296.300000 ,3621420.636072 ,97.000000 ,1.000000
297.700000 ,3621420.975803 ,98.000000 ,1.000000
300.500000 ,3621419.956612 ,99.000000 ,1.000000
301.900000 ,3621419.956612 ,100.000000 ,1.000000
306.100000 ,3621419.390395 ,101.000000 ,1.000000
311.700000 ,3621420.749316 ,102.000000 ,1.000000
315.900000 ,3621419.956612 ,103.000000 ,1.000000
315.900000 ,3621419.390395 ,104.000000 ,1.000000
317.300000 ,3621418.824178 ,105.000000 ,1.000000
318.700000 ,3621419.390395 ,106.000000 ,1.000000
328.500000 ,3621413.293250 ,107.000000 ,0.000000
329.900000 ,3621350.833250 ,108.000000 ,0.000000
332.700000 ,3621418.937421 ,109.000000 ,1.000000
334.100000 ,3621418.257961 ,110.000000 ,1.000000
335.500000 ,3621418.371204 ,111.000000 ,1.000000
338.300000 ,3621417.918230 ,112.000000 ,1.000000
339.700000 ,3621425.413250 ,113.000000 ,0.000000
346.700000 ,3621418.144717 ,114.000000 ,1.000000
348.100000 ,3621268.573250 ,115.000000 ,0.000000
350.900000 ,3621418.031474 ,116.000000 ,1.000000
355.100000 ,3621418.392667 ,117.000000 ,1.000000
356.500000 ,3621418.392667 ,118.000000 ,1.000000
362.100000 ,3621418.392667 ,119.000000 ,1.000000
363.500000 ,3621378.253250 ,120.000000 ,0.000000
364.900000 ,3621418.357250 ,121.000000 ,1.000000
369.100000 ,3621418.230500 ,122.000000 ,1.000000
370.500000 ,3621417.065333 ,123.000000 ,1.000000
374.700000 ,3621419.789750 ,124.000000 ,1.000000
374.700000 ,3621415.785200 ,125.000000 ,1.000000
376.100000 ,3621417.065333 ,126.000000 ,1.000000
377.500000 ,3621416.437321 ,127.000000 ,1.000000
378.900000 ,3621416.094917 ,128.000000 ,1.000000
380.300000 ,3621419.789750 ,129.000000 ,1.000000
381.700000 ,3621418.392667 ,130.000000 ,1.000000
390.100000 ,3621417.099083 ,131.000000 ,1.000000
391.500000 ,3621215.413250 ,132.000000 ,0.000000
392.900000 ,3621416.632900 ,133.000000 ,1.000000
394.300000 ,3621269.233250 ,134.000000 ,0.000000
394.300000 ,3621418.098200 ,135.000000 ,1.000000
399.900000 ,3621293.833250 ,136.000000 ,0.000000
399.900000 ,3621417.608575 ,137.000000 ,1.000000
399.900000 ,3621417.099083 ,138.000000 ,1.000000
404.100000 ,3621244.453250 ,139.000000 ,0.000000
404.100000 ,3621416.346750 ,140.000000 ,1.000000
412.500000 ,3621415.813250 ,141.000000 ,1.000000
413.900000 ,3621344.473250 ,142.000000 ,0.000000
418.100000 ,3621419.044750 ,143.000000 ,1.000000
418.100000 ,3621416.346750 ,144.000000 ,1.000000
419.500000 ,3621416.078375 ,145.000000 ,1.000000
419.500000 ,3621414.757250 ,146.000000 ,1.000000
422.300000 ,3621414.879300 ,147.000000 ,1.000000
427.900000 ,3621398.413250 ,148.000000 ,0.000000
429.300000 ,3621414.879300 ,149.000000 ,1.000000
437.700000 ,3621414.757250 ,150.000000 ,1.000000
439.100000 ,3621414.879300 ,151.000000 ,1.000000
440.500000 ,3621482.893250 ,152.000000 ,0.000000
441.900000 ,3621415.736167 ,153.000000 ,1.000000
443.300000 ,3621407.113250 ,154.000000 ,0.000000
448.900000 ,3621414.492500 ,155.000000 ,1.000000
453.100000 ,3621414.126477 ,156.000000 ,1.000000
453.100000 ,3621412.993250 ,157.000000 ,0.000000
454.500000 ,3621231.853250 ,158.000000 ,0.000000
454.500000 ,3621414.002705 ,159.000000 ,1.000000
455.900000 ,3621414.704250 ,160.000000 ,1.000000
458.700000 ,3621414.492500 ,161.000000 ,1.000000
460.100000 ,3621219.973250 ,162.000000 ,0.000000
462.900000 ,3621414.305000 ,163.000000 ,1.000000
469.900000 ,3621221.413250 ,164.000000 ,0.000000
471.300000 ,3621413.058500 ,165.000000 ,1.000000
474.100000 ,3621339.673250 ,166.000000 ,0.000000
474.100000 ,3621419.053250 ,167.000000 ,0.000000
475.500000 ,3621358.513250 ,168.000000 ,0.000000
476.900000 ,3621303.193250 ,169.000000 ,0.000000
478.300000 ,3621413.136295 ,170.000000 ,1.000000
483.900000 ,3621195.493250 ,171.000000 ,0.000000
486.700000 ,3621412.845451 ,172.000000 ,1.000000
490.900000 ,3621413.058500 ,173.000000 ,1.000000
493.700000 ,3621413.228250 ,174.000000 ,1.000000
495.100000 ,3621413.058500 ,175.000000 ,1.000000
510.500000 ,3621412.669497 ,176.000000 ,1.000000
511.900000 ,3621412.537532 ,177.000000 ,1.000000
513.300000 ,3621412.669497 ,178.000000 ,1.000000
516.100000 ,3621412.581520 ,179.000000 ,1.000000
518.900000 ,3621412.405566 ,180.000000 ,1.000000
520.300000 ,3621412.493543 ,181.000000 ,1.000000
523.100000 ,3621412.405566 ,182.000000 ,1.000000
525.900000 ,3621412.405566 ,183.000000 ,1.000000
531.500000 ,3621237.733250 ,184.000000 ,0.000000
532.900000 ,3621412.185624 ,185.000000 ,1.000000
534.300000 ,3621295.093250 ,186.000000 ,0.000000
538.500000 ,3621411.965681 ,187.000000 ,1.000000
539.900000 ,3621412.097647 ,188.000000 ,1.000000
542.700000 ,3621412.009670 ,189.000000 ,1.000000
546.900000 ,3621411.921693 ,190.000000 ,1.000000
548.300000 ,3621411.745739 ,191.000000 ,1.000000
552.500000 ,3621411.789727 ,192.000000 ,1.000000
558.100000 ,3621388.813250 ,193.000000 ,0.000000
559.500000 ,3621410.053250 ,194.000000 ,0.000000
560.900000 ,3621411.686641 ,195.000000 ,1.000000
565.100000 ,3621411.671533 ,196.000000 ,1.000000
570.700000 ,3621206.893250 ,197.000000 ,0.000000
570.700000 ,3621411.648870 ,198.000000 ,1.000000
572.100000 ,3621411.648870 ,199.000000 ,1.000000
573.500000 ,3621411.641315 ,200.000000 ,1.000000
577.700000 ,3621411.288800 ,201.000000 ,1.000000
580.500000 ,3621411.611098 ,202.000000 ,1.000000
586.100000 ,3621411.595989 ,203.000000 ,1.000000
598.700000 ,3621411.543109 ,204.000000 ,1.000000
600.100000 ,3621336.073250 ,205.000000 ,0.000000
604.300000 ,3621412.256302 ,206.000000 ,1.000000
604.300000 ,3621411.532865 ,207.000000 ,1.000000
604.300000 ,3621389.293250 ,208.000000 ,0.000000
607.100000 ,3621411.774010 ,209.000000 ,1.000000
609.900000 ,3621412.135729 ,210.000000 ,1.000000
611.300000 ,3621411.412292 ,211.000000 ,1.000000
614.100000 ,3621411.653438 ,212.000000 ,1.000000
615.500000 ,3621411.894583 ,213.000000 ,1.000000
616.900000 ,3621412.256302 ,214.000000 ,1.000000
618.300000 ,3621413.220885 ,215.000000 ,1.000000
621.100000 ,3621412.979740 ,216.000000 ,1.000000
621.100000 ,3621412.376875 ,217.000000 ,1.000000
622.500000 ,3621412.015156 ,218.000000 ,1.000000
623.900000 ,3621411.774010 ,219.000000 ,1.000000
625.300000 ,3621413.462031 ,220.000000 ,1.000000
625.300000 ,3621412.135729 ,221.000000 ,1.000000
628.100000 ,3621412.256302 ,222.000000 ,1.000000
630.900000 ,3621412.979740 ,223.000000 ,1.000000
633.700000 ,3621413.341458 ,224.000000 ,1.000000
635.100000 ,3621335.533250 ,225.000000 ,0.000000
637.900000 ,3621413.582604 ,226.000000 ,1.000000
639.300000 ,3621413.341458 ,227.000000 ,1.000000
640.700000 ,3621413.246827 ,228.000000 ,1.000000
642.100000 ,3621413.823750 ,229.000000 ,1.000000
643.500000 ,3621413.100312 ,230.000000 ,1.000000
651.900000 ,3621413.341458 ,231.000000 ,1.000000
658.900000 ,3621411.708365 ,232.000000 ,1.000000
658.900000 ,3621411.323750 ,233.000000 ,1.000000
664.500000 ,3621412.669904 ,234.000000 ,1.000000
664.500000 ,3621411.516058 ,235.000000 ,1.000000
665.900000 ,3621412.285288 ,236.000000 ,1.000000
668.700000 ,3621411.708365 ,237.000000 ,1.000000
668.700000 ,3621390.013250 ,238.000000 ,0.000000
672.900000 ,3621412.669904 ,239.000000 ,1.000000
672.900000 ,3621411.524750 ,240.000000 ,1.000000
675.700000 ,3621412.092981 ,241.000000 ,1.000000
677.100000 ,3621412.092981 ,242.000000 ,1.000000
678.500000 ,3621411.524750 ,243.000000 ,1.000000
679.900000 ,3621412.092981 ,244.000000 ,1.000000
682.700000 ,3621275.113250 ,245.000000 ,0.000000
682.700000 ,3621411.524750 ,246.000000 ,1.000000
684.100000 ,3621411.708365 ,247.000000 ,1.000000
685.500000 ,3621411.231750 ,248.000000 ,1.000000
692.500000 ,3621411.291875 ,249.000000 ,1.000000
696.700000 ,3621413.387750 ,250.000000 ,1.000000
696.700000 ,3621411.930000 ,251.000000 ,1.000000
696.700000 ,3621411.291875 ,252.000000 ,1.000000
698.100000 ,3621411.291875 ,253.000000 ,1.000000
699.500000 ,3621412.061500 ,254.000000 ,1.000000
702.300000 ,3621411.291875 ,255.000000 ,1.000000
703.700000 ,3621413.393000 ,256.000000 ,1.000000
703.700000 ,3621411.291875 ,257.000000 ,1.000000
705.100000 ,3621413.393000 ,258.000000 ,1.000000
707.900000 ,3621396.673250 ,259.000000 ,0.000000
710.700000 ,3621413.123750 ,260.000000 ,1.000000
713.500000 ,3621413.393000 ,261.000000 ,1.000000
714.900000 ,3621413.393000 ,262.000000 ,1.000000
716.300000 ,3621412.581250 ,263.000000 ,1.000000
720.500000 ,3621410.624000 ,264.000000 ,1.000000
723.300000 ,3621413.393000 ,265.000000 ,1.000000
724.700000 ,3621410.932964 ,266.000000 ,1.000000
727.500000 ,3621413.123750 ,267.000000 ,1.000000
730.300000 ,3621410.932964 ,268.000000 ,1.000000
733.100000 ,3621412.786750 ,269.000000 ,1.000000
733.100000 ,3621412.168821 ,270.000000 ,1.000000
734.500000 ,3621411.550893 ,271.000000 ,1.000000
737.300000 ,3621412.581250 ,272.000000 ,1.000000
740.100000 ,3621411.253125 ,273.000000 ,1.000000
741.500000 ,3621410.212500 ,274.000000 ,1.000000
742.900000 ,3621412.995250 ,275.000000 ,1.000000
747.100000 ,3621410.584500 ,276.000000 ,1.000000
749.900000 ,3621410.437750 ,277.000000 ,1.000000
751.300000 ,3621412.477786 ,278.000000 ,1.000000
754.100000 ,3621412.995250 ,279.000000 ,1.000000
754.100000 ,3621410.792446 ,280.000000 ,1.000000
755.500000 ,3621412.347875 ,281.000000 ,1.000000
756.900000 ,3621409.950500 ,282.000000 ,1.000000
758.300000 ,3621409.950500 ,283.000000 ,1.000000
765.300000 ,3621413.355750 ,284.000000 ,1.000000
765.300000 ,3621451.813250 ,285.000000 ,0.000000
769.500000 ,3621411.305107 ,286.000000 ,1.000000
769.500000 ,3621409.333375 ,287.000000 ,1.000000
772.300000 ,3621412.330429 ,288.000000 ,1.000000
772.300000 ,3621401.118250 ,289.000000 ,1.000000
775.100000 ,3621413.355750 ,290.000000 ,1.000000
775.100000 ,3621479.893250 ,291.000000 ,0.000000
777.900000 ,3621413.355750 ,292.000000 ,1.000000
777.900000 ,3621421.273250 ,293.000000 ,0.000000
779.300000 ,3621370.333250 ,294.000000 ,0.000000
782.100000 ,3621413.355750 ,295.000000 ,1.000000
787.700000 ,3621411.797750 ,296.000000 ,1.000000
789.100000 ,3621363.613250 ,297.000000 ,0.000000
790.500000 ,3621413.355750 ,298.000000 ,1.000000
790.500000 ,3621411.797750 ,299.000000 ,1.000000
793.300000 ,3621227.353250 ,300.000000 ,0.000000
797.500000 ,3621241.933250 ,301.000000 ,0.000000
807.300000 ,3621412.526000 ,302.000000 ,1.000000
807.300000 ,3621411.544250 ,303.000000 ,1.000000
812.900000 ,3621410.962312 ,304.000000 ,1.000000
817.100000 ,3621221.593250 ,305.000000 ,0.000000
817.100000 ,3621411.772375 ,306.000000 ,1.000000
818.500000 ,3621411.772375 ,307.000000 ,1.000000
821.300000 ,3621410.962312 ,308.000000 ,1.000000
822.700000 ,3621411.511625 ,309.000000 ,1.000000
826.900000 ,3621411.662500 ,310.000000 ,1.000000
829.700000 ,3621410.962312 ,311.000000 ,1.000000
836.700000 ,3621410.820700 ,312.000000 ,1.000000
839.500000 ,3621411.662500 ,313.000000 ,1.000000
842.300000 ,3621409.931312 ,314.000000 ,1.000000
843.700000 ,3621411.662500 ,315.000000 ,1.000000
846.500000 ,3621409.931312 ,316.000000 ,1.000000
846.500000 ,3621409.431000 ,317.000000 ,1.000000
852.100000 ,3621409.830500 ,318.000000 ,1.000000
854.900000 ,3621409.830500 ,319.000000 ,1.000000
854.900000 ,3621481.993250 ,320.000000 ,0.000000
857.700000 ,3621409.830500 ,321.000000 ,1.000000
859.100000 ,3621410.820700 ,322.000000 ,1.000000
859.100000 ,3621409.712875 ,323.000000 ,1.000000
860.500000 ,3621409.559444 ,324.000000 ,1.000000
864.700000 ,3621409.707375 ,325.000000 ,1.000000
867.500000 ,3621409.707375 ,326.000000 ,1.000000
868.900000 ,3621310.093250 ,327.000000 ,0.000000
871.700000 ,3621408.655289 ,328.000000 ,1.000000
874.500000 ,3621408.034829 ,329.000000 ,1.000000
877.300000 ,3621409.518917 ,330.000000 ,1.000000
885.700000 ,3621409.356806 ,331.000000 ,1.000000
885.700000 ,3621406.173447 ,332.000000 ,1.000000
887.100000 ,3621406.793908 ,333.000000 ,1.000000
887.100000 ,3621400.589303 ,334.000000 ,1.000000
888.500000 ,3621403.071145 ,335.000000 ,1.000000
889.900000 ,3621404.932526 ,336.000000 ,1.000000
894.100000 ,3621308.173250 ,337.000000 ,0.000000
894.100000 ,3621403.691605 ,338.000000 ,1.000000
895.500000 ,3621215.833250 ,339.000000 ,0.000000
901.100000 ,3621408.739500 ,340.000000 ,1.000000
903.900000 ,3621403.691605 ,341.000000 ,1.000000
903.900000 ,3621398.727921 ,342.000000 ,1.000000
906.700000 ,3621408.739500 ,343.000000 ,1.000000
906.700000 ,3621397.487000 ,344.000000 ,1.000000
909.500000 ,3621404.630667 ,345.000000 ,1.000000
912.300000 ,3621266.353250 ,346.000000 ,0.000000
915.100000 ,3621202.093250 ,347.000000 ,0.000000
915.100000 ,3621402.841750 ,348.000000 ,1.000000
917.900000 ,3621399.348382 ,349.000000 ,1.000000
920.700000 ,3621404.630667 ,350.000000 ,1.000000
922.100000 ,3621397.487000 ,351.000000 ,1.000000
922.100000 ,3621368.953250 ,352.000000 ,0.000000
927.700000 ,3621409.444875 ,353.000000 ,1.000000
930.500000 ,3621402.841750 ,354.000000 ,1.000000
933.300000 ,3621402.841750 ,355.000000 ,1.000000
934.700000 ,3621408.395167 ,356.000000 ,1.000000
934.700000 ,3621402.354500 ,357.000000 ,1.000000
936.100000 ,3621402.354500 ,358.000000 ,1.000000
940.300000 ,3621409.095250 ,359.000000 ,1.000000
940.300000 ,3621404.437250 ,360.000000 ,1.000000
947.300000 ,3621402.027625 ,361.000000 ,1.000000
948.700000 ,3621396.363750 ,362.000000 ,1.000000
951.500000 ,3621402.027625 ,363.000000 ,1.000000
952.900000 ,3621407.634500 ,364.000000 ,1.000000
954.300000 ,3621406.401250 ,365.000000 ,1.000000
955.700000 ,3621418.933250 ,366.000000 ,0.000000
957.100000 ,3621407.634500 ,367.000000 ,1.000000
959.900000 ,3621401.279875 ,368.000000 ,1.000000
962.700000 ,3621407.634500 ,369.000000 ,1.000000
965.500000 ,3621406.765750 ,370.000000 ,1.000000
966.900000 ,3621406.728750 ,371.000000 ,1.000000
969.700000 ,3621401.279875 ,372.000000 ,1.000000
971.100000 ,3621406.728750 ,373.000000 ,1.000000
979.500000 ,3621396.158500 ,374.000000 ,1.000000
985.100000 ,3621406.903000 ,375.000000 ,1.000000
986.500000 ,3621406.903000 ,376.000000 ,1.000000
987.900000 ,3621206.593250 ,377.000000 ,0.000000
989.300000 ,3621406.903000 ,378.000000 ,1.000000
994.900000 ,3621398.750375 ,379.000000 ,1.000000
1001.900000 ,3621406.627500 ,380.000000 ,1.000000
1001.900000 ,3621405.623375 ,381.000000 ,1.000000
1001.900000 ,3621395.847000 ,382.000000 ,1.000000
1004.700000 ,3621398.750375 ,383.000000 ,1.000000
1004.700000 ,3621395.847000 ,384.000000 ,1.000000
1006.100000 ,3621395.847000 ,385.000000 ,1.000000
1008.900000 ,3621404.877250 ,386.000000 ,1.000000
1017.300000 ,3621405.623375 ,387.000000 ,1.000000
1018.700000 ,3621405.623375 ,388.000000 ,1.000000
1020.100000 ,3621405.623375 ,389.000000 ,1.000000
1031.300000 ,3621404.449146 ,390.000000 ,1.000000
1032.700000 ,3621403.626300 ,391.000000 ,1.000000
1036.900000 ,3621405.194227 ,392.000000 ,1.000000
1039.700000 ,3621404.275326 ,393.000000 ,1.000000
1043.900000 ,3621381.253250 ,394.000000 ,0.000000
1045.300000 ,3621404.765763 ,395.000000 ,1.000000
1048.100000 ,3621405.492475 ,396.000000 ,1.000000
1049.500000 ,3621404.008750 ,397.000000 ,1.000000
1050.900000 ,3621404.063827 ,398.000000 ,1.000000
1055.100000 ,3621404.063827 ,399.000000 ,1.000000
1059.300000 ,3621404.887052 ,400.000000 ,1.000000
1062.100000 ,3621404.800624 ,401.000000 ,1.000000
1063.500000 ,3621404.714195 ,402.000000 ,1.000000
1064.900000 ,3621319.033250 ,403.000000 ,0.000000
1067.700000 ,3621404.800624 ,404.000000 ,1.000000
1070.500000 ,3621405.232768 ,405.000000 ,1.000000
1070.500000 ,3621404.800624 ,406.000000 ,1.000000
1073.300000 ,3621277.933250 ,407.000000 ,0.000000
1073.300000 ,3621405.059910 ,408.000000 ,1.000000
1073.300000 ,3621404.454908 ,409.000000 ,1.000000
1074.700000 ,3621367.213250 ,410.000000 ,0.000000
1077.500000 ,3621404.714195 ,411.000000 ,1.000000
1078.900000 ,3621405.059910 ,412.000000 ,1.000000
1083.100000 ,3621404.887052 ,413.000000 ,1.000000
1084.500000 ,3621277.753250 ,414.000000 ,0.000000
1087.300000 ,3621403.504191 ,415.000000 ,1.000000
1088.700000 ,3621403.936335 ,416.000000 ,1.000000
1090.100000 ,3621404.627766 ,417.000000 ,1.000000
1090.100000 ,3621403.504191 ,418.000000 ,1.000000
1091.500000 ,3621403.763478 ,419.000000 ,1.000000
1092.900000 ,3621404.454908 ,420.000000 ,1.000000
1095.700000 ,3621403.677049 ,421.000000 ,1.000000
1097.100000 ,3621403.763478 ,422.000000 ,1.000000
1099.900000 ,3621458.533250 ,423.000000 ,0.000000
1101.300000 ,3621402.708550 ,424.000000 ,1.000000
1102.700000 ,3621403.504191 ,425.000000 ,1.000000
1105.500000 ,3621401.791617 ,426.000000 ,1.000000
1105.500000 ,3621424.993250 ,427.000000 ,0.000000
1108.300000 ,3621403.677049 ,428.000000 ,1.000000
1111.100000 ,3621403.677049 ,429.000000 ,1.000000
1113.900000 ,3621401.791617 ,430.000000 ,1.000000
1118.100000 ,3621401.562383 ,431.000000 ,1.000000
1119.500000 ,3621402.250083 ,432.000000 ,1.000000
1119.500000 ,3621400.645450 ,433.000000 ,1.000000
1123.700000 ,3621402.020850 ,434.000000 ,1.000000
1125.100000 ,3621403.167017 ,435.000000 ,1.000000
1126.500000 ,3621400.186983 ,436.000000 ,1.000000
1132.100000 ,3621400.645450 ,437.000000 ,1.000000
1133.500000 ,3621400.949437 ,438.000000 ,1.000000
1133.500000 ,3621400.018788 ,439.000000 ,1.000000
1134.900000 ,3621400.716775 ,440.000000 ,1.000000
1140.500000 ,3621400.716775 ,441.000000 ,1.000000
1144.700000 ,3621281.113250 ,442.000000 ,0.000000
1147.500000 ,3621402.112750 ,443.000000 ,1.000000
1148.900000 ,3621401.647425 ,444.000000 ,1.000000
1150.300000 ,3621443.953250 ,445.000000 ,0.000000
1151.700000 ,3621399.957750 ,446.000000 ,1.000000
1151.700000 ,3621399.138250 ,447.000000 ,1.000000
1155.900000 ,3621401.880087 ,448.000000 ,1.000000
1158.700000 ,3621399.857188 ,449.000000 ,1.000000
1161.500000 ,3621399.012500 ,450.000000 ,1.000000
1162.900000 ,3621399.138250 ,451.000000 ,1.000000
1167.100000 ,3621401.880087 ,452.000000 ,1.000000
1169.900000 ,3621403.056375 ,453.000000 ,1.000000
1171.300000 ,3621403.067500 ,454.000000 ,1.000000
1175.500000 ,3621401.798062 ,455.000000 ,1.000000
1178.300000 ,3621478.333250 ,456.000000 ,0.000000
1195.100000 ,3621255.193250 ,457.000000 ,0.000000
1199.300000 ,3621402.203375 ,458.000000 ,1.000000
1199.300000 ,3621400.202000 ,459.000000 ,1.000000
1202.100000 ,3621402.203375 ,460.000000 ,1.000000
1203.500000 ,3621400.652458 ,461.000000 ,1.000000
1204.900000 ,3621356.113250 ,462.000000 ,0.000000
1206.300000 ,3621402.860250 ,463.000000 ,1.000000
1206.300000 ,3621402.203375 ,464.000000 ,1.000000
1210.500000 ,3621398.191167 ,465.000000 ,1.000000
1213.300000 ,3621400.652458 ,466.000000 ,1.000000
1214.700000 ,3621398.191167 ,467.000000 ,1.000000
1217.500000 ,3621403.113750 ,468.000000 ,1.000000
1218.900000 ,3621396.975000 ,469.000000 ,1.000000
1223.100000 ,3621402.655312 ,470.000000 ,1.000000
1230.100000 ,3621399.610571 ,471.000000 ,1.000000
1231.500000 ,3621400.652458 ,472.000000 ,1.000000
1234.300000 ,3621397.626286 ,473.000000 ,1.000000
1235.700000 ,3621397.764000 ,474.000000 ,1.000000
1238.500000 ,3621398.294500 ,475.000000 ,1.000000
1239.900000 ,3621396.703000 ,476.000000 ,1.000000
1241.300000 ,3621402.791937 ,477.000000 ,1.000000
1241.300000 ,3621397.764000 ,478.000000 ,1.000000
1242.700000 ,3621398.825000 ,479.000000 ,1.000000
1244.100000 ,3621289.453250 ,480.000000 ,0.000000
1251.100000 ,3621397.764000 ,481.000000 ,1.000000
1255.300000 ,3621398.825000 ,482.000000 ,1.000000
1262.300000 ,3621398.825000 ,483.000000 ,1.000000
1262.300000 ,3621397.233500 ,484.000000 ,1.000000
1263.700000 ,3621394.984250 ,485.000000 ,1.000000
1265.100000 ,3621400.947000 ,486.000000 ,1.000000
1270.700000 ,3621400.947000 ,487.000000 ,1.000000
1270.700000 ,3621399.955250 ,488.000000 ,1.000000
1270.700000 ,3621434.533250 ,489.000000 ,0.000000
1280.500000 ,3621400.560667 ,490.000000 ,1.000000
1280.500000 ,3621399.955250 ,491.000000 ,1.000000
1286.100000 ,3621400.560667 ,492.000000 ,1.000000
1291.700000 ,3621400.625025 ,493.000000 ,1.000000
1298.700000 ,3621400.625025 ,494.000000 ,1.000000
1298.700000 ,3621399.414600 ,495.000000 ,1.000000
1302.900000 ,3621398.607650 ,496.000000 ,1.000000
1304.300000 ,3621400.625025 ,497.000000 ,1.000000
1305.700000 ,3621400.509764 ,498.000000 ,1.000000
1308.500000 ,3621396.993750 ,499.000000 ,1.000000
1319.700000 ,3621398.607650 ,500.000000 ,1.000000
1321.100000 ,3621396.993750 ,501.000000 ,1.000000
1321.100000 ,3621396.186800 ,502.000000 ,1.000000
1322.500000 ,3621396.590275 ,503.000000 ,1.000000
1323.900000 ,3621396.186800 ,504.000000 ,1.000000
1326.700000 ,3621378.013250 ,505.000000 ,0.000000
1329.500000 ,3621392.959000 ,506.000000 ,1.000000
1330.900000 ,3621396.590275 ,507.000000 ,1.000000
1333.700000 ,3621393.037000 ,508.000000 ,1.000000
1336.500000 ,3621394.169425 ,509.000000 ,1.000000
1337.900000 ,3621397.397225 ,510.000000 ,1.000000
1337.900000 ,3621390.866583 ,511.000000 ,1.000000
1340.700000 ,3621394.976375 ,512.000000 ,1.000000
1343.500000 ,3621460.453250 ,513.000000 ,0.000000
1344.900000 ,3621395.474071 ,514.000000 ,1.000000
1346.300000 ,3621394.255536 ,515.000000 ,1.000000
1353.300000 ,3621395.880250 ,516.000000 ,1.000000
1353.300000 ,3621393.849357 ,517.000000 ,1.000000
1356.100000 ,3621393.849357 ,518.000000 ,1.000000
1357.500000 ,3621391.912792 ,519.000000 ,1.000000
1360.300000 ,3621398.885750 ,520.000000 ,1.000000
1365.900000 ,3621314.113250 ,521.000000 ,0.000000
1365.900000 ,3621397.944750 ,522.000000 ,1.000000
1368.700000 ,3621395.067893 ,523.000000 ,1.000000
1370.100000 ,3621319.513250 ,524.000000 ,0.000000
1372.900000 ,3621254.173250 ,525.000000 ,0.000000
1372.900000 ,3621417.193250 ,526.000000 ,0.000000
1375.700000 ,3621395.148850 ,527.000000 ,1.000000
1377.100000 ,3621395.636450 ,528.000000 ,1.000000
1378.500000 ,3621394.905050 ,529.000000 ,1.000000
1388.300000 ,3621270.133250 ,530.000000 ,0.000000
1389.700000 ,3621394.661250 ,531.000000 ,1.000000
1391.100000 ,3621395.626771 ,532.000000 ,1.000000
1392.500000 ,3621394.566844 ,533.000000 ,1.000000
1393.900000 ,3621238.513250 ,534.000000 ,0.000000
1393.900000 ,3621394.601903 ,535.000000 ,1.000000
1396.700000 ,3621394.601903 ,536.000000 ,1.000000
1398.100000 ,3621397.541875 ,537.000000 ,1.000000
1398.100000 ,3621395.626771 ,538.000000 ,1.000000
1405.100000 ,3621395.626771 ,539.000000 ,1.000000
1406.500000 ,3621394.363083 ,540.000000 ,1.000000
1414.900000 ,3621233.533250 ,541.000000 ,0.000000
1421.900000 ,3621392.769071 ,542.000000 ,1.000000
1423.300000 ,3621392.769071 ,543.000000 ,1.000000
1428.900000 ,3621393.653417 ,544.000000 ,1.000000
1428.900000 ,3621432.193250 ,545.000000 ,0.000000
1430.300000 ,3621391.607679 ,546.000000 ,1.000000
1431.700000 ,3621395.437094 ,547.000000 ,1.000000
1435.900000 ,3621393.653417 ,548.000000 ,1.000000
1445.700000 ,3621308.413250 ,549.000000 ,0.000000
1445.700000 ,3621395.427750 ,550.000000 ,1.000000
1445.700000 ,3621393.555375 ,551.000000 ,1.000000
1448.500000 ,3621392.612750 ,552.000000 ,1.000000
1451.300000 ,3621392.909375 ,553.000000 ,1.000000
1454.100000 ,3621392.707500 ,554.000000 ,1.000000
1458.300000 ,3621393.599500 ,555.000000 ,1.000000
1461.100000 ,3621393.599500 ,556.000000 ,1.000000
1461.100000 ,3621392.707500 ,557.000000 ,1.000000
1462.500000 ,3621392.707500 ,558.000000 ,1.000000
1465.300000 ,3621463.213250 ,559.000000 ,0.000000
1466.700000 ,3621197.413250 ,560.000000 ,0.000000
1469.500000 ,3621392.707500 ,561.000000 ,1.000000
1470.900000 ,3621393.150250 ,562.000000 ,1.000000
1473.700000 ,3621392.476375 ,563.000000 ,1.000000
1473.700000 ,3621391.400500 ,564.000000 ,1.000000
1479.300000 ,3621392.027125 ,565.000000 ,1.000000
1487.700000 ,3621393.150250 ,566.000000 ,1.000000
1489.100000 ,3621392.701000 ,567.000000 ,1.000000
1493.300000 ,3621327.673250 ,568.000000 ,0.000000
1494.700000 ,3621391.353250 ,569.000000 ,1.000000
1496.100000 ,3621392.027125 ,570.000000 ,1.000000
1501.700000 ,3621391.128625 ,571.000000 ,1.000000
1505.900000 ,3621391.353250 ,572.000000 ,1.000000
1511.500000 ,3621390.904000 ,573.000000 ,1.000000
1514.300000 ,3621390.831567 ,574.000000 ,1.000000
1519.900000 ,3621390.879500 ,575.000000 ,1.000000
1525.500000 ,3621390.879500 ,576.000000 ,1.000000
1526.900000 ,3621465.433250 ,577.000000 ,0.000000
1532.500000 ,3621390.850740 ,578.000000 ,1.000000
1533.900000 ,3621390.850740 ,579.000000 ,1.000000
1535.300000 ,3621390.841154 ,580.000000 ,1.000000
1536.700000 ,3621390.831567 ,581.000000 ,1.000000
1538.100000 ,3621390.831567 ,582.000000 ,1.000000
1539.500000 ,3621390.821981 ,583.000000 ,1.000000
1540.900000 ,3621390.812394 ,584.000000 ,1.000000
1543.700000 ,3621390.802808 ,585.000000 ,1.000000
1547.900000 ,3621390.783635 ,586.000000 ,1.000000
1559.100000 ,3621390.884425 ,587.000000 ,1.000000
1561.900000 ,3621390.884425 ,588.000000 ,1.000000
1563.300000 ,3621390.706942 ,589.000000 ,1.000000
1566.100000 ,3621390.125000 ,590.000000 ,1.000000
1568.900000 ,3621390.125000 ,591.000000 ,1.000000
1570.300000 ,3621390.984214 ,592.000000 ,1.000000
1571.700000 ,3621389.561341 ,593.000000 ,1.000000
1575.900000 ,3621390.125000 ,594.000000 ,1.000000
1577.300000 ,3621389.561341 ,595.000000 ,1.000000
1580.100000 ,3621390.984214 ,596.000000 ,1.000000
1580.100000 ,3621389.561341 ,597.000000 ,1.000000
1580.100000 ,3621389.041875 ,598.000000 ,1.000000
1582.900000 ,3621389.383500 ,599.000000 ,1.000000
1584.300000 ,3621389.577750 ,600.000000 ,1.000000
1591.300000 ,3621389.577750 ,601.000000 ,1.000000
1592.700000 ,3621388.338500 ,602.000000 ,1.000000
1595.500000 ,3621389.577750 ,603.000000 ,1.000000
1598.300000 ,3621389.577750 ,604.000000 ,1.000000
1599.700000 ,3621389.104750 ,605.000000 ,1.000000
1602.500000 ,3621389.104750 ,606.000000 ,1.000000
1603.900000 ,3621389.577750 ,607.000000 ,1.000000
1609.500000 ,3621388.338500 ,608.000000 ,1.000000
1613.700000 ,3621389.104750 ,609.000000 ,1.000000
1615.100000 ,3621388.338500 ,610.000000 ,1.000000
1615.100000 ,3621387.384200 ,611.000000 ,1.000000
1616.500000 ,3621389.104750 ,612.000000 ,1.000000
1617.900000 ,3621254.833250 ,613.000000 ,0.000000
1619.300000 ,3621389.104750 ,614.000000 ,1.000000
1620.700000 ,3621299.593250 ,615.000000 ,0.000000
1620.700000 ,3621318.493250 ,616.000000 ,0.000000
1622.100000 ,3621197.293250 ,617.000000 ,0.000000
1622.100000 ,3621389.104750 ,618.000000 ,1.000000
1627.700000 ,3621389.104750 ,619.000000 ,1.000000
1633.300000 ,3621388.916875 ,620.000000 ,1.000000
1634.700000 ,3621385.400750 ,621.000000 ,1.000000
1636.100000 ,3621385.400750 ,622.000000 ,1.000000
1637.500000 ,3621388.045350 ,623.000000 ,1.000000
1637.500000 ,3621467.713250 ,624.000000 ,0.000000
1641.700000 ,3621385.400750 ,625.000000 ,1.000000
1650.100000 ,3621385.400750 ,626.000000 ,1.000000
1651.500000 ,3621385.209898 ,627.000000 ,1.000000
1669.700000 ,3621384.128406 ,628.000000 ,1.000000
1672.500000 ,3621384.700961 ,629.000000 ,1.000000
1672.500000 ,3621384.382875 ,630.000000 ,1.000000
1673.900000 ,3621384.255641 ,631.000000 ,1.000000
1675.300000 ,3621384.637344 ,632.000000 ,1.000000
1676.700000 ,3621383.619469 ,633.000000 ,1.000000
1679.500000 ,3621384.510109 ,634.000000 ,1.000000
1682.300000 ,3621383.619469 ,635.000000 ,1.000000
1687.900000 ,3621384.373000 ,636.000000 ,1.000000
1689.300000 ,3621383.683086 ,637.000000 ,1.000000
1694.900000 ,3621210.553250 ,638.000000 ,0.000000
1694.900000 ,3621384.320583 ,639.000000 ,1.000000
1696.300000 ,3621384.373000 ,640.000000 ,1.000000
1701.900000 ,3621327.313250 ,641.000000 ,0.000000
1706.100000 ,3621383.555852 ,642.000000 ,1.000000
1707.500000 ,3621199.093250 ,643.000000 ,0.000000
1707.500000 ,3621384.320583 ,644.000000 ,1.000000
1717.300000 ,3621383.869000 ,645.000000 ,1.000000
1721.500000 ,3621384.424250 ,646.000000 ,1.000000
1722.900000 ,3621384.424250 ,647.000000 ,1.000000
1728.500000 ,3621383.737000 ,648.000000 ,1.000000
1729.900000 ,3621384.424250 ,649.000000 ,1.000000
1729.900000 ,3621383.737000 ,650.000000 ,1.000000
1734.100000 ,3621383.608125 ,651.000000 ,1.000000
1739.700000 ,3621252.373250 ,652.000000 ,0.000000
1739.700000 ,3621384.082125 ,653.000000 ,1.000000
1742.500000 ,3621383.608125 ,654.000000 ,1.000000
1743.900000 ,3621383.737000 ,655.000000 ,1.000000
1746.700000 ,3621383.350375 ,656.000000 ,1.000000
1748.100000 ,3621383.672562 ,657.000000 ,1.000000
1748.100000 ,3621433.873250 ,658.000000 ,0.000000
1753.700000 ,3621383.414813 ,659.000000 ,1.000000
1755.100000 ,3621383.285938 ,660.000000 ,1.000000
1757.900000 ,3621385.417500 ,661.000000 ,1.000000
1757.900000 ,3621383.350375 ,662.000000 ,1.000000
1760.700000 ,3621388.718750 ,663.000000 ,1.000000
1760.700000 ,3621383.221500 ,664.000000 ,1.000000
1762.100000 ,3621385.199000 ,665.000000 ,1.000000
1763.500000 ,3621274.813250 ,666.000000 ,0.000000
1764.900000 ,3621383.170250 ,667.000000 ,1.000000
1766.300000 ,3621383.170250 ,668.000000 ,1.000000
1767.700000 ,3621416.053250 ,669.000000 ,0.000000
1769.100000 ,3621223.333250 ,670.000000 ,0.000000
1769.100000 ,3621385.417500 ,671.000000 ,1.000000
1773.300000 ,3621462.073250 ,672.000000 ,0.000000
1774.700000 ,3621388.718750 ,673.000000 ,1.000000
1776.100000 ,3621386.002500 ,674.000000 ,1.000000
1776.100000 ,3621385.417500 ,675.000000 ,1.000000
1778.900000 ,3621386.002500 ,676.000000 ,1.000000
1780.300000 ,3621388.718750 ,677.000000 ,1.000000
1780.300000 ,3621385.417500 ,678.000000 ,1.000000
1781.700000 ,3621388.718750 ,679.000000 ,1.000000
1784.500000 ,3621386.446000 ,680.000000 ,1.000000
1785.900000 ,3621386.321500 ,681.000000 ,1.000000
1788.700000 ,3621386.002500 ,682.000000 ,1.000000
1791.500000 ,3621386.321500 ,683.000000 ,1.000000
1794.300000 ,3621386.002500 ,684.000000 ,1.000000
1797.100000 ,3621386.002500 ,685.000000 ,1.000000
1799.900000 ,3621388.426500 ,686.000000 ,1.000000
1801.300000 ,3621388.426500 ,687.000000 ,1.000000
1806.900000 ,3621384.801250 ,688.000000 ,1.000000
1808.300000 ,3621358.453250 ,689.000000 ,0.000000
1808.300000 ,3621387.751500 ,690.000000 ,1.000000
1808.300000 ,3621387.169312 ,691.000000 ,1.000000
1813.900000 ,3621320.953250 ,692.000000 ,0.000000
1815.300000 ,3621281.833250 ,693.000000 ,0.000000
1815.300000 ,3621387.288321 ,694.000000 ,1.000000
1816.700000 ,3621387.169312 ,695.000000 ,1.000000
1822.300000 ,3621387.897750 ,696.000000 ,1.000000
1826.500000 ,3621387.593036 ,697.000000 ,1.000000
1827.900000 ,3621387.593036 ,698.000000 ,1.000000
1829.300000 ,3621387.897750 ,699.000000 ,1.000000
1830.700000 ,3621339.373250 ,700.000000 ,0.000000
1830.700000 ,3621385.888063 ,701.000000 ,1.000000
1833.500000 ,3621343.693250 ,702.000000 ,0.000000
1833.500000 ,3621387.593036 ,703.000000 ,1.000000
1841.900000 ,3621387.505000 ,704.000000 ,1.000000
1843.300000 ,3621387.384250 ,705.000000 ,1.000000
1848.900000 ,3621385.465313 ,706.000000 ,1.000000
1848.900000 ,3621384.909458 ,707.000000 ,1.000000
1851.700000 ,3621384.878344 ,708.000000 ,1.000000
1851.700000 ,3621384.098125 ,709.000000 ,1.000000
1854.500000 ,3621482.053250 ,710.000000 ,0.000000
1855.900000 ,3621384.909458 ,711.000000 ,1.000000
1857.300000 ,3621384.291375 ,712.000000 ,1.000000
1857.300000 ,3621382.530469 ,713.000000 ,1.000000
1858.700000 ,3621385.465313 ,714.000000 ,1.000000
1860.100000 ,3621384.611375 ,715.000000 ,1.000000
1871.300000 ,3621267.073250 ,716.000000 ,0.000000
1871.300000 ,3621491.773250 ,717.000000 ,0.000000
1872.700000 ,3621383.832643 ,718.000000 ,1.000000
1875.500000 ,3621208.393250 ,719.000000 ,0.000000
1875.500000 ,3621383.202929 ,720.000000 ,1.000000
1885.300000 ,3621383.202929 ,721.000000 ,1.000000
1886.700000 ,3621337.093250 ,722.000000 ,0.000000
1888.100000 ,3621384.306083 ,723.000000 ,1.000000
1888.100000 ,3621383.517786 ,724.000000 ,1.000000
1889.500000 ,3621430.693250 ,725.000000 ,0.000000
1892.300000 ,3621382.888071 ,726.000000 ,1.000000
1897.900000 ,3621384.444601 ,727.000000 ,1.000000
1900.700000 ,3621384.523146 ,728.000000 ,1.000000
1913.300000 ,3621385.249750 ,729.000000 ,1.000000
1916.100000 ,3621385.249750 ,730.000000 ,1.000000
1917.500000 ,3621384.818656 ,731.000000 ,1.000000
1920.300000 ,3621384.934720 ,732.000000 ,1.000000
1924.500000 ,3621385.249750 ,733.000000 ,1.000000
1928.700000 ,3621385.189125 ,734.000000 ,1.000000
1930.100000 ,3621385.150500 ,735.000000 ,1.000000
1932.900000 ,3621385.249750 ,736.000000 ,1.000000
1938.500000 ,3621384.764750 ,737.000000 ,1.000000
1941.300000 ,3621384.643500 ,738.000000 ,1.000000
1944.100000 ,3621339.913250 ,739.000000 ,0.000000
1944.100000 ,3621385.249750 ,740.000000 ,1.000000
1945.500000 ,3621385.067875 ,741.000000 ,1.000000
1952.500000 ,3621384.401000 ,742.000000 ,1.000000
1955.300000 ,3621384.279750 ,743.000000 ,1.000000
1956.700000 ,3621384.340375 ,744.000000 ,1.000000
1958.100000 ,3621384.401000 ,745.000000 ,1.000000
1959.500000 ,3621384.764750 ,746.000000 ,1.000000
1960.900000 ,3621384.461625 ,747.000000 ,1.000000
1962.300000 ,3621384.279750 ,748.000000 ,1.000000
1963.700000 ,3621384.704125 ,749.000000 ,1.000000
1965.100000 ,3621384.340375 ,750.000000 ,1.000000
1966.500000 ,3621384.461625 ,751.000000 ,1.000000
1969.300000 ,3621456.793250 ,752.000000 ,0.000000
1972.100000 ,3621383.855375 ,753.000000 ,1.000000
1973.500000 ,3621383.855375 ,754.000000 ,1.000000
1974.900000 ,3621383.916000 ,755.000000 ,1.000000
1980.500000 ,3621384.037250 ,756.000000 ,1.000000
1986.100000 ,3621384.037250 ,757.000000 ,1.000000
1987.500000 ,3621296.953250 ,758.000000 ,0.000000
1987.500000 ,3621383.794750 ,759.000000 ,1.000000
1988.900000 ,3621245.413250 ,760.000000 ,0.000000
1990.300000 ,3621231.013250 ,761.000000 ,0.000000
1990.300000 ,3621383.673500 ,762.000000 ,1.000000
1997.300000 ,3621472.573250 ,763.000000 ,0.000000
1998.700000 ,3621383.738250 ,764.000000 ,1.000000
2002.900000 ,3621383.550194 ,765.000000 ,1.000000
2004.300000 ,3621383.268111 ,766.000000 ,1.000000
2005.700000 ,3621383.738250 ,767.000000 ,1.000000
2007.100000 ,3621383.841250 ,768.000000 ,1.000000
2016.900000 ,3621383.318625 ,769.000000 ,1.000000
2019.700000 ,3621383.666250 ,770.000000 ,1.000000
2021.100000 ,3621383.841250 ,771.000000 ,1.000000
2022.500000 ,3621383.841250 ,772.000000 ,1.000000
2023.900000 ,3621383.462875 ,773.000000 ,1.000000
2025.300000 ,3621383.208750 ,774.000000 ,1.000000
2030.900000 ,3621436.933250 ,775.000000 ,0.000000
2040.700000 ,3621490.213250 ,776.000000 ,0.000000
2042.100000 ,3621383.318625 ,777.000000 ,1.000000
2043.500000 ,3621383.196000 ,778.000000 ,1.000000
2044.900000 ,3621383.079000 ,779.000000 ,1.000000
2047.700000 ,3621383.196000 ,780.000000 ,1.000000
2050.500000 ,3621383.654125 ,781.000000 ,1.000000
2051.900000 ,3621383.079000 ,782.000000 ,1.000000
2054.700000 ,3621383.196000 ,783.000000 ,1.000000
2057.500000 ,3621382.975750 ,784.000000 ,1.000000
2060.300000 ,3621383.196000 ,785.000000 ,1.000000
2061.700000 ,3621383.196000 ,786.000000 ,1.000000
2064.500000 ,3621382.790000 ,787.000000 ,1.000000
2068.700000 ,3621382.864250 ,788.000000 ,1.000000
2070.100000 ,3621382.938500 ,789.000000 ,1.000000
2079.900000 ,3621382.752875 ,790.000000 ,1.000000
2079.900000 ,3621382.418750 ,791.000000 ,1.000000
2082.700000 ,3621382.604375 ,792.000000 ,1.000000
2084.100000 ,3621289.933250 ,793.000000 ,0.000000
2086.900000 ,3621382.604375 ,794.000000 ,1.000000
2088.300000 ,3621382.567250 ,795.000000 ,1.000000
2095.300000 ,3621382.455875 ,796.000000 ,1.000000
2098.100000 ,3621382.188375 ,797.000000 ,1.000000
2103.700000 ,3621382.305469 ,798.000000 ,1.000000
2106.500000 ,3621382.149344 ,799.000000 ,1.000000
2107.900000 ,3621382.286750 ,800.000000 ,1.000000
2110.700000 ,3621382.286750 ,801.000000 ,1.000000
2112.100000 ,3621382.286750 ,802.000000 ,1.000000
2113.500000 ,3621382.286750 ,803.000000 ,1.000000
2116.300000 ,3621279.193250 ,804.000000 ,0.000000
2124.700000 ,3621382.286750 ,805.000000 ,1.000000
2126.100000 ,3621381.908222 ,806.000000 ,1.000000
2127.500000 ,3621305.293250 ,807.000000 ,0.000000
2130.300000 ,3621382.116000 ,808.000000 ,1.000000
2131.700000 ,3621336.313250 ,809.000000 ,0.000000
2131.700000 ,3621382.286750 ,810.000000 ,1.000000
2135.900000 ,3621381.908222 ,811.000000 ,1.000000
2140.100000 ,3621382.116000 ,812.000000 ,1.000000
2148.500000 ,3621381.982125 ,813.000000 ,1.000000
2149.900000 ,3621381.786563 ,814.000000 ,1.000000
2152.700000 ,3621381.908222 ,815.000000 ,1.000000
2155.500000 ,3621381.760417 ,816.000000 ,1.000000
2158.300000 ,3621381.760417 ,817.000000 ,1.000000
2163.900000 ,3621381.751107 ,818.000000 ,1.000000
2168.100000 ,3621381.794518 ,819.000000 ,1.000000
2170.900000 ,3621381.794518 ,820.000000 ,1.000000
2172.300000 ,3621381.924750 ,821.000000 ,1.000000
2172.300000 ,3621381.620875 ,822.000000 ,1.000000
2173.700000 ,3621381.924750 ,823.000000 ,1.000000
2182.100000 ,3621381.924750 ,824.000000 ,1.000000
2186.300000 ,3621381.924750 ,825.000000 ,1.000000
2187.700000 ,3621381.924750 ,826.000000 ,1.000000
2194.700000 ,3621381.924750 ,827.000000 ,1.000000
2204.500000 ,3621381.884250 ,828.000000 ,1.000000
2205.900000 ,3621381.884250 ,829.000000 ,1.000000
2207.300000 ,3621381.870750 ,830.000000 ,1.000000
2208.700000 ,3621381.845350 ,831.000000 ,1.000000
2210.100000 ,3621319.693250 ,832.000000 ,0.000000
2210.100000 ,3621381.845350 ,833.000000 ,1.000000
2212.900000 ,3621381.794550 ,834.000000 ,1.000000
2214.300000 ,3621381.769150 ,835.000000 ,1.000000
2215.700000 ,3621381.539000 ,836.000000 ,1.000000
2217.100000 ,3621381.743750 ,837.000000 ,1.000000
2224.100000 ,3621381.539000 ,838.000000 ,1.000000
2224.100000 ,3621450.013250 ,839.000000 ,0.000000
2225.500000 ,3621351.313250 ,840.000000 ,0.000000
2225.500000 ,3621393.613250 ,841.000000 ,0.000000
2233.900000 ,3621381.465750 ,842.000000 ,1.000000
2236.700000 ,3621380.893400 ,843.000000 ,1.000000
2240.900000 ,3621381.155000 ,844.000000 ,1.000000
2242.300000 ,3621381.431250 ,845.000000 ,1.000000
2243.700000 ,3621381.213833 ,846.000000 ,1.000000
2250.700000 ,3621381.649750 ,847.000000 ,1.000000
2250.700000 ,3621380.973200 ,848.000000 ,1.000000
2253.500000 ,3621381.079806 ,849.000000 ,1.000000
2254.900000 ,3621381.155000 ,850.000000 ,1.000000
2260.500000 ,3621381.649750 ,851.000000 ,1.000000
2263.300000 ,3621380.234250 ,852.000000 ,1.000000
2268.900000 ,3621293.833250 ,853.000000 ,0.000000
2271.700000 ,3621380.234250 ,854.000000 ,1.000000
2275.900000 ,3621380.376250 ,855.000000 ,1.000000
2278.700000 ,3621380.376250 ,856.000000 ,1.000000
2281.500000 ,3621380.376250 ,857.000000 ,1.000000
2282.900000 ,3621380.234250 ,858.000000 ,1.000000
2282.900000 ,3621477.853250 ,859.000000 ,0.000000
2284.300000 ,3621380.182261 ,860.000000 ,1.000000
2285.700000 ,3621380.186043 ,861.000000 ,1.000000
2288.500000 ,3621380.189824 ,862.000000 ,1.000000
2292.700000 ,3621380.197388 ,863.000000 ,1.000000
2296.900000 ,3621380.204952 ,864.000000 ,1.000000
2308.100000 ,3621221.833250 ,865.000000 ,0.000000
2310.900000 ,3621380.231426 ,866.000000 ,1.000000
2312.300000 ,3621205.393250 ,867.000000 ,0.000000
2312.300000 ,3621380.235207 ,868.000000 ,1.000000
2315.100000 ,3621380.238989 ,869.000000 ,1.000000
2322.100000 ,3621344.833250 ,870.000000 ,0.000000
2327.700000 ,3621380.265463 ,871.000000 ,1.000000
2329.100000 ,3621209.953250 ,872.000000 ,0.000000
2329.100000 ,3621380.265463 ,873.000000 ,1.000000
2334.700000 ,3621380.276809 ,874.000000 ,1.000000
2337.500000 ,3621353.893250 ,875.000000 ,0.000000
2338.900000 ,3621380.284372 ,876.000000 ,1.000000
2345.900000 ,3621198.193250 ,877.000000 ,0.000000
2351.500000 ,3621380.299500 ,878.000000 ,1.000000
2359.900000 ,3621380.143250 ,879.000000 ,1.000000
2361.300000 ,3621380.299500 ,880.000000 ,1.000000
2368.300000 ,3621380.299500 ,881.000000 ,1.000000
2369.700000 ,3621380.299500 ,882.000000 ,1.000000
2371.100000 ,3621380.299500 ,883.000000 ,1.000000
2379.500000 ,3621379.977000 ,884.000000 ,1.000000
2383.700000 ,3621380.143250 ,885.000000 ,1.000000
2386.500000 ,3621252.793250 ,886.000000 ,0.000000
2392.100000 ,3621416.833250 ,887.000000 ,0.000000
2400.500000 ,3621379.682333 ,888.000000 ,1.000000
2404.700000 ,3621379.216083 ,889.000000 ,1.000000
2414.500000 ,3621379.448833 ,890.000000 ,1.000000
2415.900000 ,3621379.448833 ,891.000000 ,1.000000
2417.300000 ,3621379.371250 ,892.000000 ,1.000000
2418.700000 ,3621241.513250 ,893.000000 ,0.000000
2431.300000 ,3621380.302250 ,894.000000 ,1.000000
2435.500000 ,3621278.293250 ,895.000000 ,0.000000
2438.300000 ,3621375.553250 ,896.000000 ,0.000000
2439.700000 ,3621380.334750 ,897.000000 ,1.000000
2441.100000 ,3621380.069500 ,898.000000 ,1.000000
2442.500000 ,3621380.953250 ,899.000000 ,0.000000
2445.300000 ,3621380.334750 ,900.000000 ,1.000000
2450.900000 ,3621380.224667 ,901.000000 ,1.000000
2452.300000 ,3621378.902750 ,902.000000 ,1.000000
2453.700000 ,3621380.172875 ,903.000000 ,1.000000
2455.100000 ,3621396.793250 ,904.000000 ,0.000000
2456.500000 ,3621380.334750 ,905.000000 ,1.000000
2456.500000 ,3621379.130833 ,906.000000 ,1.000000
2457.900000 ,3621444.673250 ,907.000000 ,0.000000
2462.100000 ,3621380.261875 ,908.000000 ,1.000000
2463.500000 ,3621380.206750 ,909.000000 ,1.000000
2464.900000 ,3621379.412667 ,910.000000 ,1.000000
2464.900000 ,3621378.752062 ,911.000000 ,1.000000
2466.300000 ,3621379.412667 ,912.000000 ,1.000000
2466.300000 ,3621378.601375 ,913.000000 ,1.000000
2473.300000 ,3621378.256500 ,914.000000 ,1.000000
2476.100000 ,3621377.897875 ,915.000000 ,1.000000
2477.500000 ,3621378.256500 ,916.000000 ,1.000000
2478.900000 ,3621377.897875 ,917.000000 ,1.000000
2494.300000 ,3621379.686333 ,918.000000 ,1.000000
2501.300000 ,3621379.686333 ,919.000000 ,1.000000
2501.300000 ,3621454.513250 ,920.000000 ,0.000000
2506.900000 ,3621379.686333 ,921.000000 ,1.000000
2506.900000 ,3621379.304393 ,922.000000 ,1.000000
2509.700000 ,3621287.773250 ,923.000000 ,0.000000
2512.500000 ,3621298.753250 ,924.000000 ,0.000000
2513.900000 ,3621379.686333 ,925.000000 ,1.000000
2520.900000 ,3621378.972607 ,926.000000 ,1.000000
2523.700000 ,3621379.686333 ,927.000000 ,1.000000
2523.700000 ,3621378.972607 ,928.000000 ,1.000000
2526.500000 ,3621379.370750 ,929.000000 ,1.000000
2527.900000 ,3621379.370750 ,930.000000 ,1.000000
2532.100000 ,3621379.105321 ,931.000000 ,1.000000
2533.500000 ,3621378.972607 ,932.000000 ,1.000000
2540.500000 ,3621379.038964 ,933.000000 ,1.000000
2541.900000 ,3621378.972607 ,934.000000 ,1.000000
2544.700000 ,3621378.906250 ,935.000000 ,1.000000
2546.100000 ,3621258.673250 ,936.000000 ,0.000000
2550.300000 ,3621379.047750 ,937.000000 ,1.000000
2553.100000 ,3621378.744750 ,938.000000 ,1.000000
2557.300000 ,3621378.997250 ,939.000000 ,1.000000
2558.700000 ,3621374.773250 ,940.000000 ,0.000000
2562.900000 ,3621379.300250 ,941.000000 ,1.000000
2564.300000 ,3621379.531000 ,942.000000 ,1.000000
2565.700000 ,3621366.913250 ,943.000000 ,0.000000
2569.900000 ,3621379.300250 ,944.000000 ,1.000000
2571.300000 ,3621379.761750 ,945.000000 ,1.000000
2575.500000 ,3621352.453250 ,946.000000 ,0.000000
2575.500000 ,3621379.761750 ,947.000000 ,1.000000
2575.500000 ,3621373.895250 ,948.000000 ,1.000000
2578.300000 ,3621223.393250 ,949.000000 ,0.000000
2579.700000 ,3621379.761750 ,950.000000 ,1.000000
2581.100000 ,3621379.761750 ,951.000000 ,1.000000
2582.500000 ,3621373.809167 ,952.000000 ,1.000000
2585.300000 ,3621379.761750 ,953.000000 ,1.000000
2599.300000 ,3621379.340500 ,954.000000 ,1.000000
2600.700000 ,3621379.695250 ,955.000000 ,1.000000
2603.500000 ,3621375.062875 ,956.000000 ,1.000000
2613.300000 ,3621379.695250 ,957.000000 ,1.000000
2618.900000 ,3621379.027750 ,958.000000 ,1.000000
2618.900000 ,3621421.333250 ,959.000000 ,0.000000
2624.500000 ,3621275.173250 ,960.000000 ,0.000000
2624.500000 ,3621379.277250 ,961.000000 ,1.000000
2630.100000 ,3621379.027750 ,962.000000 ,1.000000
2632.900000 ,3621378.816250 ,963.000000 ,1.000000
2634.300000 ,3621378.763583 ,964.000000 ,1.000000
2635.700000 ,3621357.973250 ,965.000000 ,0.000000
2635.700000 ,3621378.816250 ,966.000000 ,1.000000
2637.100000 ,3621379.264500 ,967.000000 ,1.000000
2639.900000 ,3621378.816250 ,968.000000 ,1.000000
2644.100000 ,3621378.816250 ,969.000000 ,1.000000
2649.700000 ,3621378.737250 ,970.000000 ,1.000000
2652.500000 ,3621378.207063 ,971.000000 ,1.000000
2653.900000 ,3621265.333250 ,972.000000 ,0.000000
2653.900000 ,3621378.761000 ,973.000000 ,1.000000
2655.300000 ,3621378.336375 ,974.000000 ,1.000000
2669.300000 ,3621379.597083 ,975.000000 ,1.000000
2676.300000 ,3621379.935250 ,976.000000 ,1.000000
2677.700000 ,3621379.935250 ,977.000000 ,1.000000
2688.900000 ,3621379.597083 ,978.000000 ,1.000000
2690.300000 ,3621433.333250 ,979.000000 ,0.000000
2691.700000 ,3621282.253250 ,980.000000 ,0.000000
2694.500000 ,3621379.597083 ,981.000000 ,1.000000
2698.700000 ,3621379.935250 ,982.000000 ,1.000000
2700.100000 ,3621299.293250 ,983.000000 ,0.000000
2701.500000 ,3621379.802000 ,984.000000 ,1.000000
2701.500000 ,3621377.298167 ,985.000000 ,1.000000
2704.300000 ,3621377.298167 ,986.000000 ,1.000000
2707.100000 ,3621375.136833 ,987.000000 ,1.000000
2708.500000 ,3621375.318500 ,988.000000 ,1.000000
2709.900000 ,3621377.298167 ,989.000000 ,1.000000
2709.900000 ,3621372.175750 ,990.000000 ,1.000000
2711.300000 ,3621372.175750 ,991.000000 ,1.000000
2712.700000 ,3621305.653250 ,992.000000 ,0.000000
2714.100000 ,3621375.318500 ,993.000000 ,1.000000
2719.700000 ,3621372.175750 ,994.000000 ,1.000000
2723.900000 ,3621375.318500 ,995.000000 ,1.000000
2725.300000 ,3621379.269750 ,996.000000 ,1.000000
2730.900000 ,3621379.005125 ,997.000000 ,1.000000
2735.100000 ,3621379.085750 ,998.000000 ,1.000000
2736.500000 ,3621375.136833 ,999.000000 ,1.000000
2737.900000 ,3621378.861250 ,1000.000000 ,1.000000
2739.300000 ,3621375.136833 ,1001.000000 ,1.000000
2740.700000 ,3621374.100500 ,1002.000000 ,1.000000
2742.100000 ,3621375.104250 ,1003.000000 ,1.000000
2749.100000 ,3621357.793250 ,1004.000000 ,0.000000
2749.100000 ,3621417.373250 ,1005.000000 ,0.000000
2750.500000 ,3621379.433750 ,1006.000000 ,1.000000
2753.300000 ,3621376.763833 ,1007.000000 ,1.000000
2754.700000 ,3621379.269750 ,1008.000000 ,1.000000
2757.500000 ,3621379.114800 ,1009.000000 ,1.000000
2760.300000 ,3621378.828583 ,1010.000000 ,1.000000
2761.700000 ,3621378.828583 ,1011.000000 ,1.000000
2771.500000 ,3621379.114800 ,1012.000000 ,1.000000
2775.700000 ,3621378.828583 ,1013.000000 ,1.000000
2782.700000 ,3621377.665708 ,1014.000000 ,1.000000
2785.500000 ,3621377.665708 ,1015.000000 ,1.000000
2788.300000 ,3621377.665708 ,1016.000000 ,1.000000
2791.100000 ,3621377.665708 ,1017.000000 ,1.000000
2795.300000 ,3621378.733250 ,1018.000000 ,0.000000
2795.300000 ,3621377.665708 ,1019.000000 ,1.000000
2795.300000 ,3621376.668000 ,1020.000000 ,1.000000
2796.700000 ,3621377.331547 ,1021.000000 ,1.000000
2798.100000 ,3621377.665708 ,1022.000000 ,1.000000
2807.900000 ,3621377.572500 ,1023.000000 ,1.000000
2807.900000 ,3621376.668000 ,1024.000000 ,1.000000
2809.300000 ,3621377.913650 ,1025.000000 ,1.000000
2817.700000 ,3621376.999383 ,1026.000000 ,1.000000
2823.300000 ,3621377.492417 ,1027.000000 ,1.000000
2823.300000 ,3621375.325828 ,1028.000000 ,1.000000
2826.100000 ,3621376.068589 ,1029.000000 ,1.000000
2827.500000 ,3621407.473250 ,1030.000000 ,0.000000
2828.900000 ,3621375.854721 ,1031.000000 ,1.000000
2830.300000 ,3621460.393250 ,1032.000000 ,0.000000
2831.700000 ,3621375.371150 ,1033.000000 ,1.000000
2835.900000 ,3621375.172410 ,1034.000000 ,1.000000
2838.700000 ,3621375.854721 ,1035.000000 ,1.000000
2840.100000 ,3621375.172410 ,1036.000000 ,1.000000
2840.100000 ,3621440.233250 ,1037.000000 ,0.000000
2841.500000 ,3621375.632288 ,1038.000000 ,1.000000
2845.700000 ,3621376.068589 ,1039.000000 ,1.000000
2845.700000 ,3621375.371150 ,1040.000000 ,1.000000
2847.100000 ,3621375.371150 ,1041.000000 ,1.000000
2856.900000 ,3621375.130795 ,1042.000000 ,1.000000
2858.300000 ,3621375.130795 ,1043.000000 ,1.000000
2861.100000 ,3621374.731250 ,1044.000000 ,1.000000
2862.500000 ,3621374.477063 ,1045.000000 ,1.000000
2862.500000 ,3621372.708250 ,1046.000000 ,1.000000
2863.900000 ,3621374.477063 ,1047.000000 ,1.000000
2865.300000 ,3621374.477063 ,1048.000000 ,1.000000
2869.500000 ,3621305.353250 ,1049.000000 ,0.000000
2869.500000 ,3621373.670875 ,1050.000000 ,1.000000
2872.300000 ,3621374.477063 ,1051.000000 ,1.000000
2875.100000 ,3621374.893361 ,1052.000000 ,1.000000
2877.900000 ,3621372.708250 ,1053.000000 ,1.000000
2880.700000 ,3621374.731250 ,1054.000000 ,1.000000
2883.500000 ,3621372.708250 ,1055.000000 ,1.000000
2884.900000 ,3621374.731250 ,1056.000000 ,1.000000
2886.300000 ,3621249.913250 ,1057.000000 ,0.000000
2886.300000 ,3621277.153250 ,1058.000000 ,0.000000
2886.300000 ,3621372.708250 ,1059.000000 ,1.000000
2889.100000 ,3621372.708250 ,1060.000000 ,1.000000
2890.500000 ,3621372.124750 ,1061.000000 ,1.000000
2900.300000 ,3621372.923800 ,1062.000000 ,1.000000
2904.500000 ,3621372.568600 ,1063.000000 ,1.000000
2905.900000 ,3621324.733250 ,1064.000000 ,0.000000
2908.700000 ,3621373.684500 ,1065.000000 ,1.000000
2910.100000 ,3621466.153250 ,1066.000000 ,0.000000
2911.500000 ,3621372.923800 ,1067.000000 ,1.000000
2914.300000 ,3621373.684500 ,1068.000000 ,1.000000
2918.500000 ,3621373.684500 ,1069.000000 ,1.000000
2918.500000 ,3621371.858200 ,1070.000000 ,1.000000
2925.500000 ,3621372.923800 ,1071.000000 ,1.000000
2932.500000 ,3621371.624759 ,1072.000000 ,1.000000
2933.900000 ,3621371.634125 ,1073.000000 ,1.000000
2938.100000 ,3621371.911000 ,1074.000000 ,1.000000
2939.500000 ,3621432.853250 ,1075.000000 ,0.000000
2943.700000 ,3621371.911000 ,1076.000000 ,1.000000
2945.100000 ,3621371.772563 ,1077.000000 ,1.000000
2949.300000 ,3621241.273250 ,1078.000000 ,0.000000
2949.300000 ,3621371.772563 ,1079.000000 ,1.000000
2954.900000 ,3621371.288861 ,1080.000000 ,1.000000
2956.300000 ,3621371.911000 ,1081.000000 ,1.000000
2956.300000 ,3621432.973250 ,1082.000000 ,0.000000
2961.900000 ,3621371.911000 ,1083.000000 ,1.000000
2966.100000 ,3621371.772563 ,1084.000000 ,1.000000
2973.100000 ,3621318.193250 ,1085.000000 ,0.000000
2973.100000 ,3621368.489236 ,1086.000000 ,1.000000
2974.500000 ,3621366.933889 ,1087.000000 ,1.000000
2974.500000 ,3621491.953250 ,1088.000000 ,0.000000
2975.900000 ,3621370.044583 ,1089.000000 ,1.000000
2977.300000 ,3621367.244958 ,1090.000000 ,1.000000
2978.700000 ,3621370.044583 ,1091.000000 ,1.000000
2978.700000 ,3621368.800306 ,1092.000000 ,1.000000
2978.700000 ,3621366.933889 ,1093.000000 ,1.000000
2980.100000 ,3621366.707393 ,1094.000000 ,1.000000
2982.900000 ,3621366.707393 ,1095.000000 ,1.000000
2995.500000 ,3621367.696500 ,1096.000000 ,1.000000
3002.500000 ,3621367.103036 ,1097.000000 ,1.000000
3010.900000 ,3621285.613250 ,1098.000000 ,0.000000
3012.300000 ,3621368.092143 ,1099.000000 ,1.000000
3015.100000 ,3621368.487786 ,1100.000000 ,1.000000
3016.500000 ,3621368.092143 ,1101.000000 ,1.000000
3017.900000 ,3621369.017444 ,1102.000000 ,1.000000
3022.100000 ,3621369.081250 ,1103.000000 ,1.000000
3026.300000 ,3621368.507000 ,1104.000000 ,1.000000
3027.700000 ,3621369.761750 ,1105.000000 ,1.000000
3027.700000 ,3621368.698417 ,1106.000000 ,1.000000
3033.300000 ,3621369.017444 ,1107.000000 ,1.000000
3033.300000 ,3621367.518312 ,1108.000000 ,1.000000
3034.700000 ,3621369.081250 ,1109.000000 ,1.000000
3036.100000 ,3621368.826028 ,1110.000000 ,1.000000
3041.700000 ,3621366.770500 ,1111.000000 ,1.000000
3047.300000 ,3621351.673250 ,1112.000000 ,0.000000
3048.700000 ,3621366.535667 ,1113.000000 ,1.000000
3048.700000 ,3621366.066000 ,1114.000000 ,1.000000
3050.100000 ,3621369.761750 ,1115.000000 ,1.000000
3051.500000 ,3621368.507000 ,1116.000000 ,1.000000
3052.900000 ,3621368.507000 ,1117.000000 ,1.000000
3057.100000 ,3621219.013250 ,1118.000000 ,0.000000
3057.100000 ,3621366.535667 ,1119.000000 ,1.000000
3068.300000 ,3621368.949500 ,1120.000000 ,1.000000
3072.500000 ,3621464.473250 ,1121.000000 ,0.000000
3073.900000 ,3621369.607550 ,1122.000000 ,1.000000
3075.300000 ,3621374.653250 ,1123.000000 ,0.000000
3082.300000 ,3621369.607550 ,1124.000000 ,1.000000
3083.700000 ,3621328.693250 ,1125.000000 ,0.000000
3085.100000 ,3621368.263500 ,1126.000000 ,1.000000
3093.500000 ,3621368.263500 ,1127.000000 ,1.000000
3094.900000 ,3621368.263500 ,1128.000000 ,1.000000
3100.500000 ,3621367.259583 ,1129.000000 ,1.000000
3107.500000 ,3621322.753250 ,1130.000000 ,0.000000
3108.900000 ,3621367.725667 ,1131.000000 ,1.000000
3108.900000 ,3621366.948861 ,1132.000000 ,1.000000
3111.700000 ,3621367.104222 ,1133.000000 ,1.000000
3114.500000 ,3621367.414944 ,1134.000000 ,1.000000
3114.500000 ,3621364.167900 ,1135.000000 ,1.000000
3121.500000 ,3621361.727300 ,1136.000000 ,1.000000
3121.500000 ,3621360.507000 ,1137.000000 ,1.000000
3121.500000 ,3621476.473250 ,1138.000000 ,0.000000
3122.900000 ,3621360.507000 ,1139.000000 ,1.000000
3124.300000 ,3621362.947600 ,1140.000000 ,1.000000
3125.700000 ,3621360.507000 ,1141.000000 ,1.000000
3132.700000 ,3621412.753250 ,1142.000000 ,0.000000
3132.700000 ,3621361.749313 ,1143.000000 ,1.000000
3134.100000 ,3621360.507000 ,1144.000000 ,1.000000
3136.900000 ,3621360.507000 ,1145.000000 ,1.000000
3139.700000 ,3621365.388200 ,1146.000000 ,1.000000
3143.900000 ,3621363.254375 ,1147.000000 ,1.000000
3146.700000 ,3621364.759417 ,1148.000000 ,1.000000
3149.500000 ,3621368.147750 ,1149.000000 ,1.000000
3149.500000 ,3621360.311000 ,1150.000000 ,1.000000
3150.900000 ,3621368.147750 ,1151.000000 ,1.000000
3159.300000 ,3621368.147750 ,1152.000000 ,1.000000
3162.100000 ,3621368.007500 ,1153.000000 ,1.000000
3162.100000 ,3621366.433225 ,1154.000000 ,1.000000
3163.500000 ,3621368.007500 ,1155.000000 ,1.000000
3166.300000 ,3621368.147750 ,1156.000000 ,1.000000
3167.700000 ,3621367.357350 ,1157.000000 ,1.000000
3177.500000 ,3621476.653250 ,1158.000000 ,0.000000
3178.900000 ,3621365.878750 ,1159.000000 ,1.000000
3180.300000 ,3621400.213250 ,1160.000000 ,0.000000
3180.300000 ,3621367.357350 ,1161.000000 ,1.000000
3181.700000 ,3621366.248400 ,1162.000000 ,1.000000
3183.100000 ,3621366.802875 ,1163.000000 ,1.000000
3184.500000 ,3621366.987700 ,1164.000000 ,1.000000
3185.900000 ,3621365.878750 ,1165.000000 ,1.000000
3188.700000 ,3621365.878750 ,1166.000000 ,1.000000
3191.500000 ,3621365.878750 ,1167.000000 ,1.000000
3192.900000 ,3621361.689750 ,1168.000000 ,1.000000
3194.300000 ,3621366.905750 ,1169.000000 ,1.000000
3195.700000 ,3621365.724250 ,1170.000000 ,1.000000
3198.500000 ,3621198.013250 ,1171.000000 ,0.000000
3204.100000 ,3621365.724250 ,1172.000000 ,1.000000
3206.900000 ,3621365.174938 ,1173.000000 ,1.000000
3208.300000 ,3621359.612972 ,1174.000000 ,1.000000
3211.100000 ,3621365.526250 ,1175.000000 ,1.000000
3211.100000 ,3621359.612972 ,1176.000000 ,1.000000
3212.500000 ,3621364.949500 ,1177.000000 ,1.000000
3216.700000 ,3621364.445125 ,1178.000000 ,1.000000
3219.500000 ,3621365.174938 ,1179.000000 ,1.000000
3220.900000 ,3621366.268583 ,1180.000000 ,1.000000
3223.700000 ,3621365.570533 ,1181.000000 ,1.000000
3226.500000 ,3621364.061000 ,1182.000000 ,1.000000
3229.300000 ,3621365.370893 ,1183.000000 ,1.000000
3232.100000 ,3621289.213250 ,1184.000000 ,0.000000
3232.100000 ,3621362.131675 ,1185.000000 ,1.000000
3237.700000 ,3621364.252650 ,1186.000000 ,1.000000
3237.700000 ,3621362.131675 ,1187.000000 ,1.000000
3244.700000 ,3621365.370893 ,1188.000000 ,1.000000
3248.900000 ,3621362.835125 ,1189.000000 ,1.000000
3253.100000 ,3621362.835125 ,1190.000000 ,1.000000
3255.900000 ,3621363.749375 ,1191.000000 ,1.000000
3257.300000 ,3621366.448000 ,1192.000000 ,1.000000
3260.100000 ,3621264.433250 ,1193.000000 ,0.000000
3262.900000 ,3621363.749375 ,1194.000000 ,1.000000
3267.100000 ,3621374.173250 ,1195.000000 ,0.000000
3274.100000 ,3621362.835125 ,1196.000000 ,1.000000
3275.500000 ,3621364.590375 ,1197.000000 ,1.000000
3282.500000 ,3621363.688250 ,1198.000000 ,1.000000
3285.300000 ,3621364.161575 ,1199.000000 ,1.000000
3286.700000 ,3621364.590375 ,1200.000000 ,1.000000
3288.100000 ,3621363.688250 ,1201.000000 ,1.000000
3288.100000 ,3621362.999188 ,1202.000000 ,1.000000
3290.900000 ,3621364.590375 ,1203.000000 ,1.000000
3295.100000 ,3621365.067958 ,1204.000000 ,1.000000
3297.900000 ,3621362.999188 ,1205.000000 ,1.000000
3300.700000 ,3621364.672750 ,1206.000000 ,1.000000
3306.300000 ,3621363.889118 ,1207.000000 ,1.000000
3314.700000 ,3621362.999188 ,1208.000000 ,1.000000
3316.100000 ,3621296.833250 ,1209.000000 ,0.000000
3316.100000 ,3621360.594654 ,1210.000000 ,1.000000
3318.900000 ,3621360.043568 ,1211.000000 ,1.000000
3320.300000 ,3621364.952375 ,1212.000000 ,1.000000
3328.700000 ,3621361.859700 ,1213.000000 ,1.000000
3328.700000 ,3621360.594654 ,1214.000000 ,1.000000
3332.900000 ,3621362.504688 ,1215.000000 ,1.000000
3335.700000 ,3621274.873250 ,1216.000000 ,0.000000
3337.100000 ,3621361.859700 ,1217.000000 ,1.000000
3337.100000 ,3621360.915571 ,1218.000000 ,1.000000
3337.100000 ,3621359.504571 ,1219.000000 ,1.000000
3339.900000 ,3621359.904000 ,1220.000000 ,1.000000
3341.300000 ,3621361.584000 ,1221.000000 ,1.000000
3342.700000 ,3621359.904000 ,1222.000000 ,1.000000
3353.900000 ,3621362.100812 ,1223.000000 ,1.000000
3356.700000 ,3621360.140900 ,1224.000000 ,1.000000
3358.100000 ,3621211.093250 ,1225.000000 ,0.000000
3358.100000 ,3621355.291333 ,1226.000000 ,1.000000
3359.500000 ,3621249.973250 ,1227.000000 ,0.000000
3359.500000 ,3621357.512000 ,1228.000000 ,1.000000
3359.500000 ,3621356.039312 ,1229.000000 ,1.000000
3360.900000 ,3621357.322000 ,1230.000000 ,1.000000
3369.300000 ,3621355.124250 ,1231.000000 ,1.000000
3370.700000 ,3621358.683500 ,1232.000000 ,1.000000
3370.700000 ,3621356.670250 ,1233.000000 ,1.000000
3373.500000 ,3621355.000667 ,1234.000000 ,1.000000
3374.900000 ,3621357.512000 ,1235.000000 ,1.000000
3374.900000 ,3621355.291333 ,1236.000000 ,1.000000
3374.900000 ,3621353.207250 ,1237.000000 ,1.000000
3379.100000 ,3621356.670250 ,1238.000000 ,1.000000
3380.500000 ,3621355.291333 ,1239.000000 ,1.000000
3386.100000 ,3621356.405417 ,1240.000000 ,1.000000
3390.300000 ,3621358.252250 ,1241.000000 ,1.000000
3398.700000 ,3621356.698000 ,1242.000000 ,1.000000
3400.100000 ,3621358.252250 ,1243.000000 ,1.000000
3401.500000 ,3621356.698000 ,1244.000000 ,1.000000
3409.900000 ,3621354.524375 ,1245.000000 ,1.000000
3412.700000 ,3621355.084750 ,1246.000000 ,1.000000
3414.100000 ,3621359.593250 ,1247.000000 ,0.000000
3414.100000 ,3621354.874250 ,1248.000000 ,1.000000
3419.700000 ,3621354.524375 ,1249.000000 ,1.000000
3423.900000 ,3621354.874250 ,1250.000000 ,1.000000
3425.300000 ,3621354.874250 ,1251.000000 ,1.000000
3430.900000 ,3621434.293250 ,1252.000000 ,0.000000
3435.100000 ,3621353.968750 ,1253.000000 ,1.000000
3436.500000 ,3621353.532437 ,1254.000000 ,1.000000
3437.900000 ,3621354.177500 ,1255.000000 ,1.000000
3437.900000 ,3621449.413250 ,1256.000000 ,0.000000
3442.100000 ,3621489.973250 ,1257.000000 ,0.000000
3444.900000 ,3621354.415500 ,1258.000000 ,1.000000
3447.700000 ,3621353.532437 ,1259.000000 ,1.000000
3449.100000 ,3621353.476937 ,1260.000000 ,1.000000
3450.500000 ,3621353.968750 ,1261.000000 ,1.000000
3454.700000 ,3621354.156438 ,1262.000000 ,1.000000
3457.500000 ,3621354.156438 ,1263.000000 ,1.000000
3467.300000 ,3621421.813250 ,1264.000000 ,0.000000
3471.500000 ,3621355.117188 ,1265.000000 ,1.000000
3471.500000 ,3621354.488208 ,1266.000000 ,1.000000
3474.300000 ,3621351.459500 ,1267.000000 ,1.000000
3482.700000 ,3621305.953250 ,1268.000000 ,0.000000
3489.700000 ,3621355.117188 ,1269.000000 ,1.000000
3491.100000 ,3621353.793000 ,1270.000000 ,1.000000
3493.900000 ,3621355.235250 ,1271.000000 ,1.000000
3495.300000 ,3621354.488208 ,1272.000000 ,1.000000
3498.100000 ,3621351.841000 ,1273.000000 ,1.000000
3500.900000 ,3621353.793000 ,1274.000000 ,1.000000
3500.900000 ,3621351.662250 ,1275.000000 ,1.000000
3506.500000 ,3621351.841000 ,1276.000000 ,1.000000
3506.500000 ,3621351.118500 ,1277.000000 ,1.000000
3507.900000 ,3621351.662250 ,1278.000000 ,1.000000
3509.300000 ,3621352.398583 ,1279.000000 ,1.000000
3509.300000 ,3621351.662250 ,1280.000000 ,1.000000
3510.700000 ,3621340.573250 ,1281.000000 ,0.000000
3519.100000 ,3621351.841000 ,1282.000000 ,1.000000
3521.900000 ,3621351.841000 ,1283.000000 ,1.000000
3521.900000 ,3621351.487500 ,1284.000000 ,1.000000
3523.300000 ,3621392.533250 ,1285.000000 ,0.000000
3523.300000 ,3621351.568375 ,1286.000000 ,1.000000
3524.700000 ,3621314.293250 ,1287.000000 ,0.000000
3524.700000 ,3621351.662250 ,1288.000000 ,1.000000
3527.500000 ,3621351.662250 ,1289.000000 ,1.000000
3528.900000 ,3621419.833250 ,1290.000000 ,0.000000
3531.700000 ,3621351.487500 ,1291.000000 ,1.000000
3531.700000 ,3621494.653250 ,1292.000000 ,0.000000
3533.100000 ,3621352.038958 ,1293.000000 ,1.000000
3534.500000 ,3621393.373250 ,1294.000000 ,0.000000
3535.900000 ,3621405.493250 ,1295.000000 ,0.000000
3538.700000 ,3621352.038958 ,1296.000000 ,1.000000
3540.100000 ,3621350.492417 ,1297.000000 ,1.000000
3541.500000 ,3621353.077187 ,1298.000000 ,1.000000
3542.900000 ,3621353.585500 ,1299.000000 ,1.000000
3542.900000 ,3621350.492417 ,1300.000000 ,1.000000
3548.500000 ,3621353.585500 ,1301.000000 ,1.000000
3548.500000 ,3621350.658750 ,1302.000000 ,1.000000
3554.100000 ,3621350.658750 ,1303.000000 ,1.000000
3559.700000 ,3621350.658750 ,1304.000000 ,1.000000
3561.100000 ,3621352.214125 ,1305.000000 ,1.000000
3562.500000 ,3621350.658750 ,1306.000000 ,1.000000
3565.300000 ,3621350.658750 ,1307.000000 ,1.000000
3568.100000 ,3621350.658750 ,1308.000000 ,1.000000
3573.700000 ,3621350.658750 ,1309.000000 ,1.000000
3575.100000 ,3621316.933250 ,1310.000000 ,0.000000
3582.100000 ,3621350.479350 ,1311.000000 ,1.000000
3583.500000 ,3621350.628833 ,1312.000000 ,1.000000
3584.900000 ,3621352.383125 ,1313.000000 ,1.000000
3586.300000 ,3621348.856833 ,1314.000000 ,1.000000
3587.700000 ,3621352.383125 ,1315.000000 ,1.000000
3596.100000 ,3621436.033250 ,1316.000000 ,0.000000
3598.900000 ,3621351.965160 ,1317.000000 ,1.000000
3600.300000 ,3621352.383125 ,1318.000000 ,1.000000
3600.300000 ,3621351.631980 ,1319.000000 ,1.000000
3600.300000 ,3621350.799030 ,1320.000000 ,1.000000
3601.700000 ,3621351.965160 ,1321.000000 ,1.000000
3601.700000 ,3621350.799030 ,1322.000000 ,1.000000
3603.100000 ,3621351.631980 ,1323.000000 ,1.000000
3604.500000 ,3621350.299260 ,1324.000000 ,1.000000
3605.900000 ,3621351.631980 ,1325.000000 ,1.000000
3608.700000 ,3621352.131750 ,1326.000000 ,1.000000
3611.500000 ,3621351.798570 ,1327.000000 ,1.000000
3612.900000 ,3621350.299260 ,1328.000000 ,1.000000
3615.700000 ,3621351.298800 ,1329.000000 ,1.000000
3618.500000 ,3621471.253250 ,1330.000000 ,0.000000
3621.300000 ,3621350.299260 ,1331.000000 ,1.000000
3622.700000 ,3621350.965620 ,1332.000000 ,1.000000
3624.100000 ,3621350.799030 ,1333.000000 ,1.000000
3625.500000 ,3621349.299720 ,1334.000000 ,1.000000
3643.700000 ,3621383.533250 ,1335.000000 ,0.000000
3646.500000 ,3621406.693250 ,1336.000000 ,0.000000
3647.900000 ,3621348.633360 ,1337.000000 ,1.000000
3649.300000 ,3621348.502000 ,1338.000000 ,1.000000
3654.900000 ,3621348.502000 ,1339.000000 ,1.000000
3659.100000 ,3621348.306750 ,1340.000000 ,1.000000
3661.900000 ,3621199.093250 ,1341.000000 ,0.000000
3664.700000 ,3621348.502000 ,1342.000000 ,1.000000
3668.900000 ,3621347.467500 ,1343.000000 ,1.000000
3670.300000 ,3621348.502000 ,1344.000000 ,1.000000
3675.900000 ,3621346.127250 ,1345.000000 ,1.000000
3678.700000 ,3621346.127250 ,1346.000000 ,1.000000
3682.900000 ,3621379.633250 ,1347.000000 ,0.000000
3684.300000 ,3621346.127250 ,1348.000000 ,1.000000
3685.700000 ,3621347.590167 ,1349.000000 ,1.000000
3688.500000 ,3621347.363000 ,1350.000000 ,1.000000
3688.500000 ,3621346.299625 ,1351.000000 ,1.000000
3688.500000 ,3621462.733250 ,1352.000000 ,0.000000
3691.300000 ,3621347.590167 ,1353.000000 ,1.000000
3694.100000 ,3621347.073000 ,1354.000000 ,1.000000
3698.300000 ,3621347.590167 ,1355.000000 ,1.000000
3699.700000 ,3621347.007250 ,1356.000000 ,1.000000
3701.100000 ,3621346.299625 ,1357.000000 ,1.000000
3705.300000 ,3621347.785187 ,1358.000000 ,1.000000
3709.500000 ,3621346.299625 ,1359.000000 ,1.000000
3715.100000 ,3621250.093250 ,1360.000000 ,0.000000
3715.100000 ,3621435.253250 ,1361.000000 ,0.000000
3715.100000 ,3621346.299625 ,1362.000000 ,1.000000
3716.500000 ,3621346.708125 ,1363.000000 ,1.000000
3730.500000 ,3621347.500312 ,1364.000000 ,1.000000
3731.900000 ,3621347.500312 ,1365.000000 ,1.000000
3734.700000 ,3621272.833250 ,1366.000000 ,0.000000
3740.300000 ,3621347.292786 ,1367.000000 ,1.000000
3745.900000 ,3621346.166312 ,1368.000000 ,1.000000
3747.300000 ,3621346.457125 ,1369.000000 ,1.000000
3750.100000 ,3621346.206607 ,1370.000000 ,1.000000
3752.900000 ,3621231.193250 ,1371.000000 ,0.000000
3764.100000 ,3621344.797214 ,1372.000000 ,1.000000
3768.300000 ,3621216.913250 ,1373.000000 ,0.000000
3768.300000 ,3621335.413250 ,1374.000000 ,0.000000
3769.700000 ,3621344.000500 ,1375.000000 ,1.000000
3771.100000 ,3621344.797214 ,1376.000000 ,1.000000
3772.500000 ,3621345.275500 ,1377.000000 ,1.000000
3776.700000 ,3621344.000500 ,1378.000000 ,1.000000
3789.300000 ,3621344.456125 ,1379.000000 ,1.000000
3793.500000 ,3621216.673250 ,1380.000000 ,0.000000
3797.700000 ,3621341.824750 ,1381.000000 ,1.000000
3804.700000 ,3621343.143667 ,1382.000000 ,1.000000
3807.500000 ,3621343.194125 ,1383.000000 ,1.000000
3807.500000 ,3621342.160583 ,1384.000000 ,1.000000
3811.700000 ,3621342.649500 ,1385.000000 ,1.000000
3814.500000 ,3621341.844250 ,1386.000000 ,1.000000
3815.900000 ,3621343.194125 ,1387.000000 ,1.000000
3820.100000 ,3621343.874438 ,1388.000000 ,1.000000
3821.500000 ,3621341.844250 ,1389.000000 ,1.000000
3822.900000 ,3621342.649500 ,1390.000000 ,1.000000
3825.700000 ,3621343.194125 ,1391.000000 ,1.000000
3827.100000 ,3621343.194125 ,1392.000000 ,1.000000
3835.500000 ,3621341.962250 ,1393.000000 ,1.000000
3841.100000 ,3621342.513813 ,1394.000000 ,1.000000
3845.300000 ,3621284.593250 ,1395.000000 ,0.000000
3848.100000 ,3621342.072667 ,1396.000000 ,1.000000
3849.500000 ,3621342.072667 ,1397.000000 ,1.000000
3850.900000 ,3621342.072667 ,1398.000000 ,1.000000
3852.300000 ,3621343.116250 ,1399.000000 ,1.000000
3855.100000 ,3621343.794125 ,1400.000000 ,1.000000
3856.500000 ,3621341.859375 ,1401.000000 ,1.000000
3857.900000 ,3621342.072667 ,1402.000000 ,1.000000
3862.100000 ,3621341.721063 ,1403.000000 ,1.000000
3867.700000 ,3621342.072667 ,1404.000000 ,1.000000
3871.900000 ,3621199.753250 ,1405.000000 ,0.000000
3874.700000 ,3621341.859375 ,1406.000000 ,1.000000
3876.100000 ,3621341.859375 ,1407.000000 ,1.000000
3877.500000 ,3621341.693500 ,1408.000000 ,1.000000
3878.900000 ,3621342.100000 ,1409.000000 ,1.000000
3878.900000 ,3621341.555750 ,1410.000000 ,1.000000
3880.300000 ,3621342.100000 ,1411.000000 ,1.000000
3884.500000 ,3621341.765050 ,1412.000000 ,1.000000
3885.900000 ,3621341.765050 ,1413.000000 ,1.000000
3887.300000 ,3621341.765050 ,1414.000000 ,1.000000
3891.500000 ,3621342.100000 ,1415.000000 ,1.000000
3892.900000 ,3621452.473250 ,1416.000000 ,0.000000
3895.700000 ,3621341.921475 ,1417.000000 ,1.000000
3897.100000 ,3621342.100000 ,1418.000000 ,1.000000
3898.500000 ,3621341.921475 ,1419.000000 ,1.000000
3902.700000 ,3621342.100000 ,1420.000000 ,1.000000
3904.100000 ,3621342.100000 ,1421.000000 ,1.000000
3905.500000 ,3621341.348813 ,1422.000000 ,1.000000
3911.100000 ,3621341.921475 ,1423.000000 ,1.000000
3912.500000 ,3621341.348813 ,1424.000000 ,1.000000
3912.500000 ,3621340.910500 ,1425.000000 ,1.000000
3915.300000 ,3621341.154750 ,1426.000000 ,1.000000
3918.100000 ,3621341.348813 ,1427.000000 ,1.000000
3919.500000 ,3621299.593250 ,1428.000000 ,0.000000
3919.500000 ,3621341.226500 ,1429.000000 ,1.000000
3923.700000 ,3621340.910500 ,1430.000000 ,1.000000
3926.500000 ,3621340.408150 ,1431.000000 ,1.000000
3927.900000 ,3621396.073250 ,1432.000000 ,0.000000
3927.900000 ,3621341.226500 ,1433.000000 ,1.000000
3927.900000 ,3621340.687233 ,1434.000000 ,1.000000
3929.300000 ,3621340.687233 ,1435.000000 ,1.000000
3930.700000 ,3621340.854683 ,1436.000000 ,1.000000
3932.100000 ,3621277.633250 ,1437.000000 ,0.000000
3933.500000 ,3621253.573250 ,1438.000000 ,0.000000
3936.300000 ,3621340.575600 ,1439.000000 ,1.000000
3939.100000 ,3621202.933250 ,1440.000000 ,0.000000
3939.100000 ,3621340.463967 ,1441.000000 ,1.000000
3940.500000 ,3621340.240700 ,1442.000000 ,1.000000
3941.900000 ,3621400.033250 ,1443.000000 ,0.000000
3944.700000 ,3621340.687233 ,1444.000000 ,1.000000
3944.700000 ,3621340.352333 ,1445.000000 ,1.000000
3947.500000 ,3621340.129067 ,1446.000000 ,1.000000
3950.300000 ,3621340.129067 ,1447.000000 ,1.000000
3954.500000 ,3621340.296517 ,1448.000000 ,1.000000
3958.700000 ,3621340.240700 ,1449.000000 ,1.000000
3960.100000 ,3621303.553250 ,1450.000000 ,0.000000
3961.500000 ,3621340.073250 ,1451.000000 ,1.000000
3962.900000 ,3621340.184883 ,1452.000000 ,1.000000
3967.100000 ,3621339.347633 ,1453.000000 ,1.000000
3968.500000 ,3621339.849983 ,1454.000000 ,1.000000
3971.300000 ,3621339.961617 ,1455.000000 ,1.000000
3972.700000 ,3621339.794167 ,1456.000000 ,1.000000
3974.100000 ,3621339.347633 ,1457.000000 ,1.000000
3976.900000 ,3621339.347633 ,1458.000000 ,1.000000
3985.300000 ,3621339.347633 ,1459.000000 ,1.000000
3986.700000 ,3621339.515083 ,1460.000000 ,1.000000
3989.500000 ,3621339.124367 ,1461.000000 ,1.000000
3995.100000 ,3621237.613250 ,1462.000000 ,0.000000
3996.500000 ,3621338.956917 ,1463.000000 ,1.000000
4000.700000 ,3621338.510383 ,1464.000000 ,1.000000
4002.100000 ,3621338.677833 ,1465.000000 ,1.000000
4004.900000 ,3621338.789467 ,1466.000000 ,1.000000
4007.700000 ,3621338.622017 ,1467.000000 ,1.000000
4009.100000 ,3621338.845283 ,1468.000000 ,1.000000
4010.500000 ,3621338.622017 ,1469.000000 ,1.000000
4011.900000 ,3621338.566200 ,1470.000000 ,1.000000
4014.700000 ,3621338.622017 ,1471.000000 ,1.000000
4018.900000 ,3621338.622017 ,1472.000000 ,1.000000
4020.300000 ,3621338.566200 ,1473.000000 ,1.000000
4021.700000 ,3621338.119667 ,1474.000000 ,1.000000
4023.100000 ,3621338.119667 ,1475.000000 ,1.000000
4024.500000 ,3621338.008033 ,1476.000000 ,1.000000
4025.900000 ,3621338.231300 ,1477.000000 ,1.000000
4028.700000 ,3621338.063850 ,1478.000000 ,1.000000
4030.100000 ,3621292.753250 ,1479.000000 ,0.000000
4030.100000 ,3621337.617317 ,1480.000000 ,1.000000
4031.500000 ,3621349.033250 ,1481.000000 ,0.000000
4032.900000 ,3621338.175483 ,1482.000000 ,1.000000
4034.300000 ,3621338.008033 ,1483.000000 ,1.000000
4042.700000 ,3621229.393250 ,1484.000000 ,0.000000
4042.700000 ,3621337.952217 ,1485.000000 ,1.000000
4046.900000 ,3621337.840583 ,1486.000000 ,1.000000
4055.300000 ,3621337.783500 ,1487.000000 ,1.000000
4056.700000 ,3621337.561500 ,1488.000000 ,1.000000
4056.700000 ,3621494.533250 ,1489.000000 ,0.000000
4058.100000 ,3621297.793250 ,1490.000000 ,0.000000
4059.500000 ,3621337.170783 ,1491.000000 ,1.000000
4062.300000 ,3621337.394050 ,1492.000000 ,1.000000
4066.500000 ,3621337.282417 ,1493.000000 ,1.000000
4070.700000 ,3621337.170783 ,1494.000000 ,1.000000
4072.100000 ,3621277.153250 ,1495.000000 ,0.000000
4073.500000 ,3621306.373250 ,1496.000000 ,0.000000
4076.300000 ,3621337.003333 ,1497.000000 ,1.000000
4077.700000 ,3621338.552000 ,1498.000000 ,1.000000
4079.100000 ,3621340.089000 ,1499.000000 ,1.000000
4086.100000 ,3621338.936250 ,1500.000000 ,1.000000
4091.700000 ,3621341.947250 ,1501.000000 ,1.000000
4094.500000 ,3621341.247750 ,1502.000000 ,1.000000
4094.500000 ,3621340.295542 ,1503.000000 ,1.000000
4097.300000 ,3621340.587083 ,1504.000000 ,1.000000
4111.300000 ,3621341.947250 ,1505.000000 ,1.000000
4114.100000 ,3621340.250750 ,1506.000000 ,1.000000
4116.900000 ,3621340.250750 ,1507.000000 ,1.000000
4118.300000 ,3621339.105625 ,1508.000000 ,1.000000
4119.700000 ,3621340.767781 ,1509.000000 ,1.000000
4119.700000 ,3621340.072833 ,1510.000000 ,1.000000
4121.100000 ,3621339.105625 ,1511.000000 ,1.000000
4123.900000 ,3621340.072833 ,1512.000000 ,1.000000
4126.700000 ,3621340.644750 ,1513.000000 ,1.000000
4128.100000 ,3621339.105625 ,1514.000000 ,1.000000
4128.100000 ,3621338.613250 ,1515.000000 ,1.000000
4129.500000 ,3621339.105625 ,1516.000000 ,1.000000
4135.100000 ,3621339.856750 ,1517.000000 ,1.000000
4135.100000 ,3621338.919000 ,1518.000000 ,1.000000
4136.500000 ,3621341.173250 ,1519.000000 ,1.000000
4139.300000 ,3621343.393250 ,1520.000000 ,0.000000
4139.300000 ,3621340.250750 ,1521.000000 ,1.000000
4140.700000 ,3621273.373250 ,1522.000000 ,0.000000
4143.500000 ,3621339.105625 ,1523.000000 ,1.000000
4147.700000 ,3621338.919000 ,1524.000000 ,1.000000
4149.100000 ,3621338.919000 ,1525.000000 ,1.000000
4151.900000 ,3621339.773375 ,1526.000000 ,1.000000
4157.500000 ,3621338.717083 ,1527.000000 ,1.000000
4158.900000 ,3621340.667850 ,1528.000000 ,1.000000
4160.300000 ,3621340.504750 ,1529.000000 ,1.000000
4163.100000 ,3621229.813250 ,1530.000000 ,0.000000
4163.100000 ,3621340.504750 ,1531.000000 ,1.000000
4174.300000 ,3621340.144750 ,1532.000000 ,1.000000
4179.900000 ,3621338.390917 ,1533.000000 ,1.000000
4188.300000 ,3621244.153250 ,1534.000000 ,0.000000
4188.300000 ,3621339.818694 ,1535.000000 ,1.000000
4191.100000 ,3621260.233250 ,1536.000000 ,0.000000
4192.500000 ,3621337.759250 ,1537.000000 ,1.000000
4193.900000 ,3621338.320083 ,1538.000000 ,1.000000
4195.300000 ,3621338.144875 ,1539.000000 ,1.000000
4196.700000 ,3621338.320083 ,1540.000000 ,1.000000
4200.900000 ,3621338.320083 ,1541.000000 ,1.000000
4202.300000 ,3621338.144875 ,1542.000000 ,1.000000
4206.500000 ,3621305.773250 ,1543.000000 ,0.000000
4206.500000 ,3621336.042000 ,1544.000000 ,1.000000
4207.900000 ,3621338.144875 ,1545.000000 ,1.000000
4212.100000 ,3621338.144875 ,1546.000000 ,1.000000
4212.100000 ,3621335.357125 ,1547.000000 ,1.000000
4212.100000 ,3621334.672250 ,1548.000000 ,1.000000
4213.500000 ,3621336.042000 ,1549.000000 ,1.000000
4213.500000 ,3621335.357125 ,1550.000000 ,1.000000
4220.500000 ,3621337.625750 ,1551.000000 ,1.000000
4228.900000 ,3621334.914500 ,1552.000000 ,1.000000
4237.300000 ,3621330.951667 ,1553.000000 ,1.000000
4240.100000 ,3621330.951667 ,1554.000000 ,1.000000
4241.500000 ,3621331.365312 ,1555.000000 ,1.000000
4242.900000 ,3621330.951667 ,1556.000000 ,1.000000
4244.300000 ,3621335.907875 ,1557.000000 ,1.000000
4245.700000 ,3621333.273750 ,1558.000000 ,1.000000
4245.700000 ,3621330.951667 ,1559.000000 ,1.000000
4247.100000 ,3621333.921125 ,1560.000000 ,1.000000
4248.500000 ,3621330.951667 ,1561.000000 ,1.000000
4249.900000 ,3621332.384438 ,1562.000000 ,1.000000
4251.300000 ,3621333.366611 ,1563.000000 ,1.000000
4252.700000 ,3621234.073250 ,1564.000000 ,0.000000
4255.500000 ,3621331.365312 ,1565.000000 ,1.000000
4258.300000 ,3621334.784444 ,1566.000000 ,1.000000
4261.100000 ,3621331.365312 ,1567.000000 ,1.000000
4262.500000 ,3621333.839222 ,1568.000000 ,1.000000
4266.700000 ,3621286.153250 ,1569.000000 ,0.000000
4269.500000 ,3621334.311833 ,1570.000000 ,1.000000
4272.300000 ,3621332.894000 ,1571.000000 ,1.000000
4273.700000 ,3621335.729667 ,1572.000000 ,1.000000
4275.100000 ,3621332.384438 ,1573.000000 ,1.000000
4276.500000 ,3621335.345750 ,1574.000000 ,1.000000
4279.300000 ,3621335.729667 ,1575.000000 ,1.000000
4282.100000 ,3621333.503250 ,1576.000000 ,1.000000
4283.500000 ,3621337.188250 ,1577.000000 ,1.000000
4287.700000 ,3621335.345750 ,1578.000000 ,1.000000
4287.700000 ,3621334.061750 ,1579.000000 ,1.000000
4293.300000 ,3621332.582625 ,1580.000000 ,1.000000
4294.700000 ,3621337.188250 ,1581.000000 ,1.000000
4298.900000 ,3621335.587357 ,1582.000000 ,1.000000
4298.900000 ,3621334.061750 ,1583.000000 ,1.000000
4301.700000 ,3621335.587357 ,1584.000000 ,1.000000
4304.500000 ,3621337.030625 ,1585.000000 ,1.000000
4307.300000 ,3621336.073429 ,1586.000000 ,1.000000
4307.300000 ,3621335.587357 ,1587.000000 ,1.000000
4308.700000 ,3621337.030625 ,1588.000000 ,1.000000
4308.700000 ,3621335.301500 ,1589.000000 ,1.000000
4312.900000 ,3621284.533250 ,1590.000000 ,0.000000
4319.900000 ,3621331.548000 ,1591.000000 ,1.000000
4324.100000 ,3621333.966542 ,1592.000000 ,1.000000
4326.900000 ,3621333.966542 ,1593.000000 ,1.000000
4335.300000 ,3621334.996109 ,1594.000000 ,1.000000
4336.700000 ,3621255.973250 ,1595.000000 ,0.000000
4338.100000 ,3621332.806813 ,1596.000000 ,1.000000
4339.500000 ,3621333.433096 ,1597.000000 ,1.000000
4340.900000 ,3621269.353250 ,1598.000000 ,0.000000
4340.900000 ,3621334.996109 ,1599.000000 ,1.000000
4343.700000 ,3621334.420625 ,1600.000000 ,1.000000
4347.900000 ,3621332.806813 ,1601.000000 ,1.000000
4349.300000 ,3621333.433096 ,1602.000000 ,1.000000
4357.700000 ,3621331.268000 ,1603.000000 ,1.000000
4364.700000 ,3621331.985583 ,1604.000000 ,1.000000
4366.100000 ,3621329.729875 ,1605.000000 ,1.000000
4368.900000 ,3621332.108969 ,1606.000000 ,1.000000
4368.900000 ,3621331.117800 ,1607.000000 ,1.000000
4371.700000 ,3621266.053250 ,1608.000000 ,0.000000
4380.100000 ,3621335.038083 ,1609.000000 ,1.000000
4380.100000 ,3621332.242125 ,1610.000000 ,1.000000
4392.700000 ,3621330.997964 ,1611.000000 ,1.000000
4394.100000 ,3621331.643750 ,1612.000000 ,1.000000
4394.100000 ,3621330.726000 ,1613.000000 ,1.000000
4403.900000 ,3621282.913250 ,1614.000000 ,0.000000
4403.900000 ,3621331.043083 ,1615.000000 ,1.000000
4403.900000 ,3621330.295375 ,1616.000000 ,1.000000
4408.100000 ,3621331.120875 ,1617.000000 ,1.000000
4409.500000 ,3621203.413250 ,1618.000000 ,0.000000
4409.500000 ,3621330.456937 ,1619.000000 ,1.000000
4413.700000 ,3621330.726000 ,1620.000000 ,1.000000
4415.100000 ,3621330.726000 ,1621.000000 ,1.000000
4416.500000 ,3621328.970583 ,1622.000000 ,1.000000
4417.900000 ,3621278.893250 ,1623.000000 ,0.000000
4420.700000 ,3621331.120875 ,1624.000000 ,1.000000
4424.900000 ,3621328.970583 ,1625.000000 ,1.000000
4433.300000 ,3621328.572688 ,1626.000000 ,1.000000
4433.300000 ,3621327.360500 ,1627.000000 ,1.000000
4436.100000 ,3621327.360500 ,1628.000000 ,1.000000
4437.500000 ,3621328.970583 ,1629.000000 ,1.000000
4440.300000 ,3621292.513250 ,1630.000000 ,0.000000
4444.500000 ,3621327.360500 ,1631.000000 ,1.000000
4452.900000 ,3621328.377975 ,1632.000000 ,1.000000
4455.700000 ,3621268.873250 ,1633.000000 ,0.000000
4468.300000 ,3621303.553250 ,1634.000000 ,0.000000
4476.700000 ,3621456.553250 ,1635.000000 ,0.000000
4479.500000 ,3621329.359500 ,1636.000000 ,1.000000
4483.700000 ,3621430.753250 ,1637.000000 ,0.000000
4503.300000 ,3621218.473250 ,1638.000000 ,0.000000
4510.300000 ,3621306.973250 ,1639.000000 ,0.000000
4514.500000 ,3621327.556650 ,1640.000000 ,1.000000
4515.900000 ,3621327.556650 ,1641.000000 ,1.000000
4517.300000 ,3621326.529635 ,1642.000000 ,1.000000
4527.100000 ,3621468.133250 ,1643.000000 ,0.000000
4528.500000 ,3621327.273625 ,1644.000000 ,1.000000
4529.900000 ,3621328.346063 ,1645.000000 ,1.000000
4532.700000 ,3621328.346063 ,1646.000000 ,1.000000
4532.700000 ,3621327.034625 ,1647.000000 ,1.000000
4535.500000 ,3621329.153917 ,1648.000000 ,1.000000
4536.900000 ,3621328.346063 ,1649.000000 ,1.000000
4542.500000 ,3621439.813250 ,1650.000000 ,0.000000
4549.500000 ,3621328.346063 ,1651.000000 ,1.000000
4552.300000 ,3621435.253250 ,1652.000000 ,0.000000
4566.300000 ,3621300.553250 ,1653.000000 ,0.000000
4578.900000 ,3621432.553250 ,1654.000000 ,0.000000
4599.900000 ,3621239.533250 ,1655.000000 ,0.000000
4605.500000 ,3621222.853250 ,1656.000000 ,0.000000
4609.700000 ,3621319.693250 ,1657.000000 ,0.000000
4616.700000 ,3621365.533250 ,1658.000000 ,0.000000
4650.300000 ,3621346.333250 ,1659.000000 ,0.000000
4667.100000 ,3621352.213250 ,1660.000000 ,0.000000
4668.500000 ,3621195.433250 ,1661.000000 ,0.000000
4669.900000 ,3621422.773250 ,1662.000000 ,0.000000
4717.500000 ,3621406.033250 ,1663.000000 ,0.000000
4744.100000 ,3621339.733250 ,1664.000000 ,0.000000
4777.700000 ,3621200.593250 ,1665.000000 ,0.000000
4802.900000 ,3621218.113250 ,1666.000000 ,0.000000
4821.100000 ,3621216.313250 ,1667.000000 ,0.000000
4842.100000 ,3621494.473250 ,1668.000000 ,0.000000
4864.500000 ,3621339.013250 ,1669.000000 ,0.000000
4886.900000 ,3621355.753250 ,1670.000000 ,0.000000
4891.100000 ,3621483.313250 ,1671.000000 ,0.000000
4905.100000 ,3621200.413250 ,1672.000000 ,0.000000
4905.100000 ,3621387.853250 ,1673.000000 ,0.000000
4923.300000 ,3621352.813250 ,1674.000000 ,0.000000
4933.100000 ,3621243.493250 ,1675.000000 ,0.000000
4945.700000 ,3621335.713250 ,1676.000000 ,0.000000
4945.700000 ,3621423.913250 ,1677.000000 ,0.000000
4958.300000 ,3621478.213250 ,1678.000000 ,0.000000
4965.300000 ,3621314.353250 ,1679.000000 ,0.000000
4975.100000 ,3621476.653250 ,1680.000000 ,0.000000
