10.700000 ,3621617.805250 ,1.000000 ,1.000000
14.900000 ,3621485.082437 ,2.000000 ,0.000000
16.300000 ,3621616.951937 ,3.000000 ,1.000000
19.100000 ,3621617.979083 ,4.000000 ,1.000000
20.500000 ,3621618.476250 ,5.000000 ,1.000000
26.100000 ,3621616.869250 ,6.000000 ,1.000000
30.300000 ,3621442.302437 ,7.000000 ,0.000000
30.300000 ,3621617.761150 ,8.000000 ,1.000000
30.300000 ,3621617.046050 ,9.000000 ,1.000000
40.100000 ,3621616.132250 ,10.000000 ,1.000000
42.900000 ,3621617.039750 ,11.000000 ,1.000000
42.900000 ,3621615.980500 ,12.000000 ,1.000000
44.300000 ,3621462.582437 ,13.000000 ,0.000000
47.100000 ,3621615.677000 ,14.000000 ,1.000000
48.500000 ,3621615.904625 ,15.000000 ,1.000000
52.700000 ,3621615.828750 ,16.000000 ,1.000000
55.500000 ,3621615.621375 ,17.000000 ,1.000000
55.500000 ,3621625.722437 ,18.000000 ,0.000000
56.900000 ,3621616.407500 ,19.000000 ,1.000000
56.900000 ,3621607.182437 ,20.000000 ,0.000000
59.700000 ,3621524.682437 ,21.000000 ,0.000000
62.500000 ,3621615.869250 ,22.000000 ,1.000000
63.900000 ,3621615.621375 ,23.000000 ,1.000000
68.100000 ,3621634.062437 ,24.000000 ,0.000000
69.500000 ,3621590.082437 ,25.000000 ,0.000000
80.700000 ,3621615.649250 ,26.000000 ,1.000000
83.500000 ,3621615.934000 ,27.000000 ,1.000000
86.300000 ,3621615.934000 ,28.000000 ,1.000000
90.500000 ,3621615.744167 ,29.000000 ,1.000000
96.100000 ,3621615.557750 ,30.000000 ,1.000000
98.900000 ,3621616.013350 ,31.000000 ,1.000000
100.300000 ,3621615.649250 ,32.000000 ,1.000000
101.700000 ,3621615.738813 ,33.000000 ,1.000000
103.100000 ,3621616.196375 ,34.000000 ,1.000000
103.100000 ,3621615.557750 ,35.000000 ,1.000000
104.500000 ,3621445.002437 ,36.000000 ,0.000000
110.100000 ,3621616.287888 ,37.000000 ,1.000000
110.100000 ,3621615.738813 ,38.000000 ,1.000000
114.300000 ,3621616.104862 ,39.000000 ,1.000000
119.900000 ,3621616.104862 ,40.000000 ,1.000000
122.700000 ,3621616.104862 ,41.000000 ,1.000000
124.100000 ,3621616.928475 ,42.000000 ,1.000000
125.500000 ,3621616.836962 ,43.000000 ,1.000000
125.500000 ,3621616.104862 ,44.000000 ,1.000000
126.900000 ,3621617.111500 ,45.000000 ,1.000000
126.900000 ,3621616.562425 ,46.000000 ,1.000000
131.100000 ,3621480.942437 ,47.000000 ,0.000000
131.100000 ,3621616.745450 ,48.000000 ,1.000000
139.500000 ,3621617.111500 ,49.000000 ,1.000000
140.900000 ,3621617.036250 ,50.000000 ,1.000000
145.100000 ,3621615.522571 ,51.000000 ,1.000000
147.900000 ,3621614.357393 ,52.000000 ,1.000000
154.900000 ,3621615.289536 ,53.000000 ,1.000000
157.700000 ,3621615.755607 ,54.000000 ,1.000000
161.900000 ,3621615.522571 ,55.000000 ,1.000000
161.900000 ,3621614.823464 ,56.000000 ,1.000000
161.900000 ,3621613.192214 ,57.000000 ,1.000000
163.300000 ,3621613.192214 ,58.000000 ,1.000000
167.500000 ,3621614.823464 ,59.000000 ,1.000000
168.900000 ,3621612.027036 ,60.000000 ,1.000000
171.700000 ,3621614.823464 ,61.000000 ,1.000000
177.300000 ,3621612.027036 ,62.000000 ,1.000000
181.500000 ,3621612.027036 ,63.000000 ,1.000000
187.100000 ,3621611.794000 ,64.000000 ,1.000000
188.500000 ,3621611.094893 ,65.000000 ,1.000000
189.900000 ,3621612.260071 ,66.000000 ,1.000000
189.900000 ,3621609.463643 ,67.000000 ,1.000000
191.300000 ,3621611.327929 ,68.000000 ,1.000000
191.300000 ,3621610.628821 ,69.000000 ,1.000000
192.700000 ,3621612.027036 ,70.000000 ,1.000000
195.500000 ,3621610.861857 ,71.000000 ,1.000000
199.700000 ,3621611.560964 ,72.000000 ,1.000000
199.700000 ,3621678.702437 ,73.000000 ,0.000000
201.100000 ,3621610.861857 ,74.000000 ,1.000000
202.500000 ,3621608.531500 ,75.000000 ,1.000000
203.900000 ,3621610.395786 ,76.000000 ,1.000000
206.700000 ,3621587.742437 ,77.000000 ,0.000000
209.500000 ,3621610.395786 ,78.000000 ,1.000000
213.700000 ,3621616.610250 ,79.000000 ,1.000000
216.500000 ,3621614.608250 ,80.000000 ,1.000000
216.500000 ,3621608.764536 ,81.000000 ,1.000000
219.300000 ,3621608.997571 ,82.000000 ,1.000000
220.700000 ,3621608.764536 ,83.000000 ,1.000000
227.700000 ,3621610.244812 ,84.000000 ,1.000000
230.500000 ,3621616.610250 ,85.000000 ,1.000000
233.300000 ,3621613.306031 ,86.000000 ,1.000000
240.300000 ,3621614.326438 ,87.000000 ,1.000000
243.100000 ,3621616.367250 ,88.000000 ,1.000000
244.500000 ,3621610.244812 ,89.000000 ,1.000000
251.500000 ,3621616.486275 ,90.000000 ,1.000000
251.500000 ,3621702.822437 ,91.000000 ,0.000000
252.900000 ,3621616.486275 ,92.000000 ,1.000000
254.300000 ,3621616.521250 ,93.000000 ,1.000000
255.700000 ,3621615.346844 ,94.000000 ,1.000000
257.100000 ,3621616.521250 ,95.000000 ,1.000000
258.500000 ,3621616.521250 ,96.000000 ,1.000000
262.700000 ,3621616.486275 ,97.000000 ,1.000000
265.500000 ,3621616.521250 ,98.000000 ,1.000000
266.900000 ,3621616.521250 ,99.000000 ,1.000000
266.900000 ,3621615.527688 ,100.000000 ,1.000000
269.700000 ,3621616.521250 ,101.000000 ,1.000000
272.500000 ,3621614.030375 ,102.000000 ,1.000000
273.900000 ,3621616.521250 ,103.000000 ,1.000000
273.900000 ,3621615.778750 ,104.000000 ,1.000000
278.100000 ,3621616.521250 ,105.000000 ,1.000000
280.900000 ,3621615.965250 ,106.000000 ,1.000000
282.300000 ,3621613.102000 ,107.000000 ,1.000000
285.100000 ,3621502.422437 ,108.000000 ,0.000000
300.500000 ,3621616.788542 ,109.000000 ,1.000000
304.700000 ,3621611.763625 ,110.000000 ,1.000000
306.100000 ,3621613.102000 ,111.000000 ,1.000000
308.900000 ,3621617.392500 ,112.000000 ,1.000000
308.900000 ,3621616.788542 ,113.000000 ,1.000000
310.300000 ,3621679.962437 ,114.000000 ,0.000000
313.100000 ,3621617.392500 ,115.000000 ,1.000000
314.500000 ,3621504.162437 ,116.000000 ,0.000000
315.900000 ,3621616.788542 ,117.000000 ,1.000000
321.500000 ,3621615.139000 ,118.000000 ,1.000000
322.900000 ,3621617.438500 ,119.000000 ,1.000000
322.900000 ,3621616.100875 ,120.000000 ,1.000000
324.300000 ,3621614.809250 ,121.000000 ,1.000000
325.700000 ,3621615.706687 ,122.000000 ,1.000000
327.100000 ,3621616.100875 ,123.000000 ,1.000000
334.100000 ,3621615.455062 ,124.000000 ,1.000000
336.900000 ,3621617.136500 ,125.000000 ,1.000000
342.500000 ,3621615.790500 ,126.000000 ,1.000000
342.500000 ,3621614.378750 ,127.000000 ,1.000000
343.900000 ,3621614.276875 ,128.000000 ,1.000000
346.700000 ,3621616.673625 ,129.000000 ,1.000000
349.500000 ,3621616.104250 ,130.000000 ,1.000000
357.900000 ,3621614.989050 ,131.000000 ,1.000000
362.100000 ,3621449.502437 ,132.000000 ,0.000000
363.500000 ,3621615.535917 ,133.000000 ,1.000000
364.900000 ,3621616.306750 ,134.000000 ,1.000000
364.900000 ,3621612.758650 ,135.000000 ,1.000000
364.900000 ,3621610.654000 ,136.000000 ,1.000000
366.300000 ,3621616.662437 ,137.000000 ,0.000000
370.500000 ,3621616.462750 ,138.000000 ,1.000000
371.900000 ,3621615.964250 ,139.000000 ,1.000000
374.700000 ,3621616.462750 ,140.000000 ,1.000000
377.500000 ,3621541.722437 ,141.000000 ,0.000000
378.900000 ,3621485.742437 ,142.000000 ,0.000000
378.900000 ,3621616.306750 ,143.000000 ,1.000000
381.700000 ,3621615.964250 ,144.000000 ,1.000000
383.100000 ,3621615.535917 ,145.000000 ,1.000000
383.100000 ,3621614.526500 ,146.000000 ,1.000000
384.500000 ,3621616.462750 ,147.000000 ,1.000000
385.900000 ,3621614.809944 ,148.000000 ,1.000000
387.300000 ,3621482.802437 ,149.000000 ,0.000000
388.700000 ,3621614.933625 ,150.000000 ,1.000000
392.900000 ,3621614.606875 ,151.000000 ,1.000000
394.300000 ,3621614.933625 ,152.000000 ,1.000000
395.700000 ,3621614.933625 ,153.000000 ,1.000000
397.100000 ,3621614.933625 ,154.000000 ,1.000000
402.700000 ,3621614.933625 ,155.000000 ,1.000000
406.900000 ,3621614.809944 ,156.000000 ,1.000000
408.300000 ,3621614.809944 ,157.000000 ,1.000000
408.300000 ,3621701.802437 ,158.000000 ,0.000000
411.100000 ,3621554.622437 ,159.000000 ,0.000000
411.100000 ,3621705.702437 ,160.000000 ,0.000000
412.500000 ,3621614.596300 ,161.000000 ,1.000000
415.300000 ,3621615.396167 ,162.000000 ,1.000000
415.300000 ,3621610.163500 ,163.000000 ,1.000000
416.700000 ,3621615.396167 ,164.000000 ,1.000000
418.100000 ,3621615.396167 ,165.000000 ,1.000000
420.900000 ,3621612.301056 ,166.000000 ,1.000000
422.300000 ,3621609.227312 ,167.000000 ,1.000000
429.300000 ,3621609.227312 ,168.000000 ,1.000000
430.700000 ,3621611.967682 ,169.000000 ,1.000000
432.100000 ,3621612.372409 ,170.000000 ,1.000000
432.100000 ,3621628.542437 ,171.000000 ,0.000000
434.900000 ,3621612.777136 ,172.000000 ,1.000000
437.700000 ,3621615.396167 ,173.000000 ,1.000000
437.700000 ,3621613.991318 ,174.000000 ,1.000000
439.100000 ,3621613.991318 ,175.000000 ,1.000000
439.100000 ,3621612.777136 ,176.000000 ,1.000000
440.500000 ,3621613.991318 ,177.000000 ,1.000000
440.500000 ,3621613.181864 ,178.000000 ,1.000000
446.100000 ,3621610.753500 ,179.000000 ,1.000000
454.500000 ,3621614.800773 ,180.000000 ,1.000000
455.900000 ,3621614.396045 ,181.000000 ,1.000000
458.700000 ,3621615.205500 ,182.000000 ,1.000000
460.100000 ,3621613.742750 ,183.000000 ,1.000000
465.700000 ,3621603.840500 ,184.000000 ,1.000000
472.700000 ,3621614.042250 ,185.000000 ,1.000000
472.700000 ,3621604.794375 ,186.000000 ,1.000000
478.300000 ,3621604.794375 ,187.000000 ,1.000000
482.500000 ,3621614.349458 ,188.000000 ,1.000000
482.500000 ,3621603.840500 ,189.000000 ,1.000000
483.900000 ,3621603.840500 ,190.000000 ,1.000000
486.700000 ,3621603.840500 ,191.000000 ,1.000000
492.300000 ,3621604.794375 ,192.000000 ,1.000000
493.700000 ,3621604.794375 ,193.000000 ,1.000000
495.100000 ,3621601.734500 ,194.000000 ,1.000000
496.500000 ,3621610.266250 ,195.000000 ,1.000000
497.900000 ,3621602.866750 ,196.000000 ,1.000000
499.300000 ,3621607.637375 ,197.000000 ,1.000000
504.900000 ,3621602.006500 ,198.000000 ,1.000000
511.900000 ,3621605.695125 ,199.000000 ,1.000000
511.900000 ,3621596.622437 ,200.000000 ,0.000000
514.700000 ,3621604.100625 ,201.000000 ,1.000000
517.500000 ,3621604.100625 ,202.000000 ,1.000000
518.900000 ,3621605.695125 ,203.000000 ,1.000000
521.700000 ,3621603.035667 ,204.000000 ,1.000000
524.500000 ,3621604.582000 ,205.000000 ,1.000000
527.300000 ,3621605.695125 ,206.000000 ,1.000000
527.300000 ,3621601.442875 ,207.000000 ,1.000000
527.300000 ,3621599.176458 ,208.000000 ,1.000000
534.300000 ,3621610.867800 ,209.000000 ,1.000000
534.300000 ,3621607.540125 ,210.000000 ,1.000000
534.300000 ,3621604.582000 ,211.000000 ,1.000000
535.700000 ,3621603.035667 ,212.000000 ,1.000000
546.900000 ,3621663.762437 ,213.000000 ,0.000000
548.300000 ,3621610.867800 ,214.000000 ,1.000000
549.700000 ,3621607.540125 ,215.000000 ,1.000000
551.100000 ,3621612.377750 ,216.000000 ,1.000000
555.300000 ,3621612.377750 ,217.000000 ,1.000000
556.700000 ,3621608.789563 ,218.000000 ,1.000000
559.500000 ,3621607.182000 ,219.000000 ,1.000000
562.300000 ,3621611.797750 ,220.000000 ,1.000000
562.300000 ,3621555.942437 ,221.000000 ,0.000000
566.500000 ,3621609.309625 ,222.000000 ,1.000000
570.700000 ,3621611.458000 ,223.000000 ,1.000000
572.100000 ,3621609.309625 ,224.000000 ,1.000000
579.100000 ,3621611.608750 ,225.000000 ,1.000000
587.500000 ,3621610.963375 ,226.000000 ,1.000000
590.300000 ,3621611.458000 ,227.000000 ,1.000000
595.900000 ,3621611.190417 ,228.000000 ,1.000000
597.300000 ,3621614.742437 ,229.000000 ,0.000000
600.100000 ,3621611.751625 ,230.000000 ,1.000000
604.300000 ,3621610.963375 ,231.000000 ,1.000000
616.900000 ,3621609.117891 ,232.000000 ,1.000000
618.300000 ,3621514.362437 ,233.000000 ,0.000000
622.500000 ,3621538.662437 ,234.000000 ,0.000000
626.700000 ,3621438.762437 ,235.000000 ,0.000000
626.700000 ,3621465.342437 ,236.000000 ,0.000000
628.100000 ,3621611.217797 ,237.000000 ,1.000000
629.500000 ,3621611.217797 ,238.000000 ,1.000000
630.900000 ,3621609.117891 ,239.000000 ,1.000000
630.900000 ,3621606.464639 ,240.000000 ,1.000000
632.300000 ,3621608.591703 ,241.000000 ,1.000000
636.500000 ,3621609.117891 ,242.000000 ,1.000000
636.500000 ,3621605.521600 ,243.000000 ,1.000000
637.900000 ,3621607.593417 ,244.000000 ,1.000000
637.900000 ,3621605.521600 ,245.000000 ,1.000000
637.900000 ,3621688.782437 ,246.000000 ,0.000000
644.900000 ,3621611.217797 ,247.000000 ,1.000000
646.300000 ,3621605.521600 ,248.000000 ,1.000000
649.100000 ,3621606.682208 ,249.000000 ,1.000000
650.500000 ,3621608.983750 ,250.000000 ,1.000000
651.900000 ,3621605.521600 ,251.000000 ,1.000000
656.100000 ,3621607.760375 ,252.000000 ,1.000000
665.900000 ,3621608.323500 ,253.000000 ,1.000000
665.900000 ,3621606.414958 ,254.000000 ,1.000000
667.300000 ,3621419.022437 ,255.000000 ,0.000000
670.100000 ,3621609.010344 ,256.000000 ,1.000000
672.900000 ,3621606.823333 ,257.000000 ,1.000000
674.300000 ,3621602.764625 ,258.000000 ,1.000000
679.900000 ,3621609.010344 ,259.000000 ,1.000000
679.900000 ,3621543.642437 ,260.000000 ,0.000000
682.700000 ,3621434.622437 ,261.000000 ,0.000000
682.700000 ,3621609.010344 ,262.000000 ,1.000000
685.500000 ,3621561.462437 ,263.000000 ,0.000000
686.900000 ,3621609.010344 ,264.000000 ,1.000000
691.100000 ,3621608.201167 ,265.000000 ,1.000000
693.900000 ,3621607.220250 ,266.000000 ,1.000000
693.900000 ,3621606.001750 ,267.000000 ,1.000000
695.300000 ,3621606.001750 ,268.000000 ,1.000000
696.700000 ,3621601.084583 ,269.000000 ,1.000000
700.900000 ,3621607.220250 ,270.000000 ,1.000000
702.300000 ,3621604.977688 ,271.000000 ,1.000000
703.700000 ,3621606.001750 ,272.000000 ,1.000000
705.100000 ,3621606.884500 ,273.000000 ,1.000000
706.500000 ,3621604.231500 ,274.000000 ,1.000000
707.900000 ,3621601.733813 ,275.000000 ,1.000000
710.700000 ,3621605.906708 ,276.000000 ,1.000000
710.700000 ,3621559.662437 ,277.000000 ,0.000000
712.100000 ,3621605.906708 ,278.000000 ,1.000000
712.100000 ,3621600.381750 ,279.000000 ,1.000000
712.100000 ,3621598.722437 ,280.000000 ,0.000000
714.900000 ,3621604.861708 ,281.000000 ,1.000000
714.900000 ,3621600.381750 ,282.000000 ,1.000000
716.300000 ,3621603.690083 ,283.000000 ,1.000000
723.300000 ,3621602.434625 ,284.000000 ,1.000000
727.500000 ,3621602.434625 ,285.000000 ,1.000000
730.300000 ,3621597.449250 ,286.000000 ,1.000000
733.100000 ,3621603.436833 ,287.000000 ,1.000000
734.500000 ,3621603.690083 ,288.000000 ,1.000000
738.700000 ,3621602.434625 ,289.000000 ,1.000000
745.700000 ,3621603.490455 ,290.000000 ,1.000000
749.900000 ,3621603.490455 ,291.000000 ,1.000000
758.300000 ,3621601.614864 ,292.000000 ,1.000000
759.700000 ,3621603.490455 ,293.000000 ,1.000000
761.100000 ,3621603.217875 ,294.000000 ,1.000000
762.500000 ,3621602.666312 ,295.000000 ,1.000000
762.500000 ,3621601.614864 ,296.000000 ,1.000000
763.900000 ,3621601.614864 ,297.000000 ,1.000000
765.300000 ,3621603.021708 ,298.000000 ,1.000000
768.100000 ,3621602.935850 ,299.000000 ,1.000000
769.500000 ,3621603.217875 ,300.000000 ,1.000000
772.300000 ,3621601.565563 ,301.000000 ,1.000000
773.700000 ,3621601.565563 ,302.000000 ,1.000000
775.100000 ,3621603.091868 ,303.000000 ,1.000000
779.300000 ,3621603.465659 ,304.000000 ,1.000000
782.100000 ,3621600.358833 ,305.000000 ,1.000000
783.500000 ,3621411.882437 ,306.000000 ,0.000000
784.900000 ,3621577.122437 ,307.000000 ,0.000000
784.900000 ,3621653.082437 ,308.000000 ,0.000000
789.100000 ,3621601.565563 ,309.000000 ,1.000000
790.500000 ,3621599.353306 ,310.000000 ,1.000000
791.900000 ,3621670.602437 ,311.000000 ,0.000000
793.300000 ,3621599.353306 ,312.000000 ,1.000000
794.700000 ,3621599.353306 ,313.000000 ,1.000000
797.500000 ,3621701.862437 ,314.000000 ,0.000000
803.100000 ,3621600.208800 ,315.000000 ,1.000000
804.500000 ,3621598.494156 ,316.000000 ,1.000000
805.900000 ,3621600.358833 ,317.000000 ,1.000000
805.900000 ,3621598.702981 ,318.000000 ,1.000000
811.500000 ,3621598.955700 ,319.000000 ,1.000000
817.100000 ,3621598.665531 ,320.000000 ,1.000000
817.100000 ,3621597.535886 ,321.000000 ,1.000000
819.900000 ,3621597.535886 ,322.000000 ,1.000000
825.500000 ,3621598.702981 ,323.000000 ,1.000000
826.900000 ,3621598.290500 ,324.000000 ,1.000000
829.700000 ,3621598.702981 ,325.000000 ,1.000000
832.500000 ,3621599.225875 ,326.000000 ,1.000000
835.300000 ,3621594.322429 ,327.000000 ,1.000000
835.300000 ,3621593.210667 ,328.000000 ,1.000000
842.300000 ,3621599.225875 ,329.000000 ,1.000000
842.300000 ,3621598.290500 ,330.000000 ,1.000000
847.900000 ,3621598.290500 ,331.000000 ,1.000000
849.300000 ,3621598.290500 ,332.000000 ,1.000000
853.500000 ,3621594.336500 ,333.000000 ,1.000000
856.300000 ,3621595.565750 ,334.000000 ,1.000000
860.500000 ,3621595.748375 ,335.000000 ,1.000000
863.300000 ,3621594.336500 ,336.000000 ,1.000000
867.500000 ,3621594.336500 ,337.000000 ,1.000000
868.900000 ,3621595.748375 ,338.000000 ,1.000000
868.900000 ,3621592.228625 ,339.000000 ,1.000000
870.300000 ,3621592.228625 ,340.000000 ,1.000000
875.900000 ,3621595.335000 ,341.000000 ,1.000000
888.500000 ,3621586.789750 ,342.000000 ,1.000000
889.900000 ,3621586.789750 ,343.000000 ,1.000000
895.500000 ,3621592.348500 ,344.000000 ,1.000000
910.900000 ,3621596.297667 ,345.000000 ,1.000000
912.300000 ,3621596.525583 ,346.000000 ,1.000000
912.300000 ,3621592.348500 ,347.000000 ,1.000000
919.300000 ,3621596.525583 ,348.000000 ,1.000000
923.500000 ,3621596.787250 ,349.000000 ,1.000000
927.700000 ,3621596.460125 ,350.000000 ,1.000000
930.500000 ,3621595.369917 ,351.000000 ,1.000000
933.300000 ,3621537.462437 ,352.000000 ,0.000000
938.900000 ,3621481.062437 ,353.000000 ,0.000000
941.700000 ,3621618.942437 ,354.000000 ,0.000000
945.900000 ,3621595.430750 ,355.000000 ,1.000000
966.900000 ,3621688.362437 ,356.000000 ,0.000000
968.300000 ,3621594.693708 ,357.000000 ,1.000000
971.100000 ,3621593.849875 ,358.000000 ,1.000000
975.300000 ,3621594.578750 ,359.000000 ,1.000000
982.300000 ,3621594.414583 ,360.000000 ,1.000000
990.700000 ,3621586.611417 ,361.000000 ,1.000000
994.900000 ,3621594.578750 ,362.000000 ,1.000000
997.700000 ,3621594.377125 ,363.000000 ,1.000000
1001.900000 ,3621592.925625 ,364.000000 ,1.000000
1001.900000 ,3621647.562437 ,365.000000 ,0.000000
1003.300000 ,3621592.925625 ,366.000000 ,1.000000
1006.100000 ,3621592.925625 ,367.000000 ,1.000000
1007.500000 ,3621592.946264 ,368.000000 ,1.000000
1008.900000 ,3621592.946264 ,369.000000 ,1.000000
1013.100000 ,3621593.164567 ,370.000000 ,1.000000
1020.100000 ,3621593.086308 ,371.000000 ,1.000000
1021.500000 ,3621592.712047 ,372.000000 ,1.000000
1021.500000 ,3621680.202437 ,373.000000 ,0.000000
1022.900000 ,3621592.852060 ,374.000000 ,1.000000
1024.300000 ,3621543.942437 ,375.000000 ,0.000000
1024.300000 ,3621593.164567 ,376.000000 ,1.000000
1027.100000 ,3621592.712047 ,377.000000 ,1.000000
1028.500000 ,3621593.018250 ,378.000000 ,1.000000
1031.300000 ,3621592.572344 ,379.000000 ,1.000000
1034.100000 ,3621592.905205 ,380.000000 ,1.000000
1038.300000 ,3621593.086308 ,381.000000 ,1.000000
1042.500000 ,3621592.712047 ,382.000000 ,1.000000
1042.500000 ,3621658.422437 ,383.000000 ,0.000000
1048.100000 ,3621581.259500 ,384.000000 ,1.000000
1049.500000 ,3621594.352600 ,385.000000 ,1.000000
1049.500000 ,3621592.211625 ,386.000000 ,1.000000
1053.700000 ,3621593.834333 ,387.000000 ,1.000000
1053.700000 ,3621654.582437 ,388.000000 ,0.000000
1057.900000 ,3621592.211625 ,389.000000 ,1.000000
1064.900000 ,3621592.987450 ,390.000000 ,1.000000
1066.300000 ,3621594.352600 ,391.000000 ,1.000000
1066.300000 ,3621591.314917 ,392.000000 ,1.000000
1067.700000 ,3621593.834333 ,393.000000 ,1.000000
1071.900000 ,3621587.689000 ,394.000000 ,1.000000
1076.100000 ,3621449.442437 ,395.000000 ,0.000000
1076.100000 ,3621593.592625 ,396.000000 ,1.000000
1077.500000 ,3621683.562437 ,397.000000 ,0.000000
1080.300000 ,3621587.737100 ,398.000000 ,1.000000
1081.700000 ,3621587.859750 ,399.000000 ,1.000000
1083.100000 ,3621618.102437 ,400.000000 ,0.000000
1088.700000 ,3621437.622437 ,401.000000 ,0.000000
1090.100000 ,3621606.522437 ,402.000000 ,0.000000
1094.300000 ,3621591.472076 ,403.000000 ,1.000000
1095.700000 ,3621589.829125 ,404.000000 ,1.000000
1095.700000 ,3621587.859750 ,405.000000 ,1.000000
1097.100000 ,3621588.280750 ,406.000000 ,1.000000
1098.500000 ,3621587.859750 ,407.000000 ,1.000000
1101.300000 ,3621591.643821 ,408.000000 ,1.000000
1104.100000 ,3621591.563643 ,409.000000 ,1.000000
1109.700000 ,3621591.643821 ,410.000000 ,1.000000
1113.900000 ,3621591.350118 ,411.000000 ,1.000000
1115.300000 ,3621589.928864 ,412.000000 ,1.000000
1118.100000 ,3621591.563643 ,413.000000 ,1.000000
1119.500000 ,3621590.188444 ,414.000000 ,1.000000
1126.500000 ,3621590.803769 ,415.000000 ,1.000000
1130.700000 ,3621590.005375 ,416.000000 ,1.000000
1130.700000 ,3621589.344792 ,417.000000 ,1.000000
1132.100000 ,3621591.267500 ,418.000000 ,1.000000
1132.100000 ,3621589.928864 ,419.000000 ,1.000000
1133.500000 ,3621668.322437 ,420.000000 ,0.000000
1134.900000 ,3621590.284893 ,421.000000 ,1.000000
1137.700000 ,3621591.267500 ,422.000000 ,1.000000
1139.100000 ,3621589.344792 ,423.000000 ,1.000000
1140.500000 ,3621590.284893 ,424.000000 ,1.000000
1141.900000 ,3621590.286429 ,425.000000 ,1.000000
1141.900000 ,3621589.344792 ,426.000000 ,1.000000
1143.300000 ,3621590.286429 ,427.000000 ,1.000000
1144.700000 ,3621588.274194 ,428.000000 ,1.000000
1146.100000 ,3621521.202437 ,429.000000 ,0.000000
1146.100000 ,3621590.956333 ,430.000000 ,1.000000
1146.100000 ,3621590.286429 ,431.000000 ,1.000000
1146.100000 ,3621587.789200 ,432.000000 ,1.000000
1147.500000 ,3621590.286429 ,433.000000 ,1.000000
1150.300000 ,3621590.286429 ,434.000000 ,1.000000
1153.100000 ,3621543.282437 ,435.000000 ,0.000000
1155.900000 ,3621587.610828 ,436.000000 ,1.000000
1162.900000 ,3621589.484917 ,437.000000 ,1.000000
1164.300000 ,3621590.798250 ,438.000000 ,1.000000
1167.100000 ,3621590.383600 ,439.000000 ,1.000000
1168.500000 ,3621588.941875 ,440.000000 ,1.000000
1174.100000 ,3621588.950417 ,441.000000 ,1.000000
1175.500000 ,3621590.798250 ,442.000000 ,1.000000
1176.900000 ,3621590.798250 ,443.000000 ,1.000000
1181.100000 ,3621590.798250 ,444.000000 ,1.000000
1182.500000 ,3621590.318625 ,445.000000 ,1.000000
1186.700000 ,3621589.749900 ,446.000000 ,1.000000
1189.500000 ,3621590.243438 ,447.000000 ,1.000000
1192.300000 ,3621590.026025 ,448.000000 ,1.000000
1196.500000 ,3621589.897000 ,449.000000 ,1.000000
1199.300000 ,3621590.318625 ,450.000000 ,1.000000
1210.500000 ,3621590.271250 ,451.000000 ,1.000000
1218.900000 ,3621589.897000 ,452.000000 ,1.000000
1223.100000 ,3621589.626100 ,453.000000 ,1.000000
1224.500000 ,3621589.626100 ,454.000000 ,1.000000
1228.700000 ,3621589.825500 ,455.000000 ,1.000000
1230.100000 ,3621589.825500 ,456.000000 ,1.000000
1232.900000 ,3621589.825500 ,457.000000 ,1.000000
1237.100000 ,3621588.528125 ,458.000000 ,1.000000
1248.300000 ,3621589.825500 ,459.000000 ,1.000000
1249.700000 ,3621588.431450 ,460.000000 ,1.000000
1252.500000 ,3621589.315000 ,461.000000 ,1.000000
1255.300000 ,3621588.804500 ,462.000000 ,1.000000
1262.300000 ,3621588.431450 ,463.000000 ,1.000000
1265.100000 ,3621589.104625 ,464.000000 ,1.000000
1267.900000 ,3621588.496800 ,465.000000 ,1.000000
1272.100000 ,3621589.089250 ,466.000000 ,1.000000
1272.100000 ,3621588.496800 ,467.000000 ,1.000000
1280.500000 ,3621587.736139 ,468.000000 ,1.000000
1284.700000 ,3621588.397194 ,469.000000 ,1.000000
1286.100000 ,3621587.327156 ,470.000000 ,1.000000
1288.900000 ,3621587.005406 ,471.000000 ,1.000000
1290.300000 ,3621585.584750 ,472.000000 ,1.000000
1295.900000 ,3621585.584750 ,473.000000 ,1.000000
1297.300000 ,3621587.327156 ,474.000000 ,1.000000
1301.500000 ,3621584.676550 ,475.000000 ,1.000000
1304.300000 ,3621585.584750 ,476.000000 ,1.000000
1308.500000 ,3621441.162437 ,477.000000 ,0.000000
1312.700000 ,3621590.682437 ,478.000000 ,0.000000
1316.900000 ,3621586.401000 ,479.000000 ,1.000000
1318.300000 ,3621585.968167 ,480.000000 ,1.000000
1318.300000 ,3621584.883650 ,481.000000 ,1.000000
1325.300000 ,3621441.402437 ,482.000000 ,0.000000
1329.500000 ,3621585.968167 ,483.000000 ,1.000000
1330.900000 ,3621585.600875 ,484.000000 ,1.000000
1330.900000 ,3621583.608100 ,485.000000 ,1.000000
1332.300000 ,3621585.968167 ,486.000000 ,1.000000
1335.100000 ,3621584.221937 ,487.000000 ,1.000000
1335.100000 ,3621644.442437 ,488.000000 ,0.000000
1336.500000 ,3621585.558625 ,489.000000 ,1.000000
1336.500000 ,3621583.608100 ,490.000000 ,1.000000
1336.500000 ,3621580.513750 ,491.000000 ,1.000000
1337.900000 ,3621585.741125 ,492.000000 ,1.000000
1339.300000 ,3621583.295250 ,493.000000 ,1.000000
1343.500000 ,3621583.608100 ,494.000000 ,1.000000
1349.100000 ,3621583.608100 ,495.000000 ,1.000000
1350.500000 ,3621583.608100 ,496.000000 ,1.000000
1351.900000 ,3621583.608100 ,497.000000 ,1.000000
1356.100000 ,3621583.608100 ,498.000000 ,1.000000
1357.500000 ,3621582.881250 ,499.000000 ,1.000000
1361.700000 ,3621582.881250 ,500.000000 ,1.000000
1361.700000 ,3621681.162437 ,501.000000 ,0.000000
1363.100000 ,3621583.359500 ,502.000000 ,1.000000
1375.700000 ,3621582.552500 ,503.000000 ,1.000000
1377.100000 ,3621582.809750 ,504.000000 ,1.000000
1378.500000 ,3621583.680729 ,505.000000 ,1.000000
1384.100000 ,3621582.647969 ,506.000000 ,1.000000
1385.500000 ,3621583.227063 ,507.000000 ,1.000000
1386.900000 ,3621585.062250 ,508.000000 ,1.000000
1388.300000 ,3621583.359500 ,509.000000 ,1.000000
1398.100000 ,3621507.042437 ,510.000000 ,0.000000
1398.100000 ,3621585.062250 ,511.000000 ,1.000000
1399.500000 ,3621584.639500 ,512.000000 ,1.000000
1400.900000 ,3621614.562437 ,513.000000 ,0.000000
1403.700000 ,3621582.647969 ,514.000000 ,1.000000
1410.700000 ,3621595.062437 ,515.000000 ,0.000000
1420.500000 ,3621583.941875 ,516.000000 ,1.000000
1424.700000 ,3621650.622437 ,517.000000 ,0.000000
1426.100000 ,3621581.052667 ,518.000000 ,1.000000
1427.500000 ,3621583.701250 ,519.000000 ,1.000000
1428.900000 ,3621646.302437 ,520.000000 ,0.000000
1430.300000 ,3621583.941875 ,521.000000 ,1.000000
1434.500000 ,3621562.302437 ,522.000000 ,0.000000
1438.700000 ,3621473.562437 ,523.000000 ,0.000000
1440.100000 ,3621579.494000 ,524.000000 ,1.000000
1444.300000 ,3621580.869250 ,525.000000 ,1.000000
1451.300000 ,3621583.557000 ,526.000000 ,1.000000
1451.300000 ,3621574.718000 ,527.000000 ,1.000000
1454.100000 ,3621583.557000 ,528.000000 ,1.000000
1456.900000 ,3621581.352375 ,529.000000 ,1.000000
1461.100000 ,3621582.519750 ,530.000000 ,1.000000
1461.100000 ,3621579.494000 ,531.000000 ,1.000000
1462.500000 ,3621408.582437 ,532.000000 ,0.000000
1462.500000 ,3621582.519750 ,533.000000 ,1.000000
1462.500000 ,3621578.653250 ,534.000000 ,1.000000
1463.900000 ,3621574.718000 ,535.000000 ,1.000000
1465.300000 ,3621578.653250 ,536.000000 ,1.000000
1466.700000 ,3621582.519750 ,537.000000 ,1.000000
1469.500000 ,3621579.507639 ,538.000000 ,1.000000
1473.700000 ,3621574.718000 ,539.000000 ,1.000000
1477.900000 ,3621581.672813 ,540.000000 ,1.000000
1479.300000 ,3621578.653250 ,541.000000 ,1.000000
1487.700000 ,3621582.519750 ,542.000000 ,1.000000
1487.700000 ,3621580.438344 ,543.000000 ,1.000000
1489.100000 ,3621580.016500 ,544.000000 ,1.000000
1494.700000 ,3621579.596875 ,545.000000 ,1.000000
1497.500000 ,3621580.438344 ,546.000000 ,1.000000
1497.500000 ,3621579.596875 ,547.000000 ,1.000000
1498.900000 ,3621581.279812 ,548.000000 ,1.000000
1501.700000 ,3621539.322437 ,549.000000 ,0.000000
1504.500000 ,3621579.596875 ,550.000000 ,1.000000
1504.500000 ,3621572.863464 ,551.000000 ,1.000000
1507.300000 ,3621503.802437 ,552.000000 ,0.000000
1508.700000 ,3621574.522179 ,553.000000 ,1.000000
1510.100000 ,3621582.962750 ,554.000000 ,1.000000
1511.500000 ,3621528.882437 ,555.000000 ,0.000000
1512.900000 ,3621461.142437 ,556.000000 ,0.000000
1514.300000 ,3621581.157036 ,557.000000 ,1.000000
1518.500000 ,3621573.865500 ,558.000000 ,1.000000
1524.100000 ,3621573.865500 ,559.000000 ,1.000000
1528.300000 ,3621542.562437 ,560.000000 ,0.000000
1529.700000 ,3621580.243250 ,561.000000 ,1.000000
1529.700000 ,3621579.314000 ,562.000000 ,1.000000
1529.700000 ,3621576.526250 ,563.000000 ,1.000000
1533.900000 ,3621580.529750 ,564.000000 ,1.000000
1538.100000 ,3621581.172500 ,565.000000 ,1.000000
1538.100000 ,3621576.526250 ,566.000000 ,1.000000
1539.500000 ,3621582.105250 ,567.000000 ,1.000000
1539.500000 ,3621581.402187 ,568.000000 ,1.000000
1539.500000 ,3621580.243250 ,569.000000 ,1.000000
1540.900000 ,3621581.715250 ,570.000000 ,1.000000
1540.900000 ,3621577.455500 ,571.000000 ,1.000000
1545.100000 ,3621582.105250 ,572.000000 ,1.000000
1547.900000 ,3621582.105250 ,573.000000 ,1.000000
1549.300000 ,3621582.105250 ,574.000000 ,1.000000
1549.300000 ,3621581.715250 ,575.000000 ,1.000000
1552.100000 ,3621581.604000 ,576.000000 ,1.000000
1554.900000 ,3621581.491194 ,577.000000 ,1.000000
1556.300000 ,3621536.262437 ,578.000000 ,0.000000
1561.900000 ,3621581.715250 ,579.000000 ,1.000000
1561.900000 ,3621580.734812 ,580.000000 ,1.000000
1567.500000 ,3621581.715250 ,581.000000 ,1.000000
1567.500000 ,3621579.581800 ,582.000000 ,1.000000
1567.500000 ,3621575.747375 ,583.000000 ,1.000000
1568.900000 ,3621575.747375 ,584.000000 ,1.000000
1570.300000 ,3621581.932875 ,585.000000 ,1.000000
1573.100000 ,3621578.713250 ,586.000000 ,1.000000
1577.300000 ,3621580.246500 ,587.000000 ,1.000000
1581.500000 ,3621578.713250 ,588.000000 ,1.000000
1588.500000 ,3621581.315375 ,589.000000 ,1.000000
1591.300000 ,3621701.742437 ,590.000000 ,0.000000
1595.500000 ,3621607.002437 ,591.000000 ,0.000000
1596.900000 ,3621579.603750 ,592.000000 ,1.000000
1599.700000 ,3621580.246500 ,593.000000 ,1.000000
1624.900000 ,3621580.075000 ,594.000000 ,1.000000
1626.300000 ,3621704.862437 ,595.000000 ,0.000000
1627.700000 ,3621578.892028 ,596.000000 ,1.000000
1631.900000 ,3621577.244375 ,597.000000 ,1.000000
1636.100000 ,3621578.004778 ,598.000000 ,1.000000
1636.100000 ,3621577.244375 ,599.000000 ,1.000000
1637.500000 ,3621580.660562 ,600.000000 ,1.000000
1638.900000 ,3621578.497000 ,601.000000 ,1.000000
1640.300000 ,3621580.660562 ,602.000000 ,1.000000
1643.100000 ,3621572.987375 ,603.000000 ,1.000000
1645.900000 ,3621580.660562 ,604.000000 ,1.000000
1648.700000 ,3621574.793864 ,605.000000 ,1.000000
1650.100000 ,3621574.793864 ,606.000000 ,1.000000
1652.900000 ,3621573.743268 ,607.000000 ,1.000000
1659.900000 ,3621572.012900 ,608.000000 ,1.000000
1659.900000 ,3621569.601864 ,609.000000 ,1.000000
1661.300000 ,3621533.922437 ,610.000000 ,0.000000
1664.100000 ,3621574.793864 ,611.000000 ,1.000000
1669.700000 ,3621689.862437 ,612.000000 ,0.000000
1672.500000 ,3621574.270536 ,613.000000 ,1.000000
1672.500000 ,3621570.426250 ,614.000000 ,1.000000
1675.300000 ,3621572.173923 ,615.000000 ,1.000000
1679.500000 ,3621571.614438 ,616.000000 ,1.000000
1685.100000 ,3621574.820500 ,617.000000 ,1.000000
1685.100000 ,3621573.512750 ,618.000000 ,1.000000
1689.300000 ,3621571.848161 ,619.000000 ,1.000000
1692.100000 ,3621555.642437 ,620.000000 ,0.000000
1692.100000 ,3621575.097583 ,621.000000 ,1.000000
1692.100000 ,3621573.300359 ,622.000000 ,1.000000
1694.900000 ,3621572.549833 ,623.000000 ,1.000000
1699.100000 ,3621574.820500 ,624.000000 ,1.000000
1700.500000 ,3621572.549833 ,625.000000 ,1.000000
1703.300000 ,3621570.906125 ,626.000000 ,1.000000
1706.100000 ,3621573.385800 ,627.000000 ,1.000000
1708.900000 ,3621574.956750 ,628.000000 ,1.000000
1710.300000 ,3621489.942437 ,629.000000 ,0.000000
1713.100000 ,3621574.055600 ,630.000000 ,1.000000
1724.300000 ,3621573.385800 ,631.000000 ,1.000000
1727.100000 ,3621573.196893 ,632.000000 ,1.000000
1727.100000 ,3621569.755028 ,633.000000 ,1.000000
1731.300000 ,3621570.798227 ,634.000000 ,1.000000
1734.100000 ,3621570.798227 ,635.000000 ,1.000000
1738.300000 ,3621572.366708 ,636.000000 ,1.000000
1738.300000 ,3621570.909975 ,637.000000 ,1.000000
1745.300000 ,3621570.798227 ,638.000000 ,1.000000
1746.700000 ,3621572.887938 ,639.000000 ,1.000000
1748.100000 ,3621571.054167 ,640.000000 ,1.000000
1753.700000 ,3621572.783469 ,641.000000 ,1.000000
1756.500000 ,3621572.900000 ,642.000000 ,1.000000
1756.500000 ,3621571.747250 ,643.000000 ,1.000000
1757.900000 ,3621436.842437 ,644.000000 ,0.000000
1764.900000 ,3621572.900000 ,645.000000 ,1.000000
1766.300000 ,3621572.599650 ,646.000000 ,1.000000
1769.100000 ,3621572.390571 ,647.000000 ,1.000000
1770.500000 ,3621572.390571 ,648.000000 ,1.000000
1770.500000 ,3621571.958917 ,649.000000 ,1.000000
1771.900000 ,3621420.102437 ,650.000000 ,0.000000
1773.300000 ,3621572.900000 ,651.000000 ,1.000000
1773.300000 ,3621572.390571 ,652.000000 ,1.000000
1774.700000 ,3621572.090813 ,653.000000 ,1.000000
1777.500000 ,3621572.090813 ,654.000000 ,1.000000
1780.300000 ,3621572.390571 ,655.000000 ,1.000000
1780.300000 ,3621604.062437 ,656.000000 ,0.000000
1784.500000 ,3621572.232469 ,657.000000 ,1.000000
1785.900000 ,3621571.958917 ,658.000000 ,1.000000
1790.100000 ,3621570.834500 ,659.000000 ,1.000000
1795.700000 ,3621573.796000 ,660.000000 ,1.000000
1797.100000 ,3621660.642437 ,661.000000 ,0.000000
1798.500000 ,3621573.796000 ,662.000000 ,1.000000
1799.900000 ,3621704.262437 ,663.000000 ,0.000000
1801.300000 ,3621573.524500 ,664.000000 ,1.000000
1804.100000 ,3621573.674875 ,665.000000 ,1.000000
1811.100000 ,3621621.342437 ,666.000000 ,0.000000
1813.900000 ,3621567.697375 ,667.000000 ,1.000000
1815.300000 ,3621564.522500 ,668.000000 ,1.000000
1816.700000 ,3621564.522500 ,669.000000 ,1.000000
1819.500000 ,3621564.522500 ,670.000000 ,1.000000
1826.500000 ,3621564.522500 ,671.000000 ,1.000000
1826.500000 ,3621562.738100 ,672.000000 ,1.000000
1830.700000 ,3621564.522500 ,673.000000 ,1.000000
1834.900000 ,3621564.522500 ,674.000000 ,1.000000
1837.700000 ,3621564.522500 ,675.000000 ,1.000000
1840.500000 ,3621564.669000 ,676.000000 ,1.000000
1841.900000 ,3621563.665000 ,677.000000 ,1.000000
1843.300000 ,3621564.669000 ,678.000000 ,1.000000
1844.700000 ,3621453.522437 ,679.000000 ,0.000000
1844.700000 ,3621564.323167 ,680.000000 ,1.000000
1846.100000 ,3621576.282437 ,681.000000 ,0.000000
1847.500000 ,3621564.669000 ,682.000000 ,1.000000
1850.300000 ,3621563.907625 ,683.000000 ,1.000000
1851.700000 ,3621563.739875 ,684.000000 ,1.000000
1853.100000 ,3621547.662437 ,685.000000 ,0.000000
1860.100000 ,3621562.810750 ,686.000000 ,1.000000
1861.500000 ,3621564.150250 ,687.000000 ,1.000000
1861.500000 ,3621562.810750 ,688.000000 ,1.000000
1862.900000 ,3621564.496083 ,689.000000 ,1.000000
1865.700000 ,3621562.714464 ,690.000000 ,1.000000
1878.300000 ,3621562.714464 ,691.000000 ,1.000000
1879.700000 ,3621562.714464 ,692.000000 ,1.000000
1879.700000 ,3621561.179500 ,693.000000 ,1.000000
1885.300000 ,3621562.570036 ,694.000000 ,1.000000
1888.100000 ,3621562.412500 ,695.000000 ,1.000000
1896.500000 ,3621564.060875 ,696.000000 ,1.000000
1896.500000 ,3621562.412500 ,697.000000 ,1.000000
1913.300000 ,3621557.914500 ,698.000000 ,1.000000
1914.700000 ,3621564.060875 ,699.000000 ,1.000000
1921.700000 ,3621557.914500 ,700.000000 ,1.000000
1924.500000 ,3621557.914500 ,701.000000 ,1.000000
1927.300000 ,3621557.784000 ,702.000000 ,1.000000
1928.700000 ,3621557.784000 ,703.000000 ,1.000000
1931.500000 ,3621557.914500 ,704.000000 ,1.000000
1932.900000 ,3621516.702437 ,705.000000 ,0.000000
1934.300000 ,3621557.914500 ,706.000000 ,1.000000
1937.100000 ,3621557.128000 ,707.000000 ,1.000000
1938.500000 ,3621557.524583 ,708.000000 ,1.000000
1938.500000 ,3621692.802437 ,709.000000 ,0.000000
1942.700000 ,3621558.393083 ,710.000000 ,1.000000
1944.100000 ,3621558.393083 ,711.000000 ,1.000000
1946.900000 ,3621559.471167 ,712.000000 ,1.000000
1949.700000 ,3621556.977000 ,713.000000 ,1.000000
1959.500000 ,3621556.977000 ,714.000000 ,1.000000
1960.900000 ,3621562.166250 ,715.000000 ,1.000000
1967.900000 ,3621562.166250 ,716.000000 ,1.000000
1969.300000 ,3621556.707500 ,717.000000 ,1.000000
1980.500000 ,3621460.842437 ,718.000000 ,0.000000
1980.500000 ,3621556.479375 ,719.000000 ,1.000000
1983.300000 ,3621565.323250 ,720.000000 ,1.000000
1987.500000 ,3621564.895000 ,721.000000 ,1.000000
1988.900000 ,3621565.104583 ,722.000000 ,1.000000
1991.700000 ,3621561.563750 ,723.000000 ,1.000000
1993.100000 ,3621565.014250 ,724.000000 ,1.000000
1994.500000 ,3621565.104583 ,725.000000 ,1.000000
1995.900000 ,3621560.481900 ,726.000000 ,1.000000
1997.300000 ,3621554.805679 ,727.000000 ,1.000000
2001.500000 ,3621555.591450 ,728.000000 ,1.000000
2008.500000 ,3621561.185750 ,729.000000 ,1.000000
2008.500000 ,3621560.481900 ,730.000000 ,1.000000
2011.300000 ,3621564.895000 ,731.000000 ,1.000000
2011.300000 ,3621564.243125 ,732.000000 ,1.000000
2011.300000 ,3621561.185750 ,733.000000 ,1.000000
2011.300000 ,3621559.857375 ,734.000000 ,1.000000
2015.500000 ,3621559.782437 ,735.000000 ,0.000000
2018.300000 ,3621559.857375 ,736.000000 ,1.000000
2018.300000 ,3621557.935000 ,737.000000 ,1.000000
2019.700000 ,3621559.857375 ,738.000000 ,1.000000
2021.100000 ,3621559.857375 ,739.000000 ,1.000000
2022.500000 ,3621558.236000 ,740.000000 ,1.000000
2025.300000 ,3621558.620778 ,741.000000 ,1.000000
2025.300000 ,3621656.562437 ,742.000000 ,0.000000
2026.700000 ,3621527.502437 ,743.000000 ,0.000000
2026.700000 ,3621564.595750 ,744.000000 ,1.000000
2026.700000 ,3621557.173271 ,745.000000 ,1.000000
2026.700000 ,3621554.957021 ,746.000000 ,1.000000
2028.100000 ,3621561.185750 ,747.000000 ,1.000000
2030.900000 ,3621555.483250 ,748.000000 ,1.000000
2032.300000 ,3621561.489667 ,749.000000 ,1.000000
2035.100000 ,3621558.620778 ,750.000000 ,1.000000
2035.100000 ,3621555.483250 ,751.000000 ,1.000000
2039.300000 ,3621554.125583 ,752.000000 ,1.000000
2040.700000 ,3621561.489667 ,753.000000 ,1.000000
2042.100000 ,3621556.773571 ,754.000000 ,1.000000
2043.500000 ,3621554.125583 ,755.000000 ,1.000000
2049.100000 ,3621556.773571 ,756.000000 ,1.000000
2053.300000 ,3621558.414417 ,757.000000 ,1.000000
2053.300000 ,3621552.082406 ,758.000000 ,1.000000
2061.700000 ,3621553.661547 ,759.000000 ,1.000000
2065.900000 ,3621552.398234 ,760.000000 ,1.000000
2067.300000 ,3621553.345719 ,761.000000 ,1.000000
2070.100000 ,3621551.766578 ,762.000000 ,1.000000
2077.100000 ,3621553.987000 ,763.000000 ,1.000000
2077.100000 ,3621552.714062 ,764.000000 ,1.000000
2088.300000 ,3621563.822000 ,765.000000 ,1.000000
2089.700000 ,3621555.606750 ,766.000000 ,1.000000
2089.700000 ,3621553.987000 ,767.000000 ,1.000000
2091.100000 ,3621554.341063 ,768.000000 ,1.000000
2092.500000 ,3621553.439400 ,769.000000 ,1.000000
2099.500000 ,3621557.699917 ,770.000000 ,1.000000
2099.500000 ,3621553.020825 ,771.000000 ,1.000000
2100.900000 ,3621553.987000 ,772.000000 ,1.000000
2106.500000 ,3621555.606750 ,773.000000 ,1.000000
2107.900000 ,3621554.276550 ,774.000000 ,1.000000
2109.300000 ,3621554.704750 ,775.000000 ,1.000000
2110.700000 ,3621558.710750 ,776.000000 ,1.000000
2112.100000 ,3621563.822000 ,777.000000 ,1.000000
2112.100000 ,3621553.020825 ,778.000000 ,1.000000
2113.500000 ,3621562.016500 ,779.000000 ,1.000000
2116.300000 ,3621562.016500 ,780.000000 ,1.000000
2121.900000 ,3621561.217778 ,781.000000 ,1.000000
2124.700000 ,3621561.217778 ,782.000000 ,1.000000
2124.700000 ,3621550.267750 ,783.000000 ,1.000000
2127.500000 ,3621582.462437 ,784.000000 ,0.000000
2128.900000 ,3621483.942437 ,785.000000 ,0.000000
2130.300000 ,3621564.459250 ,786.000000 ,1.000000
2133.100000 ,3621560.954125 ,787.000000 ,1.000000
2137.300000 ,3621550.267750 ,788.000000 ,1.000000
2138.700000 ,3621550.267750 ,789.000000 ,1.000000
2140.100000 ,3621592.062437 ,790.000000 ,0.000000
2140.100000 ,3621550.267750 ,791.000000 ,1.000000
2141.500000 ,3621561.217778 ,792.000000 ,1.000000
2142.900000 ,3621415.542437 ,793.000000 ,0.000000
2145.700000 ,3621561.570417 ,794.000000 ,1.000000
2149.900000 ,3621552.139625 ,795.000000 ,1.000000
2151.300000 ,3621552.139625 ,796.000000 ,1.000000
2155.500000 ,3621564.459250 ,797.000000 ,1.000000
2155.500000 ,3621562.644125 ,798.000000 ,1.000000
2156.900000 ,3621562.644125 ,799.000000 ,1.000000
2158.300000 ,3621562.644125 ,800.000000 ,1.000000
2161.100000 ,3621557.721625 ,801.000000 ,1.000000
2162.500000 ,3621563.509917 ,802.000000 ,1.000000
2162.500000 ,3621563.285667 ,803.000000 ,1.000000
2165.300000 ,3621597.342437 ,804.000000 ,0.000000
2165.300000 ,3621557.932125 ,805.000000 ,1.000000
2165.300000 ,3621683.862437 ,806.000000 ,0.000000
2166.700000 ,3621561.906850 ,807.000000 ,1.000000
2168.100000 ,3621552.139625 ,808.000000 ,1.000000
2169.500000 ,3621563.509917 ,809.000000 ,1.000000
2172.300000 ,3621561.497607 ,810.000000 ,1.000000
2172.300000 ,3621557.510111 ,811.000000 ,1.000000
2175.100000 ,3621411.762437 ,812.000000 ,0.000000
2177.900000 ,3621557.721625 ,813.000000 ,1.000000
2180.700000 ,3621556.437700 ,814.000000 ,1.000000
2184.900000 ,3621557.510111 ,815.000000 ,1.000000
2187.700000 ,3621476.442437 ,816.000000 ,0.000000
2190.500000 ,3621533.382437 ,817.000000 ,0.000000
2193.300000 ,3621556.437700 ,818.000000 ,1.000000
2194.700000 ,3621557.718750 ,819.000000 ,1.000000
2198.900000 ,3621563.728036 ,820.000000 ,1.000000
2198.900000 ,3621560.583500 ,821.000000 ,1.000000
2200.300000 ,3621516.282437 ,822.000000 ,0.000000
2203.100000 ,3621562.146250 ,823.000000 ,1.000000
2203.100000 ,3621558.462596 ,824.000000 ,1.000000
2204.500000 ,3621560.583500 ,825.000000 ,1.000000
2204.500000 ,3621558.092937 ,826.000000 ,1.000000
2212.900000 ,3621560.670975 ,827.000000 ,1.000000
2217.100000 ,3621562.210714 ,828.000000 ,1.000000
2221.300000 ,3621553.628800 ,829.000000 ,1.000000
2224.100000 ,3621553.628800 ,830.000000 ,1.000000
2226.900000 ,3621558.267125 ,831.000000 ,1.000000
2238.100000 ,3621558.358437 ,832.000000 ,1.000000
2239.500000 ,3621562.638813 ,833.000000 ,1.000000
2240.900000 ,3621557.558000 ,834.000000 ,1.000000
2242.300000 ,3621556.212950 ,835.000000 ,1.000000
2245.100000 ,3621559.341500 ,836.000000 ,1.000000
2246.500000 ,3621558.358437 ,837.000000 ,1.000000
2249.300000 ,3621481.662437 ,838.000000 ,0.000000
2249.300000 ,3621556.212950 ,839.000000 ,1.000000
2252.100000 ,3621558.358437 ,840.000000 ,1.000000
2253.500000 ,3621558.358437 ,841.000000 ,1.000000
2253.500000 ,3621557.558000 ,842.000000 ,1.000000
2259.100000 ,3621558.358437 ,843.000000 ,1.000000
2264.700000 ,3621558.762750 ,844.000000 ,1.000000
2266.100000 ,3621559.666750 ,845.000000 ,1.000000
2268.900000 ,3621463.542437 ,846.000000 ,0.000000
2268.900000 ,3621561.300000 ,847.000000 ,1.000000
2270.300000 ,3621556.617083 ,848.000000 ,1.000000
2271.700000 ,3621556.617083 ,849.000000 ,1.000000
2274.500000 ,3621561.300000 ,850.000000 ,1.000000
2274.500000 ,3621560.906063 ,851.000000 ,1.000000
2280.100000 ,3621560.673875 ,852.000000 ,1.000000
2281.500000 ,3621561.578500 ,853.000000 ,1.000000
2284.300000 ,3621553.783375 ,854.000000 ,1.000000
2287.100000 ,3621559.835167 ,855.000000 ,1.000000
2288.500000 ,3621554.102875 ,856.000000 ,1.000000
2294.100000 ,3621559.999813 ,857.000000 ,1.000000
2294.100000 ,3621684.162437 ,858.000000 ,0.000000
2298.300000 ,3621554.102875 ,859.000000 ,1.000000
2299.700000 ,3621559.999813 ,860.000000 ,1.000000
2302.500000 ,3621561.711000 ,861.000000 ,1.000000
2303.900000 ,3621557.979071 ,862.000000 ,1.000000
2303.900000 ,3621554.102875 ,863.000000 ,1.000000
2308.100000 ,3621560.673875 ,864.000000 ,1.000000
2309.500000 ,3621558.180500 ,865.000000 ,1.000000
2312.300000 ,3621558.989375 ,866.000000 ,1.000000
2313.700000 ,3621556.871150 ,867.000000 ,1.000000
2315.100000 ,3621559.855833 ,868.000000 ,1.000000
2319.300000 ,3621556.871150 ,869.000000 ,1.000000
2322.100000 ,3621559.705333 ,870.000000 ,1.000000
2324.900000 ,3621558.989375 ,871.000000 ,1.000000
2324.900000 ,3621556.871150 ,872.000000 ,1.000000
2326.300000 ,3621559.855833 ,873.000000 ,1.000000
2327.700000 ,3621554.186167 ,874.000000 ,1.000000
2329.100000 ,3621670.182437 ,875.000000 ,0.000000
2330.500000 ,3621556.046900 ,876.000000 ,1.000000
2344.500000 ,3621559.648350 ,877.000000 ,1.000000
2348.700000 ,3621557.192833 ,878.000000 ,1.000000
2354.300000 ,3621559.648350 ,879.000000 ,1.000000
2354.300000 ,3621549.947250 ,880.000000 ,1.000000
2355.700000 ,3621553.329344 ,881.000000 ,1.000000
2359.900000 ,3621556.033479 ,882.000000 ,1.000000
2365.500000 ,3621555.615792 ,883.000000 ,1.000000
2366.900000 ,3621552.535458 ,884.000000 ,1.000000
2375.300000 ,3621556.033479 ,885.000000 ,1.000000
2375.300000 ,3621551.783583 ,886.000000 ,1.000000
2376.700000 ,3621553.963063 ,887.000000 ,1.000000
2379.500000 ,3621569.322437 ,888.000000 ,0.000000
2380.900000 ,3621552.963167 ,889.000000 ,1.000000
2383.700000 ,3621553.963063 ,890.000000 ,1.000000
2387.900000 ,3621552.963167 ,891.000000 ,1.000000
2390.700000 ,3621552.963167 ,892.000000 ,1.000000
2393.500000 ,3621552.963167 ,893.000000 ,1.000000
2394.900000 ,3621552.871042 ,894.000000 ,1.000000
2401.900000 ,3621553.613000 ,895.000000 ,1.000000
2401.900000 ,3621552.871042 ,896.000000 ,1.000000
2401.900000 ,3621551.783583 ,897.000000 ,1.000000
2406.100000 ,3621541.573250 ,898.000000 ,1.000000
2407.500000 ,3621547.690000 ,899.000000 ,1.000000
2407.500000 ,3621544.631625 ,900.000000 ,1.000000
2408.900000 ,3621541.573250 ,901.000000 ,1.000000
2410.300000 ,3621541.257750 ,902.000000 ,1.000000
2411.700000 ,3621541.573250 ,903.000000 ,1.000000
2413.100000 ,3621553.806750 ,904.000000 ,1.000000
2414.500000 ,3621541.573250 ,905.000000 ,1.000000
2420.100000 ,3621540.835750 ,906.000000 ,1.000000
2425.700000 ,3621556.992722 ,907.000000 ,1.000000
2425.700000 ,3621553.806750 ,908.000000 ,1.000000
2427.100000 ,3621541.573250 ,909.000000 ,1.000000
2435.500000 ,3621556.992722 ,910.000000 ,1.000000
2436.900000 ,3621551.869536 ,911.000000 ,1.000000
2438.300000 ,3621516.222437 ,912.000000 ,0.000000
2438.300000 ,3621555.153750 ,913.000000 ,1.000000
2439.700000 ,3621548.208700 ,914.000000 ,1.000000
2442.500000 ,3621556.992722 ,915.000000 ,1.000000
2446.700000 ,3621554.532614 ,916.000000 ,1.000000
2448.100000 ,3621556.244389 ,917.000000 ,1.000000
2450.900000 ,3621554.542500 ,918.000000 ,1.000000
2453.700000 ,3621554.039875 ,919.000000 ,1.000000
2456.500000 ,3621554.542500 ,920.000000 ,1.000000
2457.900000 ,3621554.542500 ,921.000000 ,1.000000
2466.300000 ,3621556.244389 ,922.000000 ,1.000000
2466.300000 ,3621555.092882 ,923.000000 ,1.000000
2466.300000 ,3621554.285500 ,924.000000 ,1.000000
2469.100000 ,3621554.210393 ,925.000000 ,1.000000
2471.900000 ,3621554.210393 ,926.000000 ,1.000000
2473.300000 ,3621555.092882 ,927.000000 ,1.000000
2480.300000 ,3621555.092882 ,928.000000 ,1.000000
2481.700000 ,3621554.285500 ,929.000000 ,1.000000
2483.100000 ,3621554.285500 ,930.000000 ,1.000000
2484.500000 ,3621554.689544 ,931.000000 ,1.000000
2484.500000 ,3621553.442397 ,932.000000 ,1.000000
2485.900000 ,3621555.092882 ,933.000000 ,1.000000
2487.300000 ,3621554.035083 ,934.000000 ,1.000000
2488.700000 ,3621405.942437 ,935.000000 ,0.000000
2491.500000 ,3621553.136885 ,936.000000 ,1.000000
2495.700000 ,3621406.782437 ,937.000000 ,0.000000
2499.900000 ,3621553.136885 ,938.000000 ,1.000000
2505.500000 ,3621551.218471 ,939.000000 ,1.000000
2509.700000 ,3621553.693280 ,940.000000 ,1.000000
2509.700000 ,3621553.027235 ,941.000000 ,1.000000
2511.100000 ,3621553.027235 ,942.000000 ,1.000000
2512.500000 ,3621553.353698 ,943.000000 ,1.000000
2513.900000 ,3621553.136885 ,944.000000 ,1.000000
2513.900000 ,3621551.900591 ,945.000000 ,1.000000
2515.300000 ,3621553.566458 ,946.000000 ,1.000000
2515.300000 ,3621551.900591 ,947.000000 ,1.000000
2520.900000 ,3621552.158625 ,948.000000 ,1.000000
2523.700000 ,3621551.900591 ,949.000000 ,1.000000
2523.700000 ,3621685.422437 ,950.000000 ,0.000000
2526.500000 ,3621449.562437 ,951.000000 ,0.000000
2530.700000 ,3621549.516667 ,952.000000 ,1.000000
2533.500000 ,3621553.566458 ,953.000000 ,1.000000
2537.700000 ,3621555.539450 ,954.000000 ,1.000000
2539.100000 ,3621550.269875 ,955.000000 ,1.000000
2539.100000 ,3621546.434000 ,956.000000 ,1.000000
2541.900000 ,3621607.602437 ,957.000000 ,0.000000
2543.300000 ,3621551.200500 ,958.000000 ,1.000000
2547.500000 ,3621552.158625 ,959.000000 ,1.000000
2547.500000 ,3621550.269875 ,960.000000 ,1.000000
2547.500000 ,3621549.516667 ,961.000000 ,1.000000
2551.700000 ,3621555.539450 ,962.000000 ,1.000000
2554.500000 ,3621546.434000 ,963.000000 ,1.000000
2555.900000 ,3621545.719313 ,964.000000 ,1.000000
2558.700000 ,3621546.434000 ,965.000000 ,1.000000
2558.700000 ,3621545.004625 ,966.000000 ,1.000000
2561.500000 ,3621550.983250 ,967.000000 ,1.000000
2562.900000 ,3621549.283813 ,968.000000 ,1.000000
2564.300000 ,3621549.568500 ,969.000000 ,1.000000
2572.700000 ,3621546.770833 ,970.000000 ,1.000000
2574.100000 ,3621701.922437 ,971.000000 ,0.000000
2579.700000 ,3621548.230417 ,972.000000 ,1.000000
2581.100000 ,3621550.806750 ,973.000000 ,1.000000
2582.500000 ,3621517.482437 ,974.000000 ,0.000000
2586.700000 ,3621549.568500 ,975.000000 ,1.000000
2586.700000 ,3621548.531250 ,976.000000 ,1.000000
2596.500000 ,3621546.660250 ,977.000000 ,1.000000
2597.900000 ,3621550.806750 ,978.000000 ,1.000000
2602.100000 ,3621549.451750 ,979.000000 ,1.000000
2604.900000 ,3621549.451750 ,980.000000 ,1.000000
2610.500000 ,3621549.451750 ,981.000000 ,1.000000
2618.900000 ,3621664.722437 ,982.000000 ,0.000000
2620.300000 ,3621548.862437 ,983.000000 ,0.000000
2620.300000 ,3621538.538375 ,984.000000 ,1.000000
2623.100000 ,3621546.108667 ,985.000000 ,1.000000
2624.500000 ,3621468.282437 ,986.000000 ,0.000000
2624.500000 ,3621542.753500 ,987.000000 ,1.000000
2630.100000 ,3621473.502437 ,988.000000 ,0.000000
2630.100000 ,3621540.444875 ,989.000000 ,1.000000
2638.500000 ,3621540.444875 ,990.000000 ,1.000000
2641.300000 ,3621546.269125 ,991.000000 ,1.000000
2641.300000 ,3621542.470389 ,992.000000 ,1.000000
2641.300000 ,3621541.973417 ,993.000000 ,1.000000
2644.100000 ,3621542.470389 ,994.000000 ,1.000000
2646.900000 ,3621545.002300 ,995.000000 ,1.000000
2648.300000 ,3621546.022917 ,996.000000 ,1.000000
2648.300000 ,3621544.387083 ,997.000000 ,1.000000
2649.700000 ,3621550.975500 ,998.000000 ,1.000000
2649.700000 ,3621539.718083 ,999.000000 ,1.000000
2652.500000 ,3621544.387083 ,1000.000000 ,1.000000
2652.500000 ,3621539.718083 ,1001.000000 ,1.000000
2655.300000 ,3621544.387083 ,1002.000000 ,1.000000
2658.100000 ,3621541.460625 ,1003.000000 ,1.000000
2660.900000 ,3621544.387083 ,1004.000000 ,1.000000
2663.700000 ,3621529.302437 ,1005.000000 ,0.000000
2673.500000 ,3621478.842437 ,1006.000000 ,0.000000
2679.100000 ,3621542.548375 ,1007.000000 ,1.000000
2681.900000 ,3621541.328250 ,1008.000000 ,1.000000
2686.100000 ,3621543.089179 ,1009.000000 ,1.000000
2686.100000 ,3621541.328250 ,1010.000000 ,1.000000
2688.900000 ,3621543.793625 ,1011.000000 ,1.000000
2690.300000 ,3621542.044812 ,1012.000000 ,1.000000
2690.300000 ,3621541.452688 ,1013.000000 ,1.000000
2693.100000 ,3621543.793625 ,1014.000000 ,1.000000
2698.700000 ,3621541.452688 ,1015.000000 ,1.000000
2700.100000 ,3621541.452688 ,1016.000000 ,1.000000
2701.500000 ,3621543.815750 ,1017.000000 ,1.000000
2701.500000 ,3621542.649562 ,1018.000000 ,1.000000
2702.900000 ,3621543.283969 ,1019.000000 ,1.000000
2702.900000 ,3621541.452688 ,1020.000000 ,1.000000
2708.500000 ,3621544.848222 ,1021.000000 ,1.000000
2711.300000 ,3621544.010000 ,1022.000000 ,1.000000
2715.500000 ,3621544.010000 ,1023.000000 ,1.000000
2721.100000 ,3621545.730000 ,1024.000000 ,1.000000
2722.500000 ,3621476.502437 ,1025.000000 ,0.000000
2742.100000 ,3621543.464092 ,1026.000000 ,1.000000
2749.100000 ,3621675.462437 ,1027.000000 ,0.000000
2750.500000 ,3621542.093600 ,1028.000000 ,1.000000
2767.300000 ,3621539.979125 ,1029.000000 ,1.000000
2768.700000 ,3621540.165917 ,1030.000000 ,1.000000
2772.900000 ,3621540.165917 ,1031.000000 ,1.000000
2775.700000 ,3621539.979125 ,1032.000000 ,1.000000
2777.100000 ,3621683.802437 ,1033.000000 ,0.000000
2779.900000 ,3621539.957531 ,1034.000000 ,1.000000
2786.900000 ,3621540.671031 ,1035.000000 ,1.000000
2788.300000 ,3621540.090250 ,1036.000000 ,1.000000
2791.100000 ,3621541.315750 ,1037.000000 ,1.000000
2798.100000 ,3621539.957531 ,1038.000000 ,1.000000
2802.300000 ,3621539.957531 ,1039.000000 ,1.000000
2805.100000 ,3621540.252600 ,1040.000000 ,1.000000
2805.100000 ,3621538.978700 ,1041.000000 ,1.000000
2806.500000 ,3621558.882437 ,1042.000000 ,0.000000
2817.700000 ,3621539.776917 ,1043.000000 ,1.000000
2821.900000 ,3621538.978700 ,1044.000000 ,1.000000
2823.300000 ,3621522.762437 ,1045.000000 ,0.000000
2823.300000 ,3621540.252600 ,1046.000000 ,1.000000
2824.700000 ,3621540.944844 ,1047.000000 ,1.000000
2824.700000 ,3621539.840500 ,1048.000000 ,1.000000
2828.900000 ,3621542.231250 ,1049.000000 ,1.000000
2831.700000 ,3621538.226250 ,1050.000000 ,1.000000
2835.900000 ,3621542.515000 ,1051.000000 ,1.000000
2842.900000 ,3621538.226250 ,1052.000000 ,1.000000
2856.900000 ,3621536.034125 ,1053.000000 ,1.000000
2859.700000 ,3621536.994250 ,1054.000000 ,1.000000
2863.900000 ,3621530.686000 ,1055.000000 ,1.000000
2868.100000 ,3621530.686000 ,1056.000000 ,1.000000
2869.500000 ,3621537.261167 ,1057.000000 ,1.000000
2870.900000 ,3621423.042437 ,1058.000000 ,0.000000
2870.900000 ,3621537.466417 ,1059.000000 ,1.000000
2872.300000 ,3621537.128000 ,1060.000000 ,1.000000
2873.700000 ,3621536.717750 ,1061.000000 ,1.000000
2875.100000 ,3621536.940850 ,1062.000000 ,1.000000
2879.300000 ,3621537.210667 ,1063.000000 ,1.000000
2880.700000 ,3621538.188250 ,1064.000000 ,1.000000
2882.100000 ,3621537.466417 ,1065.000000 ,1.000000
2883.500000 ,3621538.188250 ,1066.000000 ,1.000000
2883.500000 ,3621537.210667 ,1067.000000 ,1.000000
2884.900000 ,3621677.142437 ,1068.000000 ,0.000000
2887.700000 ,3621534.516000 ,1069.000000 ,1.000000
2889.100000 ,3621538.188250 ,1070.000000 ,1.000000
2889.100000 ,3621535.691583 ,1071.000000 ,1.000000
2890.500000 ,3621535.691583 ,1072.000000 ,1.000000
2891.900000 ,3621537.978167 ,1073.000000 ,1.000000
2896.100000 ,3621538.188250 ,1074.000000 ,1.000000
2897.500000 ,3621453.822437 ,1075.000000 ,0.000000
2897.500000 ,3621504.162437 ,1076.000000 ,0.000000
2897.500000 ,3621538.188250 ,1077.000000 ,1.000000
2901.700000 ,3621537.128000 ,1078.000000 ,1.000000
2903.100000 ,3621538.188250 ,1079.000000 ,1.000000
2904.500000 ,3621533.919917 ,1080.000000 ,1.000000
2907.300000 ,3621534.591500 ,1081.000000 ,1.000000
2910.100000 ,3621534.591500 ,1082.000000 ,1.000000
2911.500000 ,3621534.591500 ,1083.000000 ,1.000000
2911.500000 ,3621526.602500 ,1084.000000 ,1.000000
2912.900000 ,3621534.591500 ,1085.000000 ,1.000000
2912.900000 ,3621532.733750 ,1086.000000 ,1.000000
2914.300000 ,3621534.591500 ,1087.000000 ,1.000000
2915.700000 ,3621537.890500 ,1088.000000 ,1.000000
2915.700000 ,3621536.299250 ,1089.000000 ,1.000000
2915.700000 ,3621531.635625 ,1090.000000 ,1.000000
2917.100000 ,3621537.890500 ,1091.000000 ,1.000000
2917.100000 ,3621525.602750 ,1092.000000 ,1.000000
2924.100000 ,3621647.982437 ,1093.000000 ,0.000000
2928.300000 ,3621537.733250 ,1094.000000 ,1.000000
2929.700000 ,3621533.977083 ,1095.000000 ,1.000000
2935.300000 ,3621535.855417 ,1096.000000 ,1.000000
2939.500000 ,3621530.422000 ,1097.000000 ,1.000000
2942.300000 ,3621538.012500 ,1098.000000 ,1.000000
2943.700000 ,3621506.742437 ,1099.000000 ,0.000000
2943.700000 ,3621537.733250 ,1100.000000 ,1.000000
2943.700000 ,3621535.855417 ,1101.000000 ,1.000000
2950.700000 ,3621536.420917 ,1102.000000 ,1.000000
2954.900000 ,3621530.659000 ,1103.000000 ,1.000000
2957.700000 ,3621534.447125 ,1104.000000 ,1.000000
2959.100000 ,3621536.420917 ,1105.000000 ,1.000000
2964.700000 ,3621536.420917 ,1106.000000 ,1.000000
2964.700000 ,3621534.447125 ,1107.000000 ,1.000000
2966.100000 ,3621536.165250 ,1108.000000 ,1.000000
2966.100000 ,3621530.659000 ,1109.000000 ,1.000000
2973.100000 ,3621531.223625 ,1110.000000 ,1.000000
2974.500000 ,3621665.142437 ,1111.000000 ,0.000000
2974.500000 ,3621533.593250 ,1112.000000 ,1.000000
2977.300000 ,3621533.593250 ,1113.000000 ,1.000000
2978.700000 ,3621660.762437 ,1114.000000 ,0.000000
2978.700000 ,3621531.501500 ,1115.000000 ,1.000000
2982.900000 ,3621681.102437 ,1116.000000 ,0.000000
2985.700000 ,3621534.888000 ,1117.000000 ,1.000000
2985.700000 ,3621531.223625 ,1118.000000 ,1.000000
2989.900000 ,3621537.193000 ,1119.000000 ,1.000000
2995.500000 ,3621531.501500 ,1120.000000 ,1.000000
2996.900000 ,3621536.358700 ,1121.000000 ,1.000000
3001.100000 ,3621535.564250 ,1122.000000 ,1.000000
3006.700000 ,3621535.615375 ,1123.000000 ,1.000000
3009.500000 ,3621703.902437 ,1124.000000 ,0.000000
3010.900000 ,3621534.892250 ,1125.000000 ,1.000000
3013.700000 ,3621535.615375 ,1126.000000 ,1.000000
3020.700000 ,3621579.282437 ,1127.000000 ,0.000000
3022.100000 ,3621525.162437 ,1128.000000 ,0.000000
3026.300000 ,3621535.924625 ,1129.000000 ,1.000000
3026.300000 ,3621532.010450 ,1130.000000 ,1.000000
3029.100000 ,3621533.830438 ,1131.000000 ,1.000000
3030.500000 ,3621534.580700 ,1132.000000 ,1.000000
3036.100000 ,3621533.830438 ,1133.000000 ,1.000000
3038.900000 ,3621528.681375 ,1134.000000 ,1.000000
3044.500000 ,3621532.672750 ,1135.000000 ,1.000000
3047.300000 ,3621534.675571 ,1136.000000 ,1.000000
3047.300000 ,3621532.833975 ,1137.000000 ,1.000000
3050.100000 ,3621535.060125 ,1138.000000 ,1.000000
3051.500000 ,3621535.314250 ,1139.000000 ,1.000000
3051.500000 ,3621528.681375 ,1140.000000 ,1.000000
3055.700000 ,3621533.738250 ,1141.000000 ,1.000000
3057.100000 ,3621534.675571 ,1142.000000 ,1.000000
3057.100000 ,3621532.672750 ,1143.000000 ,1.000000
3058.500000 ,3621628.902437 ,1144.000000 ,0.000000
3062.700000 ,3621534.256583 ,1145.000000 ,1.000000
3064.100000 ,3621532.833975 ,1146.000000 ,1.000000
3065.500000 ,3621533.968042 ,1147.000000 ,1.000000
3065.500000 ,3621532.133250 ,1148.000000 ,1.000000
3066.900000 ,3621534.675571 ,1149.000000 ,1.000000
3071.100000 ,3621534.256583 ,1150.000000 ,1.000000
3071.100000 ,3621533.310281 ,1151.000000 ,1.000000
3076.700000 ,3621533.506550 ,1152.000000 ,1.000000
3078.100000 ,3621534.256583 ,1153.000000 ,1.000000
3080.900000 ,3621534.256583 ,1154.000000 ,1.000000
3083.700000 ,3621533.506550 ,1155.000000 ,1.000000
3089.300000 ,3621534.177833 ,1156.000000 ,1.000000
3089.300000 ,3621533.266205 ,1157.000000 ,1.000000
3090.700000 ,3621533.968042 ,1158.000000 ,1.000000
3093.500000 ,3621532.017417 ,1159.000000 ,1.000000
3097.700000 ,3621520.861375 ,1160.000000 ,1.000000
3099.100000 ,3621526.511563 ,1161.000000 ,1.000000
3100.500000 ,3621532.017417 ,1162.000000 ,1.000000
3100.500000 ,3621526.943250 ,1163.000000 ,1.000000
3101.900000 ,3621533.506550 ,1164.000000 ,1.000000
3103.300000 ,3621530.977250 ,1165.000000 ,1.000000
3108.900000 ,3621529.756187 ,1166.000000 ,1.000000
3110.300000 ,3621532.017417 ,1167.000000 ,1.000000
3115.900000 ,3621532.897750 ,1168.000000 ,1.000000
3118.700000 ,3621530.222375 ,1169.000000 ,1.000000
3125.700000 ,3621579.762437 ,1170.000000 ,0.000000
3125.700000 ,3621531.945083 ,1171.000000 ,1.000000
3127.100000 ,3621529.756187 ,1172.000000 ,1.000000
3128.500000 ,3621531.945083 ,1173.000000 ,1.000000
3129.900000 ,3621528.734250 ,1174.000000 ,1.000000
3131.300000 ,3621529.756187 ,1175.000000 ,1.000000
3134.100000 ,3621587.322437 ,1176.000000 ,0.000000
3139.700000 ,3621531.506688 ,1177.000000 ,1.000000
3143.900000 ,3621530.320048 ,1178.000000 ,1.000000
3146.700000 ,3621483.582437 ,1179.000000 ,0.000000
3146.700000 ,3621525.483833 ,1180.000000 ,1.000000
3152.300000 ,3621523.549583 ,1181.000000 ,1.000000
3155.100000 ,3621528.539917 ,1182.000000 ,1.000000
3156.500000 ,3621616.242437 ,1183.000000 ,0.000000
3156.500000 ,3621524.457250 ,1184.000000 ,1.000000
3163.500000 ,3621529.280375 ,1185.000000 ,1.000000
3166.300000 ,3621524.457250 ,1186.000000 ,1.000000
3167.700000 ,3621529.280375 ,1187.000000 ,1.000000
3169.100000 ,3621531.454500 ,1188.000000 ,1.000000
3169.100000 ,3621528.539917 ,1189.000000 ,1.000000
3173.300000 ,3621529.906250 ,1190.000000 ,1.000000
3177.500000 ,3621529.280375 ,1191.000000 ,1.000000
3185.900000 ,3621529.344150 ,1192.000000 ,1.000000
3188.700000 ,3621529.906250 ,1193.000000 ,1.000000
3190.100000 ,3621528.975375 ,1194.000000 ,1.000000
3191.500000 ,3621526.515875 ,1195.000000 ,1.000000
3194.300000 ,3621528.382594 ,1196.000000 ,1.000000
3197.100000 ,3621529.344150 ,1197.000000 ,1.000000
3199.900000 ,3621530.685750 ,1198.000000 ,1.000000
3199.900000 ,3621528.382594 ,1199.000000 ,1.000000
3205.500000 ,3621529.087750 ,1200.000000 ,1.000000
3206.900000 ,3621528.696750 ,1201.000000 ,1.000000
3208.300000 ,3621529.344150 ,1202.000000 ,1.000000
3209.700000 ,3621582.282437 ,1203.000000 ,0.000000
3219.500000 ,3621478.962437 ,1204.000000 ,0.000000
3222.300000 ,3621528.335500 ,1205.000000 ,1.000000
3229.300000 ,3621527.166719 ,1206.000000 ,1.000000
3233.500000 ,3621645.582437 ,1207.000000 ,0.000000
3234.900000 ,3621529.807500 ,1208.000000 ,1.000000
3234.900000 ,3621526.273500 ,1209.000000 ,1.000000
3236.300000 ,3621527.166719 ,1210.000000 ,1.000000
3237.700000 ,3621529.101375 ,1211.000000 ,1.000000
3243.300000 ,3621529.101375 ,1212.000000 ,1.000000
3248.900000 ,3621529.101375 ,1213.000000 ,1.000000
3250.300000 ,3621528.351562 ,1214.000000 ,1.000000
3251.700000 ,3621529.101375 ,1215.000000 ,1.000000
3251.700000 ,3621528.351562 ,1216.000000 ,1.000000
3255.900000 ,3621524.285250 ,1217.000000 ,1.000000
3257.300000 ,3621525.387500 ,1218.000000 ,1.000000
3260.100000 ,3621527.125625 ,1219.000000 ,1.000000
3262.900000 ,3621584.682437 ,1220.000000 ,0.000000
3262.900000 ,3621527.258000 ,1221.000000 ,1.000000
3265.700000 ,3621525.387500 ,1222.000000 ,1.000000
3271.300000 ,3621527.125625 ,1223.000000 ,1.000000
3272.700000 ,3621527.258000 ,1224.000000 ,1.000000
3274.100000 ,3621527.258000 ,1225.000000 ,1.000000
3279.700000 ,3621526.993250 ,1226.000000 ,1.000000
3288.100000 ,3621525.473000 ,1227.000000 ,1.000000
3295.100000 ,3621521.800500 ,1228.000000 ,1.000000
3296.500000 ,3621526.959000 ,1229.000000 ,1.000000
3297.900000 ,3621526.959000 ,1230.000000 ,1.000000
3297.900000 ,3621521.038000 ,1231.000000 ,1.000000
3300.700000 ,3621524.153375 ,1232.000000 ,1.000000
3302.100000 ,3621525.612300 ,1233.000000 ,1.000000
3311.900000 ,3621524.524167 ,1234.000000 ,1.000000
3316.100000 ,3621523.943139 ,1235.000000 ,1.000000
3318.900000 ,3621522.939500 ,1236.000000 ,1.000000
3321.700000 ,3621526.494625 ,1237.000000 ,1.000000
3321.700000 ,3621525.686222 ,1238.000000 ,1.000000
3323.100000 ,3621622.122437 ,1239.000000 ,0.000000
3327.300000 ,3621526.267250 ,1240.000000 ,1.000000
3328.700000 ,3621526.722000 ,1241.000000 ,1.000000
3330.100000 ,3621526.429313 ,1242.000000 ,1.000000
3331.500000 ,3621521.082437 ,1243.000000 ,0.000000
3331.500000 ,3621526.722000 ,1244.000000 ,1.000000
3332.900000 ,3621526.230464 ,1245.000000 ,1.000000
3334.300000 ,3621523.943139 ,1246.000000 ,1.000000
3341.300000 ,3621526.494625 ,1247.000000 ,1.000000
3342.700000 ,3621520.618250 ,1248.000000 ,1.000000
3344.100000 ,3621526.429313 ,1249.000000 ,1.000000
3348.300000 ,3621526.722000 ,1250.000000 ,1.000000
3349.700000 ,3621526.429313 ,1251.000000 ,1.000000
3355.300000 ,3621524.237875 ,1252.000000 ,1.000000
3356.700000 ,3621526.230464 ,1253.000000 ,1.000000
3359.500000 ,3621526.230464 ,1254.000000 ,1.000000
3359.500000 ,3621525.755500 ,1255.000000 ,1.000000
3359.500000 ,3621524.237875 ,1256.000000 ,1.000000
3360.900000 ,3621526.189833 ,1257.000000 ,1.000000
3363.700000 ,3621526.189833 ,1258.000000 ,1.000000
3366.500000 ,3621526.176417 ,1259.000000 ,1.000000
3370.700000 ,3621525.548750 ,1260.000000 ,1.000000
3370.700000 ,3621524.237875 ,1261.000000 ,1.000000
3377.700000 ,3621526.176417 ,1262.000000 ,1.000000
3380.500000 ,3621525.264917 ,1263.000000 ,1.000000
3386.100000 ,3621525.264917 ,1264.000000 ,1.000000
3387.500000 ,3621525.403167 ,1265.000000 ,1.000000
3400.100000 ,3621672.102437 ,1266.000000 ,0.000000
3400.100000 ,3621525.264917 ,1267.000000 ,1.000000
3405.700000 ,3621525.264917 ,1268.000000 ,1.000000
3405.700000 ,3621523.995250 ,1269.000000 ,1.000000
3405.700000 ,3621523.235333 ,1270.000000 ,1.000000
3407.100000 ,3621525.128821 ,1271.000000 ,1.000000
3407.100000 ,3621523.235333 ,1272.000000 ,1.000000
3411.300000 ,3621434.022437 ,1273.000000 ,0.000000
3411.300000 ,3621525.033750 ,1274.000000 ,1.000000
3412.700000 ,3621454.842437 ,1275.000000 ,0.000000
3415.500000 ,3621612.762437 ,1276.000000 ,0.000000
3416.900000 ,3621524.957750 ,1277.000000 ,1.000000
3422.500000 ,3621524.957750 ,1278.000000 ,1.000000
3425.300000 ,3621523.995250 ,1279.000000 ,1.000000
3425.300000 ,3621522.717812 ,1280.000000 ,1.000000
3429.500000 ,3621524.957750 ,1281.000000 ,1.000000
3433.700000 ,3621523.503200 ,1282.000000 ,1.000000
3440.700000 ,3621524.790917 ,1283.000000 ,1.000000
3440.700000 ,3621520.349750 ,1284.000000 ,1.000000
3442.100000 ,3621675.282437 ,1285.000000 ,0.000000
3444.900000 ,3621522.434300 ,1286.000000 ,1.000000
3446.300000 ,3621521.938833 ,1287.000000 ,1.000000
3449.100000 ,3621521.938833 ,1288.000000 ,1.000000
3451.900000 ,3621523.814312 ,1289.000000 ,1.000000
3453.300000 ,3621520.349750 ,1290.000000 ,1.000000
3458.900000 ,3621522.800750 ,1291.000000 ,1.000000
3461.700000 ,3621523.274000 ,1292.000000 ,1.000000
3463.100000 ,3621523.101179 ,1293.000000 ,1.000000
3465.900000 ,3621523.419167 ,1294.000000 ,1.000000
3471.500000 ,3621522.800750 ,1295.000000 ,1.000000
3472.900000 ,3621521.512000 ,1296.000000 ,1.000000
3479.900000 ,3621521.137417 ,1297.000000 ,1.000000
3485.500000 ,3621521.616250 ,1298.000000 ,1.000000
3491.100000 ,3621521.075750 ,1299.000000 ,1.000000
3495.300000 ,3621520.853000 ,1300.000000 ,1.000000
3496.700000 ,3621519.564500 ,1301.000000 ,1.000000
3498.100000 ,3621521.670250 ,1302.000000 ,1.000000
3499.500000 ,3621521.075750 ,1303.000000 ,1.000000
3500.900000 ,3621521.075750 ,1304.000000 ,1.000000
3502.300000 ,3621521.670250 ,1305.000000 ,1.000000
3502.300000 ,3621519.564500 ,1306.000000 ,1.000000
3507.900000 ,3621608.502437 ,1307.000000 ,0.000000
3510.700000 ,3621521.075750 ,1308.000000 ,1.000000
3513.500000 ,3621521.075750 ,1309.000000 ,1.000000
3514.900000 ,3621521.075750 ,1310.000000 ,1.000000
3523.300000 ,3621472.962437 ,1311.000000 ,0.000000
3523.300000 ,3621520.853000 ,1312.000000 ,1.000000
3530.300000 ,3621519.540417 ,1313.000000 ,1.000000
3531.700000 ,3621519.422536 ,1314.000000 ,1.000000
3537.300000 ,3621520.104000 ,1315.000000 ,1.000000
3545.700000 ,3621469.482437 ,1316.000000 ,0.000000
3547.100000 ,3621518.865906 ,1317.000000 ,1.000000
3552.700000 ,3621498.762437 ,1318.000000 ,0.000000
3554.100000 ,3621519.888659 ,1319.000000 ,1.000000
3555.500000 ,3621518.678750 ,1320.000000 ,1.000000
3562.500000 ,3621520.104000 ,1321.000000 ,1.000000
3563.900000 ,3621499.002437 ,1322.000000 ,0.000000
3563.900000 ,3621520.104000 ,1323.000000 ,1.000000
3566.700000 ,3621520.104000 ,1324.000000 ,1.000000
3569.500000 ,3621520.104000 ,1325.000000 ,1.000000
3572.300000 ,3621519.933312 ,1326.000000 ,1.000000
3575.100000 ,3621518.185375 ,1327.000000 ,1.000000
3577.900000 ,3621519.868750 ,1328.000000 ,1.000000
3587.700000 ,3621650.262437 ,1329.000000 ,0.000000
3587.700000 ,3621684.642437 ,1330.000000 ,0.000000
3593.300000 ,3621519.434625 ,1331.000000 ,1.000000
3594.700000 ,3621519.002167 ,1332.000000 ,1.000000
3594.700000 ,3621518.083650 ,1333.000000 ,1.000000
3596.100000 ,3621519.829875 ,1334.000000 ,1.000000
3597.500000 ,3621519.686250 ,1335.000000 ,1.000000
3610.100000 ,3621519.256500 ,1336.000000 ,1.000000
3646.500000 ,3621518.696000 ,1337.000000 ,1.000000
3657.700000 ,3621519.060500 ,1338.000000 ,1.000000
3659.100000 ,3621518.428250 ,1339.000000 ,1.000000
3661.900000 ,3621518.696000 ,1340.000000 ,1.000000
3668.900000 ,3621414.402437 ,1341.000000 ,0.000000
3675.900000 ,3621421.242437 ,1342.000000 ,0.000000
3680.100000 ,3621519.429625 ,1343.000000 ,1.000000
3687.100000 ,3621518.343625 ,1344.000000 ,1.000000
3692.700000 ,3621518.007250 ,1345.000000 ,1.000000
3701.100000 ,3621519.392500 ,1346.000000 ,1.000000
3709.500000 ,3621532.422437 ,1347.000000 ,0.000000
3715.100000 ,3621519.026500 ,1348.000000 ,1.000000
3716.500000 ,3621518.064450 ,1349.000000 ,1.000000
3719.300000 ,3621519.026500 ,1350.000000 ,1.000000
3722.100000 ,3621519.026500 ,1351.000000 ,1.000000
3723.500000 ,3621518.089750 ,1352.000000 ,1.000000
3724.900000 ,3621519.026500 ,1353.000000 ,1.000000
3731.900000 ,3621518.089750 ,1354.000000 ,1.000000
3733.300000 ,3621440.202437 ,1355.000000 ,0.000000
3734.700000 ,3621518.089750 ,1356.000000 ,1.000000
3747.300000 ,3621517.800464 ,1357.000000 ,1.000000
3757.100000 ,3621518.080577 ,1358.000000 ,1.000000
3810.300000 ,3621575.562437 ,1359.000000 ,0.000000
3845.300000 ,3621509.262437 ,1360.000000 ,0.000000
3846.700000 ,3621547.842437 ,1361.000000 ,0.000000
3848.100000 ,3621512.682437 ,1362.000000 ,0.000000
3869.100000 ,3621498.402437 ,1363.000000 ,0.000000
3870.500000 ,3621644.142437 ,1364.000000 ,0.000000
3871.900000 ,3621489.342437 ,1365.000000 ,0.000000
3885.900000 ,3621506.682437 ,1366.000000 ,0.000000
3908.300000 ,3621486.942437 ,1367.000000 ,0.000000
3916.700000 ,3621701.922437 ,1368.000000 ,0.000000
3919.500000 ,3621597.042437 ,1369.000000 ,0.000000
3920.900000 ,3621592.242437 ,1370.000000 ,0.000000
3948.900000 ,3621550.542437 ,1371.000000 ,0.000000
3948.900000 ,3621661.902437 ,1372.000000 ,0.000000
3950.300000 ,3621568.542437 ,1373.000000 ,0.000000
3968.500000 ,3621544.062437 ,1374.000000 ,0.000000
3990.900000 ,3621481.062437 ,1375.000000 ,0.000000
4042.700000 ,3621596.382437 ,1376.000000 ,0.000000
4086.100000 ,3621617.382437 ,1377.000000 ,0.000000
4094.500000 ,3621693.882437 ,1378.000000 ,0.000000
4097.300000 ,3621572.142437 ,1379.000000 ,0.000000
4130.900000 ,3621507.642437 ,1380.000000 ,0.000000
4136.500000 ,3621479.982437 ,1381.000000 ,0.000000
4137.900000 ,3621522.462437 ,1382.000000 ,0.000000
4153.300000 ,3621406.302437 ,1383.000000 ,0.000000
4161.700000 ,3621686.742437 ,1384.000000 ,0.000000
4163.100000 ,3621565.002437 ,1385.000000 ,0.000000
4172.900000 ,3621525.582437 ,1386.000000 ,0.000000
4261.100000 ,3621556.722437 ,1387.000000 ,0.000000
4263.900000 ,3621458.982437 ,1388.000000 ,0.000000
4268.100000 ,3621582.582437 ,1389.000000 ,0.000000
4270.900000 ,3621676.422437 ,1390.000000 ,0.000000
4342.300000 ,3621439.782437 ,1391.000000 ,0.000000
4395.500000 ,3621461.802437 ,1392.000000 ,0.000000
4423.500000 ,3621428.382437 ,1393.000000 ,0.000000
4466.900000 ,3621536.382437 ,1394.000000 ,0.000000
4479.500000 ,3621588.642437 ,1395.000000 ,0.000000
4506.100000 ,3621679.182437 ,1396.000000 ,0.000000
4520.100000 ,3621690.882437 ,1397.000000 ,0.000000
4548.100000 ,3621566.982437 ,1398.000000 ,0.000000
4581.700000 ,3621669.102437 ,1399.000000 ,0.000000
4620.900000 ,3621532.122437 ,1400.000000 ,0.000000
4664.300000 ,3621665.622437 ,1401.000000 ,0.000000
4700.700000 ,3621647.562437 ,1402.000000 ,0.000000
4707.700000 ,3621424.842437 ,1403.000000 ,0.000000
4714.700000 ,3621476.082437 ,1404.000000 ,0.000000
4732.900000 ,3621614.502437 ,1405.000000 ,0.000000
4760.900000 ,3621538.542437 ,1406.000000 ,0.000000
4767.900000 ,3621445.662437 ,1407.000000 ,0.000000
4774.900000 ,3621618.822437 ,1408.000000 ,0.000000
4781.900000 ,3621558.042437 ,1409.000000 ,0.000000
4784.700000 ,3621512.262437 ,1410.000000 ,0.000000
4794.500000 ,3621590.442437 ,1411.000000 ,0.000000
4811.300000 ,3621455.322437 ,1412.000000 ,0.000000
4840.700000 ,3621554.862437 ,1413.000000 ,0.000000
4863.100000 ,3621635.742437 ,1414.000000 ,0.000000
4871.500000 ,3621649.182437 ,1415.000000 ,0.000000
4872.900000 ,3621574.122437 ,1416.000000 ,0.000000
4898.100000 ,3621583.182437 ,1417.000000 ,0.000000
4947.100000 ,3621443.922437 ,1418.000000 ,0.000000
4963.900000 ,3621600.042437 ,1419.000000 ,0.000000
4984.900000 ,3621487.902437 ,1420.000000 ,0.000000
4990.500000 ,3621491.502437 ,1421.000000 ,0.000000
