10.700000 ,3621444.189875 ,1.000000 ,1.000000
13.500000 ,3621443.229625 ,2.000000 ,1.000000
16.300000 ,3621443.956000 ,3.000000 ,1.000000
16.300000 ,3621443.229625 ,4.000000 ,1.000000
19.100000 ,3621443.081250 ,5.000000 ,1.000000
20.500000 ,3621470.015196 ,6.000000 ,0.000000
26.100000 ,3621442.729250 ,7.000000 ,1.000000
28.900000 ,3621442.905250 ,8.000000 ,1.000000
30.300000 ,3621290.435196 ,9.000000 ,0.000000
31.700000 ,3621442.905250 ,10.000000 ,1.000000
33.100000 ,3621443.081250 ,11.000000 ,1.000000
35.900000 ,3621442.204250 ,12.000000 ,1.000000
35.900000 ,3621424.055196 ,13.000000 ,0.000000
48.500000 ,3621442.204250 ,14.000000 ,1.000000
49.900000 ,3621531.695196 ,15.000000 ,0.000000
51.300000 ,3621442.204250 ,16.000000 ,1.000000
54.100000 ,3621442.520250 ,17.000000 ,1.000000
59.700000 ,3621441.979500 ,18.000000 ,1.000000
59.700000 ,3621440.867375 ,19.000000 ,1.000000
63.900000 ,3621441.052875 ,20.000000 ,1.000000
65.300000 ,3621441.193333 ,21.000000 ,1.000000
65.300000 ,3621440.601062 ,22.000000 ,1.000000
68.100000 ,3621441.513833 ,23.000000 ,1.000000
69.500000 ,3621321.935196 ,24.000000 ,0.000000
69.500000 ,3621441.193333 ,25.000000 ,1.000000
69.500000 ,3621440.388125 ,26.000000 ,1.000000
70.900000 ,3621441.096500 ,27.000000 ,1.000000
72.300000 ,3621440.867375 ,28.000000 ,1.000000
75.100000 ,3621440.494500 ,29.000000 ,1.000000
76.500000 ,3621441.096500 ,30.000000 ,1.000000
76.500000 ,3621440.299438 ,31.000000 ,1.000000
77.900000 ,3621440.017400 ,32.000000 ,1.000000
79.300000 ,3621440.299438 ,33.000000 ,1.000000
80.700000 ,3621440.494500 ,34.000000 ,1.000000
82.100000 ,3621331.115196 ,35.000000 ,0.000000
82.100000 ,3621473.195196 ,36.000000 ,0.000000
87.700000 ,3621439.334176 ,37.000000 ,1.000000
90.500000 ,3621439.741675 ,38.000000 ,1.000000
91.900000 ,3621439.918729 ,39.000000 ,1.000000
97.500000 ,3621439.334176 ,40.000000 ,1.000000
98.900000 ,3621440.017400 ,41.000000 ,1.000000
101.700000 ,3621439.992200 ,42.000000 ,1.000000
103.100000 ,3621439.474687 ,43.000000 ,1.000000
105.900000 ,3621439.741675 ,44.000000 ,1.000000
110.100000 ,3621438.244719 ,45.000000 ,1.000000
117.100000 ,3621437.904250 ,46.000000 ,1.000000
118.500000 ,3621283.535196 ,47.000000 ,0.000000
118.500000 ,3621438.406633 ,48.000000 ,1.000000
119.900000 ,3621438.406633 ,49.000000 ,1.000000
124.100000 ,3621438.406633 ,50.000000 ,1.000000
133.900000 ,3621437.403929 ,51.000000 ,1.000000
133.900000 ,3621436.637375 ,52.000000 ,1.000000
136.700000 ,3621438.072808 ,53.000000 ,1.000000
140.900000 ,3621437.644114 ,54.000000 ,1.000000
143.700000 ,3621342.035196 ,55.000000 ,0.000000
143.700000 ,3621437.706750 ,56.000000 ,1.000000
146.500000 ,3621436.844844 ,57.000000 ,1.000000
147.900000 ,3621342.155196 ,58.000000 ,0.000000
147.900000 ,3621436.844844 ,59.000000 ,1.000000
147.900000 ,3621436.145500 ,60.000000 ,1.000000
152.100000 ,3621273.215196 ,61.000000 ,0.000000
152.100000 ,3621436.844844 ,62.000000 ,1.000000
152.100000 ,3621435.999906 ,63.000000 ,1.000000
153.500000 ,3621435.713500 ,64.000000 ,1.000000
154.900000 ,3621436.989583 ,65.000000 ,1.000000
154.900000 ,3621440.855196 ,66.000000 ,0.000000
159.100000 ,3621436.913150 ,67.000000 ,1.000000
159.100000 ,3621435.539500 ,68.000000 ,1.000000
161.900000 ,3621436.637375 ,69.000000 ,1.000000
163.300000 ,3621436.637375 ,70.000000 ,1.000000
163.300000 ,3621436.145500 ,71.000000 ,1.000000
164.700000 ,3621436.145500 ,72.000000 ,1.000000
166.100000 ,3621435.539500 ,73.000000 ,1.000000
167.500000 ,3621435.854312 ,74.000000 ,1.000000
173.100000 ,3621435.999906 ,75.000000 ,1.000000
174.500000 ,3621435.269000 ,76.000000 ,1.000000
178.700000 ,3621273.695196 ,77.000000 ,0.000000
180.100000 ,3621435.269000 ,78.000000 ,1.000000
181.500000 ,3621435.539500 ,79.000000 ,1.000000
184.300000 ,3621435.539500 ,80.000000 ,1.000000
187.100000 ,3621435.713500 ,81.000000 ,1.000000
194.100000 ,3621512.615196 ,82.000000 ,0.000000
198.300000 ,3621434.458000 ,83.000000 ,1.000000
201.100000 ,3621433.956500 ,84.000000 ,1.000000
209.500000 ,3621434.056500 ,85.000000 ,1.000000
210.900000 ,3621433.534292 ,86.000000 ,1.000000
212.300000 ,3621304.535196 ,87.000000 ,0.000000
219.300000 ,3621432.892750 ,88.000000 ,1.000000
220.700000 ,3621433.883500 ,89.000000 ,1.000000
220.700000 ,3621432.892750 ,90.000000 ,1.000000
224.900000 ,3621433.409750 ,91.000000 ,1.000000
226.300000 ,3621433.118000 ,92.000000 ,1.000000
226.300000 ,3621371.915196 ,93.000000 ,0.000000
227.700000 ,3621432.711250 ,94.000000 ,1.000000
229.100000 ,3621366.755196 ,95.000000 ,0.000000
231.900000 ,3621432.892750 ,96.000000 ,1.000000
233.300000 ,3621432.711250 ,97.000000 ,1.000000
237.500000 ,3621432.493000 ,98.000000 ,1.000000
237.500000 ,3621431.904250 ,99.000000 ,1.000000
240.300000 ,3621301.655196 ,100.000000 ,0.000000
243.100000 ,3621431.746875 ,101.000000 ,1.000000
244.500000 ,3621432.049500 ,102.000000 ,1.000000
247.300000 ,3621364.175196 ,103.000000 ,0.000000
255.700000 ,3621431.746875 ,104.000000 ,1.000000
255.700000 ,3621430.819625 ,105.000000 ,1.000000
261.300000 ,3621460.115196 ,106.000000 ,0.000000
265.500000 ,3621430.981000 ,107.000000 ,1.000000
271.100000 ,3621430.726250 ,108.000000 ,1.000000
272.500000 ,3621431.292000 ,109.000000 ,1.000000
273.900000 ,3621430.328917 ,110.000000 ,1.000000
276.700000 ,3621430.819625 ,111.000000 ,1.000000
282.300000 ,3621430.447750 ,112.000000 ,1.000000
285.100000 ,3621429.954500 ,113.000000 ,1.000000
286.500000 ,3621430.328917 ,114.000000 ,1.000000
287.900000 ,3621429.084500 ,115.000000 ,1.000000
289.300000 ,3621429.507750 ,116.000000 ,1.000000
293.500000 ,3621429.084500 ,117.000000 ,1.000000
294.900000 ,3621429.954500 ,118.000000 ,1.000000
294.900000 ,3621428.998375 ,119.000000 ,1.000000
296.300000 ,3621373.835196 ,120.000000 ,0.000000
297.700000 ,3621429.084500 ,121.000000 ,1.000000
300.500000 ,3621430.045091 ,122.000000 ,1.000000
300.500000 ,3621429.297125 ,123.000000 ,1.000000
301.900000 ,3621430.045091 ,124.000000 ,1.000000
306.100000 ,3621429.686688 ,125.000000 ,1.000000
306.100000 ,3621429.297125 ,126.000000 ,1.000000
310.300000 ,3621429.411545 ,127.000000 ,1.000000
311.700000 ,3621347.435196 ,128.000000 ,0.000000
313.100000 ,3621431.945727 ,129.000000 ,1.000000
321.500000 ,3621429.411545 ,130.000000 ,1.000000
324.300000 ,3621428.787375 ,131.000000 ,1.000000
325.700000 ,3621432.230437 ,132.000000 ,1.000000
328.500000 ,3621436.330875 ,133.000000 ,1.000000
332.700000 ,3621433.212818 ,134.000000 ,1.000000
336.900000 ,3621436.700972 ,135.000000 ,1.000000
336.900000 ,3621432.230437 ,136.000000 ,1.000000
341.100000 ,3621436.901500 ,137.000000 ,1.000000
342.500000 ,3621435.999750 ,138.000000 ,1.000000
345.300000 ,3621436.901500 ,139.000000 ,1.000000
350.900000 ,3621426.474750 ,140.000000 ,1.000000
352.300000 ,3621436.667375 ,141.000000 ,1.000000
355.100000 ,3621436.901500 ,142.000000 ,1.000000
362.100000 ,3621435.770417 ,143.000000 ,1.000000
362.100000 ,3621432.752140 ,144.000000 ,1.000000
363.500000 ,3621433.218450 ,145.000000 ,1.000000
370.500000 ,3621430.886900 ,146.000000 ,1.000000
373.300000 ,3621433.684760 ,147.000000 ,1.000000
378.900000 ,3621434.151070 ,148.000000 ,1.000000
380.300000 ,3621432.752140 ,149.000000 ,1.000000
381.700000 ,3621435.083690 ,150.000000 ,1.000000
381.700000 ,3621430.420590 ,151.000000 ,1.000000
381.700000 ,3621406.535196 ,152.000000 ,0.000000
383.100000 ,3621432.752140 ,153.000000 ,1.000000
390.100000 ,3621429.487970 ,154.000000 ,1.000000
392.900000 ,3621318.335196 ,155.000000 ,0.000000
394.300000 ,3621430.886900 ,156.000000 ,1.000000
394.300000 ,3621429.487970 ,157.000000 ,1.000000
395.700000 ,3621428.555350 ,158.000000 ,1.000000
395.700000 ,3621426.690110 ,159.000000 ,1.000000
398.500000 ,3621427.415196 ,160.000000 ,0.000000
401.300000 ,3621429.021660 ,161.000000 ,1.000000
405.500000 ,3621426.223800 ,162.000000 ,1.000000
405.500000 ,3621425.291180 ,163.000000 ,1.000000
409.700000 ,3621256.715196 ,164.000000 ,0.000000
409.700000 ,3621423.564167 ,165.000000 ,1.000000
413.900000 ,3621427.156420 ,166.000000 ,1.000000
416.700000 ,3621423.705500 ,167.000000 ,1.000000
418.100000 ,3621422.676300 ,168.000000 ,1.000000
422.300000 ,3621424.824870 ,169.000000 ,1.000000
425.100000 ,3621422.676300 ,170.000000 ,1.000000
429.300000 ,3621423.705500 ,171.000000 ,1.000000
430.700000 ,3621423.327400 ,172.000000 ,1.000000
432.100000 ,3621423.564167 ,173.000000 ,1.000000
434.900000 ,3621423.564167 ,174.000000 ,1.000000
439.100000 ,3621425.492167 ,175.000000 ,1.000000
444.700000 ,3621506.555196 ,176.000000 ,0.000000
447.500000 ,3621423.564000 ,177.000000 ,1.000000
448.900000 ,3621423.089083 ,178.000000 ,1.000000
453.100000 ,3621423.564000 ,179.000000 ,1.000000
454.500000 ,3621423.564000 ,180.000000 ,1.000000
455.900000 ,3621423.564000 ,181.000000 ,1.000000
457.300000 ,3621423.089083 ,182.000000 ,1.000000
464.300000 ,3621533.135196 ,183.000000 ,0.000000
467.100000 ,3621424.269000 ,184.000000 ,1.000000
468.500000 ,3621480.095196 ,185.000000 ,0.000000
469.900000 ,3621424.534000 ,186.000000 ,1.000000
469.900000 ,3621423.089083 ,187.000000 ,1.000000
472.700000 ,3621423.358500 ,188.000000 ,1.000000
474.100000 ,3621424.269000 ,189.000000 ,1.000000
478.300000 ,3621424.534000 ,190.000000 ,1.000000
479.700000 ,3621423.595750 ,191.000000 ,1.000000
481.100000 ,3621423.434375 ,192.000000 ,1.000000
488.100000 ,3621295.595196 ,193.000000 ,0.000000
492.300000 ,3621425.063500 ,194.000000 ,1.000000
493.700000 ,3621425.063500 ,195.000000 ,1.000000
493.700000 ,3621423.727937 ,196.000000 ,1.000000
502.100000 ,3621425.063500 ,197.000000 ,1.000000
504.900000 ,3621425.503500 ,198.000000 ,1.000000
504.900000 ,3621424.319000 ,199.000000 ,1.000000
504.900000 ,3621422.549750 ,200.000000 ,1.000000
509.100000 ,3621424.319000 ,201.000000 ,1.000000
513.300000 ,3621425.602937 ,202.000000 ,1.000000
513.300000 ,3621423.989438 ,203.000000 ,1.000000
514.700000 ,3621423.989438 ,204.000000 ,1.000000
528.700000 ,3621488.855196 ,205.000000 ,0.000000
534.300000 ,3621425.765917 ,206.000000 ,1.000000
535.700000 ,3621425.187500 ,207.000000 ,1.000000
537.100000 ,3621421.917750 ,208.000000 ,1.000000
538.500000 ,3621425.305900 ,209.000000 ,1.000000
539.900000 ,3621427.711125 ,210.000000 ,1.000000
542.700000 ,3621425.305900 ,211.000000 ,1.000000
546.900000 ,3621427.711125 ,212.000000 ,1.000000
546.900000 ,3621425.305900 ,213.000000 ,1.000000
548.300000 ,3621423.489375 ,214.000000 ,1.000000
551.100000 ,3621419.962321 ,215.000000 ,1.000000
552.500000 ,3621426.120450 ,216.000000 ,1.000000
552.500000 ,3621425.305900 ,217.000000 ,1.000000
552.500000 ,3621487.775196 ,218.000000 ,0.000000
552.500000 ,3621524.495196 ,219.000000 ,0.000000
555.300000 ,3621427.711125 ,220.000000 ,1.000000
562.300000 ,3621420.610833 ,221.000000 ,1.000000
567.900000 ,3621418.201000 ,222.000000 ,1.000000
572.100000 ,3621418.842550 ,223.000000 ,1.000000
576.300000 ,3621419.962321 ,224.000000 ,1.000000
580.500000 ,3621419.771750 ,225.000000 ,1.000000
580.500000 ,3621418.232750 ,226.000000 ,1.000000
583.300000 ,3621418.232750 ,227.000000 ,1.000000
584.700000 ,3621418.857500 ,228.000000 ,1.000000
587.500000 ,3621418.232750 ,229.000000 ,1.000000
587.500000 ,3621414.245688 ,230.000000 ,1.000000
587.500000 ,3621413.021167 ,231.000000 ,1.000000
593.100000 ,3621421.169375 ,232.000000 ,1.000000
594.500000 ,3621418.857500 ,233.000000 ,1.000000
597.300000 ,3621421.169375 ,234.000000 ,1.000000
600.100000 ,3621421.169375 ,235.000000 ,1.000000
608.500000 ,3621414.245688 ,236.000000 ,1.000000
609.900000 ,3621418.857500 ,237.000000 ,1.000000
614.100000 ,3621415.957563 ,238.000000 ,1.000000
614.100000 ,3621414.245688 ,239.000000 ,1.000000
628.100000 ,3621415.957563 ,240.000000 ,1.000000
629.500000 ,3621422.393750 ,241.000000 ,1.000000
629.500000 ,3621419.218083 ,242.000000 ,1.000000
635.100000 ,3621421.700917 ,243.000000 ,1.000000
639.300000 ,3621417.023750 ,244.000000 ,1.000000
639.300000 ,3621415.049750 ,245.000000 ,1.000000
644.900000 ,3621415.503656 ,246.000000 ,1.000000
647.700000 ,3621281.615196 ,247.000000 ,0.000000
647.700000 ,3621415.926583 ,248.000000 ,1.000000
650.500000 ,3621413.732250 ,249.000000 ,1.000000
651.900000 ,3621414.829417 ,250.000000 ,1.000000
660.300000 ,3621408.246417 ,251.000000 ,1.000000
663.100000 ,3621401.663417 ,252.000000 ,1.000000
665.900000 ,3621404.954917 ,253.000000 ,1.000000
665.900000 ,3621402.760583 ,254.000000 ,1.000000
670.100000 ,3621416.868500 ,255.000000 ,1.000000
670.100000 ,3621408.246417 ,256.000000 ,1.000000
677.100000 ,3621404.954917 ,257.000000 ,1.000000
677.100000 ,3621400.767750 ,258.000000 ,1.000000
679.900000 ,3621402.760583 ,259.000000 ,1.000000
681.300000 ,3621401.027250 ,260.000000 ,1.000000
688.300000 ,3621406.363000 ,261.000000 ,1.000000
688.300000 ,3621401.027250 ,262.000000 ,1.000000
689.700000 ,3621401.027250 ,263.000000 ,1.000000
691.100000 ,3621408.297125 ,264.000000 ,1.000000
691.100000 ,3621401.027250 ,265.000000 ,1.000000
692.500000 ,3621401.027250 ,266.000000 ,1.000000
693.900000 ,3621406.000333 ,267.000000 ,1.000000
696.700000 ,3621403.208500 ,268.000000 ,1.000000
703.700000 ,3621415.826500 ,269.000000 ,1.000000
707.900000 ,3621415.826500 ,270.000000 ,1.000000
721.900000 ,3621415.727250 ,271.000000 ,1.000000
723.300000 ,3621415.727250 ,272.000000 ,1.000000
723.300000 ,3621511.475196 ,273.000000 ,0.000000
731.700000 ,3621297.635196 ,274.000000 ,0.000000
731.700000 ,3621409.421250 ,275.000000 ,1.000000
738.700000 ,3621414.638875 ,276.000000 ,1.000000
744.300000 ,3621413.703500 ,277.000000 ,1.000000
744.300000 ,3621409.421250 ,278.000000 ,1.000000
745.700000 ,3621415.415750 ,279.000000 ,1.000000
747.100000 ,3621414.993500 ,280.000000 ,1.000000
749.900000 ,3621415.320667 ,281.000000 ,1.000000
751.300000 ,3621407.416250 ,282.000000 ,1.000000
761.100000 ,3621413.957375 ,283.000000 ,1.000000
762.500000 ,3621400.198500 ,284.000000 ,1.000000
762.500000 ,3621396.256750 ,285.000000 ,1.000000
763.900000 ,3621405.270500 ,286.000000 ,1.000000
770.900000 ,3621368.135196 ,287.000000 ,0.000000
775.100000 ,3621407.892083 ,288.000000 ,1.000000
783.500000 ,3621404.431250 ,289.000000 ,1.000000
786.300000 ,3621407.235667 ,290.000000 ,1.000000
786.300000 ,3621395.720375 ,291.000000 ,1.000000
787.700000 ,3621395.720375 ,292.000000 ,1.000000
789.100000 ,3621412.819250 ,293.000000 ,1.000000
790.500000 ,3621413.044250 ,294.000000 ,1.000000
793.300000 ,3621395.720375 ,295.000000 ,1.000000
798.900000 ,3621412.819250 ,296.000000 ,1.000000
801.700000 ,3621410.027458 ,297.000000 ,1.000000
804.500000 ,3621403.046542 ,298.000000 ,1.000000
808.700000 ,3621402.002518 ,299.000000 ,1.000000
808.700000 ,3621395.720375 ,300.000000 ,1.000000
819.900000 ,3621399.408042 ,301.000000 ,1.000000
821.300000 ,3621400.516667 ,302.000000 ,1.000000
824.100000 ,3621402.002518 ,303.000000 ,1.000000
825.500000 ,3621397.516167 ,304.000000 ,1.000000
828.300000 ,3621398.891625 ,305.000000 ,1.000000
831.100000 ,3621403.167813 ,306.000000 ,1.000000
833.900000 ,3621401.224250 ,307.000000 ,1.000000
839.500000 ,3621403.240125 ,308.000000 ,1.000000
842.300000 ,3621367.295196 ,309.000000 ,0.000000
842.300000 ,3621402.178438 ,310.000000 ,1.000000
843.700000 ,3621397.516167 ,311.000000 ,1.000000
845.100000 ,3621401.224250 ,312.000000 ,1.000000
847.900000 ,3621408.542817 ,313.000000 ,1.000000
849.300000 ,3621408.789750 ,314.000000 ,1.000000
850.700000 ,3621403.240125 ,315.000000 ,1.000000
852.100000 ,3621339.995196 ,316.000000 ,0.000000
854.900000 ,3621408.789750 ,317.000000 ,1.000000
856.300000 ,3621408.789750 ,318.000000 ,1.000000
856.300000 ,3621401.585125 ,319.000000 ,1.000000
856.300000 ,3621396.896250 ,320.000000 ,1.000000
857.700000 ,3621410.920250 ,321.000000 ,1.000000
857.700000 ,3621403.240125 ,322.000000 ,1.000000
861.900000 ,3621403.902650 ,323.000000 ,1.000000
864.700000 ,3621403.902650 ,324.000000 ,1.000000
868.900000 ,3621408.789750 ,325.000000 ,1.000000
870.300000 ,3621408.789750 ,326.000000 ,1.000000
870.300000 ,3621407.861340 ,327.000000 ,1.000000
871.700000 ,3621407.861340 ,328.000000 ,1.000000
871.700000 ,3621406.681438 ,329.000000 ,1.000000
873.100000 ,3621405.454635 ,330.000000 ,1.000000
875.900000 ,3621406.108393 ,331.000000 ,1.000000
875.900000 ,3621405.454635 ,332.000000 ,1.000000
875.900000 ,3621403.449553 ,333.000000 ,1.000000
877.300000 ,3621407.861340 ,334.000000 ,1.000000
877.300000 ,3621404.498207 ,335.000000 ,1.000000
880.100000 ,3621405.454635 ,336.000000 ,1.000000
885.700000 ,3621404.498207 ,337.000000 ,1.000000
891.300000 ,3621403.449553 ,338.000000 ,1.000000
892.700000 ,3621403.449553 ,339.000000 ,1.000000
895.500000 ,3621406.108393 ,340.000000 ,1.000000
895.500000 ,3621405.491875 ,341.000000 ,1.000000
898.300000 ,3621279.155196 ,342.000000 ,0.000000
901.100000 ,3621405.491875 ,343.000000 ,1.000000
901.100000 ,3621401.844643 ,344.000000 ,1.000000
902.500000 ,3621405.761917 ,345.000000 ,1.000000
902.500000 ,3621404.607091 ,346.000000 ,1.000000
906.700000 ,3621405.761917 ,347.000000 ,1.000000
912.300000 ,3621405.201636 ,348.000000 ,1.000000
913.700000 ,3621499.295196 ,349.000000 ,0.000000
917.900000 ,3621399.134500 ,350.000000 ,1.000000
922.100000 ,3621399.134500 ,351.000000 ,1.000000
923.500000 ,3621405.201636 ,352.000000 ,1.000000
923.500000 ,3621399.357250 ,353.000000 ,1.000000
926.300000 ,3621399.357250 ,354.000000 ,1.000000
927.700000 ,3621402.516917 ,355.000000 ,1.000000
929.100000 ,3621399.134500 ,356.000000 ,1.000000
930.500000 ,3621399.480000 ,357.000000 ,1.000000
931.900000 ,3621237.995196 ,358.000000 ,0.000000
936.100000 ,3621265.655196 ,359.000000 ,0.000000
937.500000 ,3621399.357250 ,360.000000 ,1.000000
937.500000 ,3621398.590750 ,361.000000 ,1.000000
938.900000 ,3621399.101750 ,362.000000 ,1.000000
940.300000 ,3621398.590750 ,363.000000 ,1.000000
943.100000 ,3621398.080406 ,364.000000 ,1.000000
948.700000 ,3621396.825312 ,365.000000 ,1.000000
954.300000 ,3621396.825312 ,366.000000 ,1.000000
955.700000 ,3621398.335250 ,367.000000 ,1.000000
957.100000 ,3621398.080406 ,368.000000 ,1.000000
958.500000 ,3621398.303625 ,369.000000 ,1.000000
958.500000 ,3621396.347910 ,370.000000 ,1.000000
965.500000 ,3621396.825312 ,371.000000 ,1.000000
968.300000 ,3621395.989858 ,372.000000 ,1.000000
969.700000 ,3621396.825312 ,373.000000 ,1.000000
975.300000 ,3621396.109208 ,374.000000 ,1.000000
976.700000 ,3621395.751156 ,375.000000 ,1.000000
978.100000 ,3621395.989858 ,376.000000 ,1.000000
978.100000 ,3621395.035052 ,377.000000 ,1.000000
979.500000 ,3621395.751156 ,378.000000 ,1.000000
980.900000 ,3621396.347910 ,379.000000 ,1.000000
985.100000 ,3621499.415196 ,380.000000 ,0.000000
987.900000 ,3621395.393104 ,381.000000 ,1.000000
989.300000 ,3621395.751156 ,382.000000 ,1.000000
992.100000 ,3621395.751156 ,383.000000 ,1.000000
992.100000 ,3621393.703500 ,384.000000 ,1.000000
996.300000 ,3621398.926250 ,385.000000 ,1.000000
1004.700000 ,3621393.862000 ,386.000000 ,1.000000
1006.100000 ,3621274.715196 ,387.000000 ,0.000000
1006.100000 ,3621404.315196 ,388.000000 ,0.000000
1006.100000 ,3621393.862000 ,389.000000 ,1.000000
1008.900000 ,3621249.995196 ,390.000000 ,0.000000
1010.300000 ,3621393.862000 ,391.000000 ,1.000000
1015.900000 ,3621393.862000 ,392.000000 ,1.000000
1017.300000 ,3621393.862000 ,393.000000 ,1.000000
1018.700000 ,3621393.662500 ,394.000000 ,1.000000
1021.500000 ,3621393.862000 ,395.000000 ,1.000000
1024.300000 ,3621393.703500 ,396.000000 ,1.000000
1029.900000 ,3621393.862000 ,397.000000 ,1.000000
1031.300000 ,3621393.862000 ,398.000000 ,1.000000
1031.300000 ,3621393.411250 ,399.000000 ,1.000000
1032.700000 ,3621393.411250 ,400.000000 ,1.000000
1035.500000 ,3621393.411250 ,401.000000 ,1.000000
1042.500000 ,3621393.385950 ,402.000000 ,1.000000
1048.100000 ,3621393.360650 ,403.000000 ,1.000000
1049.500000 ,3621393.348000 ,404.000000 ,1.000000
1052.300000 ,3621393.322700 ,405.000000 ,1.000000
1053.700000 ,3621393.322700 ,406.000000 ,1.000000
1057.900000 ,3621468.095196 ,407.000000 ,0.000000
1059.300000 ,3621393.294000 ,408.000000 ,1.000000
1064.900000 ,3621393.294000 ,409.000000 ,1.000000
1066.300000 ,3621352.895196 ,410.000000 ,0.000000
1067.700000 ,3621393.263250 ,411.000000 ,1.000000
1070.500000 ,3621393.196500 ,412.000000 ,1.000000
1073.300000 ,3621393.154750 ,413.000000 ,1.000000
1076.100000 ,3621393.263250 ,414.000000 ,1.000000
1078.900000 ,3621367.415196 ,415.000000 ,0.000000
1078.900000 ,3621393.051750 ,416.000000 ,1.000000
1083.100000 ,3621393.190917 ,417.000000 ,1.000000
1084.500000 ,3621235.955196 ,418.000000 ,0.000000
1090.100000 ,3621393.051750 ,419.000000 ,1.000000
1090.100000 ,3621392.717250 ,420.000000 ,1.000000
1091.500000 ,3621393.000250 ,421.000000 ,1.000000
1092.900000 ,3621392.984250 ,422.000000 ,1.000000
1094.300000 ,3621391.402714 ,423.000000 ,1.000000
1095.700000 ,3621391.972600 ,424.000000 ,1.000000
1099.900000 ,3621432.755196 ,425.000000 ,0.000000
1099.900000 ,3621391.972600 ,426.000000 ,1.000000
1102.700000 ,3621391.880000 ,427.000000 ,1.000000
1104.100000 ,3621391.635625 ,428.000000 ,1.000000
1105.500000 ,3621319.955196 ,429.000000 ,0.000000
1106.900000 ,3621291.035196 ,430.000000 ,0.000000
1109.700000 ,3621391.268812 ,431.000000 ,1.000000
1111.100000 ,3621391.137625 ,432.000000 ,1.000000
1113.900000 ,3621391.268812 ,433.000000 ,1.000000
1118.100000 ,3621390.935125 ,434.000000 ,1.000000
1122.300000 ,3621391.268812 ,435.000000 ,1.000000
1123.700000 ,3621390.935125 ,436.000000 ,1.000000
1126.500000 ,3621390.533000 ,437.000000 ,1.000000
1130.700000 ,3621390.690375 ,438.000000 ,1.000000
1132.100000 ,3621390.624750 ,439.000000 ,1.000000
1134.900000 ,3621270.575196 ,440.000000 ,0.000000
1134.900000 ,3621390.624750 ,441.000000 ,1.000000
1136.300000 ,3621390.690375 ,442.000000 ,1.000000
1139.100000 ,3621326.255196 ,443.000000 ,0.000000
1139.100000 ,3621390.690375 ,444.000000 ,1.000000
1143.300000 ,3621390.624750 ,445.000000 ,1.000000
1144.700000 ,3621390.624750 ,446.000000 ,1.000000
1147.500000 ,3621390.428500 ,447.000000 ,1.000000
1150.300000 ,3621390.408553 ,448.000000 ,1.000000
1155.900000 ,3621390.388606 ,449.000000 ,1.000000
1158.700000 ,3621390.368658 ,450.000000 ,1.000000
1161.500000 ,3621390.358685 ,451.000000 ,1.000000
1168.500000 ,3621390.318790 ,452.000000 ,1.000000
1169.900000 ,3621390.318790 ,453.000000 ,1.000000
1172.700000 ,3621390.298843 ,454.000000 ,1.000000
1178.300000 ,3621390.268922 ,455.000000 ,1.000000
1182.500000 ,3621390.248975 ,456.000000 ,1.000000
1185.300000 ,3621390.239001 ,457.000000 ,1.000000
1186.700000 ,3621390.229028 ,458.000000 ,1.000000
1188.100000 ,3621360.335196 ,459.000000 ,0.000000
1188.100000 ,3621390.229028 ,460.000000 ,1.000000
1192.300000 ,3621390.199107 ,461.000000 ,1.000000
1197.900000 ,3621390.179160 ,462.000000 ,1.000000
1199.300000 ,3621390.169186 ,463.000000 ,1.000000
1202.100000 ,3621390.159212 ,464.000000 ,1.000000
1203.500000 ,3621390.149239 ,465.000000 ,1.000000
1206.300000 ,3621390.129291 ,466.000000 ,1.000000
1207.700000 ,3621390.129291 ,467.000000 ,1.000000
1209.100000 ,3621390.119318 ,468.000000 ,1.000000
1211.900000 ,3621390.109344 ,469.000000 ,1.000000
1214.700000 ,3621390.089397 ,470.000000 ,1.000000
1217.500000 ,3621390.079423 ,471.000000 ,1.000000
1218.900000 ,3621390.069450 ,472.000000 ,1.000000
1221.700000 ,3621390.059476 ,473.000000 ,1.000000
1223.100000 ,3621390.049503 ,474.000000 ,1.000000
1234.300000 ,3621389.989661 ,475.000000 ,1.000000
1239.900000 ,3621389.969714 ,476.000000 ,1.000000
1241.300000 ,3621389.959740 ,477.000000 ,1.000000
1242.700000 ,3621389.949766 ,478.000000 ,1.000000
1252.500000 ,3621389.899898 ,479.000000 ,1.000000
1253.900000 ,3621389.899898 ,480.000000 ,1.000000
1256.700000 ,3621389.879951 ,481.000000 ,1.000000
1260.900000 ,3621425.615196 ,482.000000 ,0.000000
1263.700000 ,3621389.850030 ,483.000000 ,1.000000
1276.300000 ,3621389.780215 ,484.000000 ,1.000000
1277.700000 ,3621354.035196 ,485.000000 ,0.000000
1277.700000 ,3621389.780215 ,486.000000 ,1.000000
1279.100000 ,3621389.770241 ,487.000000 ,1.000000
1280.500000 ,3621389.760268 ,488.000000 ,1.000000
1281.900000 ,3621513.575196 ,489.000000 ,0.000000
1283.300000 ,3621389.750294 ,490.000000 ,1.000000
1286.100000 ,3621389.740320 ,491.000000 ,1.000000
1287.500000 ,3621389.730347 ,492.000000 ,1.000000
1290.300000 ,3621389.710399 ,493.000000 ,1.000000
1291.700000 ,3621389.710399 ,494.000000 ,1.000000
1294.500000 ,3621389.690452 ,495.000000 ,1.000000
1295.900000 ,3621389.690452 ,496.000000 ,1.000000
1300.100000 ,3621389.670505 ,497.000000 ,1.000000
1302.900000 ,3621389.650558 ,498.000000 ,1.000000
1304.300000 ,3621389.640584 ,499.000000 ,1.000000
1305.700000 ,3621432.755196 ,500.000000 ,0.000000
1307.100000 ,3621389.630611 ,501.000000 ,1.000000
1312.700000 ,3621389.600690 ,502.000000 ,1.000000
1316.900000 ,3621389.580742 ,503.000000 ,1.000000
1318.300000 ,3621389.570769 ,504.000000 ,1.000000
1319.700000 ,3621389.570769 ,505.000000 ,1.000000
1321.100000 ,3621389.560795 ,506.000000 ,1.000000
1322.500000 ,3621389.550822 ,507.000000 ,1.000000
1323.900000 ,3621389.550822 ,508.000000 ,1.000000
1325.300000 ,3621389.540848 ,509.000000 ,1.000000
1329.500000 ,3621389.520901 ,510.000000 ,1.000000
1335.100000 ,3621389.490980 ,511.000000 ,1.000000
1340.700000 ,3621389.461059 ,512.000000 ,1.000000
1342.100000 ,3621389.461059 ,513.000000 ,1.000000
1346.300000 ,3621389.431138 ,514.000000 ,1.000000
1347.700000 ,3621389.431138 ,515.000000 ,1.000000
1351.900000 ,3621389.411191 ,516.000000 ,1.000000
1354.700000 ,3621389.391244 ,517.000000 ,1.000000
1360.300000 ,3621389.361323 ,518.000000 ,1.000000
1363.100000 ,3621396.035196 ,519.000000 ,0.000000
1363.100000 ,3621389.351349 ,520.000000 ,1.000000
1368.700000 ,3621480.335196 ,521.000000 ,0.000000
1372.900000 ,3621337.535196 ,522.000000 ,0.000000
1372.900000 ,3621389.301481 ,523.000000 ,1.000000
1378.500000 ,3621389.271560 ,524.000000 ,1.000000
1385.500000 ,3621389.241639 ,525.000000 ,1.000000
1389.700000 ,3621389.221692 ,526.000000 ,1.000000
1391.100000 ,3621389.211719 ,527.000000 ,1.000000
1392.500000 ,3621409.175196 ,528.000000 ,0.000000
1393.900000 ,3621389.201745 ,529.000000 ,1.000000
1396.700000 ,3621389.181798 ,530.000000 ,1.000000
1402.300000 ,3621389.151877 ,531.000000 ,1.000000
1405.100000 ,3621389.141903 ,532.000000 ,1.000000
1412.100000 ,3621348.215196 ,533.000000 ,0.000000
1413.500000 ,3621414.815196 ,534.000000 ,0.000000
1416.300000 ,3621389.082062 ,535.000000 ,1.000000
1426.100000 ,3621389.042167 ,536.000000 ,1.000000
1428.900000 ,3621389.022220 ,537.000000 ,1.000000
1433.100000 ,3621419.015196 ,538.000000 ,0.000000
1433.100000 ,3621389.002273 ,539.000000 ,1.000000
1435.900000 ,3621388.992299 ,540.000000 ,1.000000
1437.300000 ,3621388.982325 ,541.000000 ,1.000000
1440.100000 ,3621500.735196 ,542.000000 ,0.000000
1442.900000 ,3621388.952405 ,543.000000 ,1.000000
1451.300000 ,3621388.912510 ,544.000000 ,1.000000
1456.900000 ,3621388.882589 ,545.000000 ,1.000000
1458.300000 ,3621388.872616 ,546.000000 ,1.000000
1459.700000 ,3621388.872616 ,547.000000 ,1.000000
1462.500000 ,3621388.852668 ,548.000000 ,1.000000
1463.900000 ,3621388.852668 ,549.000000 ,1.000000
1466.700000 ,3621388.832721 ,550.000000 ,1.000000
1469.500000 ,3621388.822747 ,551.000000 ,1.000000
1470.900000 ,3621388.812774 ,552.000000 ,1.000000
1476.500000 ,3621388.782853 ,553.000000 ,1.000000
1477.900000 ,3621388.782853 ,554.000000 ,1.000000
1479.300000 ,3621388.772879 ,555.000000 ,1.000000
1480.700000 ,3621388.762906 ,556.000000 ,1.000000
1482.100000 ,3621388.762906 ,557.000000 ,1.000000
1486.300000 ,3621397.295196 ,558.000000 ,0.000000
1486.300000 ,3621388.732985 ,559.000000 ,1.000000
1489.100000 ,3621388.723011 ,560.000000 ,1.000000
1491.900000 ,3621388.713038 ,561.000000 ,1.000000
1493.300000 ,3621253.055196 ,562.000000 ,0.000000
1494.700000 ,3621388.693090 ,563.000000 ,1.000000
1497.500000 ,3621388.683117 ,564.000000 ,1.000000
1498.900000 ,3621519.335196 ,565.000000 ,0.000000
1505.900000 ,3621355.355196 ,566.000000 ,0.000000
1508.700000 ,3621437.435196 ,567.000000 ,0.000000
1511.500000 ,3621388.613302 ,568.000000 ,1.000000
1512.900000 ,3621388.603328 ,569.000000 ,1.000000
1514.300000 ,3621388.593354 ,570.000000 ,1.000000
1517.100000 ,3621388.583381 ,571.000000 ,1.000000
1522.700000 ,3621388.553460 ,572.000000 ,1.000000
1526.900000 ,3621388.533513 ,573.000000 ,1.000000
1529.700000 ,3621387.462083 ,574.000000 ,1.000000
1532.500000 ,3621388.909000 ,575.000000 ,1.000000
1547.900000 ,3621387.699500 ,576.000000 ,1.000000
1550.700000 ,3621388.909000 ,577.000000 ,1.000000
1550.700000 ,3621385.625000 ,578.000000 ,1.000000
1553.500000 ,3621388.909000 ,579.000000 ,1.000000
1554.900000 ,3621387.834000 ,580.000000 ,1.000000
1557.700000 ,3621387.409750 ,581.000000 ,1.000000
1559.100000 ,3621386.334875 ,582.000000 ,1.000000
1560.500000 ,3621387.834000 ,583.000000 ,1.000000
1561.900000 ,3621387.409750 ,584.000000 ,1.000000
1564.700000 ,3621387.834000 ,585.000000 ,1.000000
1573.100000 ,3621387.712008 ,586.000000 ,1.000000
1578.700000 ,3621387.914500 ,587.000000 ,1.000000
1589.900000 ,3621385.531750 ,588.000000 ,1.000000
1592.700000 ,3621386.902039 ,589.000000 ,1.000000
1594.100000 ,3621387.509516 ,590.000000 ,1.000000
1596.900000 ,3621338.135196 ,591.000000 ,0.000000
1596.900000 ,3621387.104531 ,592.000000 ,1.000000
1598.300000 ,3621387.307023 ,593.000000 ,1.000000
1601.100000 ,3621387.104531 ,594.000000 ,1.000000
1602.500000 ,3621278.375196 ,595.000000 ,0.000000
1602.500000 ,3621386.902039 ,596.000000 ,1.000000
1606.700000 ,3621377.975196 ,597.000000 ,0.000000
1608.100000 ,3621386.092070 ,598.000000 ,1.000000
1613.700000 ,3621338.255196 ,599.000000 ,0.000000
1613.700000 ,3621385.282102 ,600.000000 ,1.000000
1616.500000 ,3621339.515196 ,601.000000 ,0.000000
1619.300000 ,3621384.269641 ,602.000000 ,1.000000
1622.100000 ,3621384.877117 ,603.000000 ,1.000000
1623.500000 ,3621385.282102 ,604.000000 ,1.000000
1627.700000 ,3621382.852195 ,605.000000 ,1.000000
1631.900000 ,3621317.795196 ,606.000000 ,0.000000
1631.900000 ,3621325.955196 ,607.000000 ,0.000000
1631.900000 ,3621418.655196 ,608.000000 ,0.000000
1631.900000 ,3621382.649703 ,609.000000 ,1.000000
1634.700000 ,3621296.555196 ,610.000000 ,0.000000
1634.700000 ,3621384.674625 ,611.000000 ,1.000000
1637.500000 ,3621384.472133 ,612.000000 ,1.000000
1637.500000 ,3621382.649703 ,613.000000 ,1.000000
1643.100000 ,3621382.649703 ,614.000000 ,1.000000
1644.500000 ,3621383.662164 ,615.000000 ,1.000000
1652.900000 ,3621380.017305 ,616.000000 ,1.000000
1654.300000 ,3621381.434750 ,617.000000 ,1.000000
1657.100000 ,3621380.219797 ,618.000000 ,1.000000
1665.500000 ,3621379.409828 ,619.000000 ,1.000000
1665.500000 ,3621378.802352 ,620.000000 ,1.000000
1666.900000 ,3621380.219797 ,621.000000 ,1.000000
1669.700000 ,3621259.355196 ,622.000000 ,0.000000
1671.100000 ,3621389.375196 ,623.000000 ,0.000000
1671.100000 ,3621378.397367 ,624.000000 ,1.000000
1673.900000 ,3621380.219797 ,625.000000 ,1.000000
1676.700000 ,3621378.599859 ,626.000000 ,1.000000
1678.100000 ,3621250.175196 ,627.000000 ,0.000000
1680.900000 ,3621379.409828 ,628.000000 ,1.000000
1682.300000 ,3621379.207336 ,629.000000 ,1.000000
1685.100000 ,3621379.612320 ,630.000000 ,1.000000
1685.100000 ,3621377.587398 ,631.000000 ,1.000000
1686.500000 ,3621377.587398 ,632.000000 ,1.000000
1687.900000 ,3621377.384906 ,633.000000 ,1.000000
1689.300000 ,3621378.194875 ,634.000000 ,1.000000
1689.300000 ,3621377.384906 ,635.000000 ,1.000000
1690.700000 ,3621376.979922 ,636.000000 ,1.000000
1692.100000 ,3621377.587398 ,637.000000 ,1.000000
1693.500000 ,3621377.182414 ,638.000000 ,1.000000
1699.100000 ,3621377.587398 ,639.000000 ,1.000000
1701.900000 ,3621377.182414 ,640.000000 ,1.000000
1711.700000 ,3621375.177170 ,641.000000 ,1.000000
1720.100000 ,3621376.954534 ,642.000000 ,1.000000
1724.300000 ,3621356.615196 ,643.000000 ,0.000000
1727.100000 ,3621376.065852 ,644.000000 ,1.000000
1727.100000 ,3621375.177170 ,645.000000 ,1.000000
1727.100000 ,3621532.355196 ,646.000000 ,0.000000
1734.100000 ,3621376.954534 ,647.000000 ,1.000000
1741.100000 ,3621397.835196 ,648.000000 ,0.000000
1741.100000 ,3621379.620580 ,649.000000 ,1.000000
1741.100000 ,3621378.731898 ,650.000000 ,1.000000
1741.100000 ,3621376.510193 ,651.000000 ,1.000000
1742.500000 ,3621377.621045 ,652.000000 ,1.000000
1745.300000 ,3621378.731898 ,653.000000 ,1.000000
1745.300000 ,3621377.621045 ,654.000000 ,1.000000
1746.700000 ,3621378.304000 ,655.000000 ,1.000000
1749.500000 ,3621378.304000 ,656.000000 ,1.000000
1757.900000 ,3621378.509727 ,657.000000 ,1.000000
1759.300000 ,3621377.819200 ,658.000000 ,1.000000
1762.100000 ,3621376.886000 ,659.000000 ,1.000000
1764.900000 ,3621379.842750 ,660.000000 ,1.000000
1764.900000 ,3621378.954068 ,661.000000 ,1.000000
1766.300000 ,3621378.304000 ,662.000000 ,1.000000
1771.900000 ,3621377.966750 ,663.000000 ,1.000000
1776.100000 ,3621377.966750 ,664.000000 ,1.000000
1777.500000 ,3621377.819200 ,665.000000 ,1.000000
1780.300000 ,3621379.038917 ,666.000000 ,1.000000
1780.300000 ,3621377.966750 ,667.000000 ,1.000000
1781.700000 ,3621356.315196 ,668.000000 ,0.000000
1781.700000 ,3621377.819200 ,669.000000 ,1.000000
1783.100000 ,3621378.904167 ,670.000000 ,1.000000
1787.300000 ,3621379.313900 ,671.000000 ,1.000000
1787.300000 ,3621377.966750 ,672.000000 ,1.000000
1799.900000 ,3621379.798000 ,673.000000 ,1.000000
1801.300000 ,3621256.295196 ,674.000000 ,0.000000
1801.300000 ,3621376.744625 ,675.000000 ,1.000000
1802.700000 ,3621379.798000 ,676.000000 ,1.000000
1805.500000 ,3621376.744625 ,677.000000 ,1.000000
1806.900000 ,3621379.313900 ,678.000000 ,1.000000
1815.300000 ,3621376.744625 ,679.000000 ,1.000000
1816.700000 ,3621375.447250 ,680.000000 ,1.000000
1818.100000 ,3621379.798000 ,681.000000 ,1.000000
1818.100000 ,3621378.045500 ,682.000000 ,1.000000
1819.500000 ,3621338.135196 ,683.000000 ,0.000000
1820.900000 ,3621455.855196 ,684.000000 ,0.000000
1827.900000 ,3621376.239083 ,685.000000 ,1.000000
1830.700000 ,3621373.089625 ,686.000000 ,1.000000
1833.500000 ,3621375.843167 ,687.000000 ,1.000000
1836.300000 ,3621501.155196 ,688.000000 ,0.000000
1837.700000 ,3621377.557125 ,689.000000 ,1.000000
1837.700000 ,3621375.447250 ,690.000000 ,1.000000
1843.300000 ,3621380.590000 ,691.000000 ,1.000000
1844.700000 ,3621378.353583 ,692.000000 ,1.000000
1846.100000 ,3621380.590000 ,693.000000 ,1.000000
1846.100000 ,3621376.689250 ,694.000000 ,1.000000
1848.900000 ,3621376.689250 ,695.000000 ,1.000000
1850.300000 ,3621376.473500 ,696.000000 ,1.000000
1853.100000 ,3621376.115196 ,697.000000 ,0.000000
1861.500000 ,3621374.889437 ,698.000000 ,1.000000
1862.900000 ,3621374.768000 ,699.000000 ,1.000000
1864.300000 ,3621374.076250 ,700.000000 ,1.000000
1868.500000 ,3621374.076250 ,701.000000 ,1.000000
1872.700000 ,3621375.074625 ,702.000000 ,1.000000
1874.100000 ,3621376.663750 ,703.000000 ,1.000000
1875.500000 ,3621375.319188 ,704.000000 ,1.000000
1876.900000 ,3621374.572375 ,705.000000 ,1.000000
1876.900000 ,3621374.076250 ,706.000000 ,1.000000
1878.300000 ,3621375.319188 ,707.000000 ,1.000000
1878.300000 ,3621514.595196 ,708.000000 ,0.000000
1881.100000 ,3621375.319188 ,709.000000 ,1.000000
1883.900000 ,3621374.808750 ,710.000000 ,1.000000
1886.700000 ,3621377.066250 ,711.000000 ,1.000000
1886.700000 ,3621376.502250 ,712.000000 ,1.000000
1886.700000 ,3621374.027722 ,713.000000 ,1.000000
1892.300000 ,3621377.251306 ,714.000000 ,1.000000
1892.300000 ,3621376.502250 ,715.000000 ,1.000000
1893.700000 ,3621377.251306 ,716.000000 ,1.000000
1896.500000 ,3621259.655196 ,717.000000 ,0.000000
1899.300000 ,3621378.804375 ,718.000000 ,1.000000
1904.900000 ,3621378.804375 ,719.000000 ,1.000000
1904.900000 ,3621377.251306 ,720.000000 ,1.000000
1909.100000 ,3621378.713250 ,721.000000 ,1.000000
1909.100000 ,3621377.251306 ,722.000000 ,1.000000
1910.500000 ,3621378.804375 ,723.000000 ,1.000000
1910.500000 ,3621377.251306 ,724.000000 ,1.000000
1913.300000 ,3621457.115196 ,725.000000 ,0.000000
1914.700000 ,3621378.956500 ,726.000000 ,1.000000
1916.100000 ,3621378.804375 ,727.000000 ,1.000000
1918.900000 ,3621378.447361 ,728.000000 ,1.000000
1921.700000 ,3621504.095196 ,729.000000 ,0.000000
1923.100000 ,3621378.447361 ,730.000000 ,1.000000
1924.500000 ,3621335.195196 ,731.000000 ,0.000000
1930.100000 ,3621471.335196 ,732.000000 ,0.000000
1930.100000 ,3621496.115196 ,733.000000 ,0.000000
1934.300000 ,3621495.575196 ,734.000000 ,0.000000
1935.700000 ,3621377.680812 ,735.000000 ,1.000000
1937.100000 ,3621378.380889 ,736.000000 ,1.000000
1938.500000 ,3621378.314417 ,737.000000 ,1.000000
1938.500000 ,3621377.680812 ,738.000000 ,1.000000
1941.300000 ,3621377.826750 ,739.000000 ,1.000000
1945.500000 ,3621377.211500 ,740.000000 ,1.000000
1949.700000 ,3621377.405531 ,741.000000 ,1.000000
1955.300000 ,3621377.517500 ,742.000000 ,1.000000
1963.700000 ,3621375.581258 ,743.000000 ,1.000000
1963.700000 ,3621526.655196 ,744.000000 ,0.000000
1966.500000 ,3621356.135196 ,745.000000 ,0.000000
1970.700000 ,3621377.048476 ,746.000000 ,1.000000
1970.700000 ,3621375.255210 ,747.000000 ,1.000000
1973.500000 ,3621376.396379 ,748.000000 ,1.000000
1973.500000 ,3621375.581258 ,749.000000 ,1.000000
1973.500000 ,3621374.766137 ,750.000000 ,1.000000
1974.900000 ,3621376.559403 ,751.000000 ,1.000000
1976.300000 ,3621406.955196 ,752.000000 ,0.000000
1977.700000 ,3621490.835196 ,753.000000 ,0.000000
1980.500000 ,3621375.744282 ,754.000000 ,1.000000
1980.500000 ,3621374.766137 ,755.000000 ,1.000000
1981.900000 ,3621489.275196 ,756.000000 ,0.000000
1983.300000 ,3621375.092185 ,757.000000 ,1.000000
1986.100000 ,3621527.915196 ,758.000000 ,0.000000
1990.300000 ,3621375.092185 ,759.000000 ,1.000000
1990.300000 ,3621373.624968 ,760.000000 ,1.000000
1998.700000 ,3621373.624968 ,761.000000 ,1.000000
1998.700000 ,3621372.483798 ,762.000000 ,1.000000
2002.900000 ,3621373.461944 ,763.000000 ,1.000000
2004.300000 ,3621374.277065 ,764.000000 ,1.000000
2007.100000 ,3621373.461944 ,765.000000 ,1.000000
2007.100000 ,3621372.483798 ,766.000000 ,1.000000
2012.700000 ,3621372.972871 ,767.000000 ,1.000000
2014.100000 ,3621372.809847 ,768.000000 ,1.000000
2015.500000 ,3621373.135895 ,769.000000 ,1.000000
2015.500000 ,3621371.495083 ,770.000000 ,1.000000
2016.900000 ,3621346.535196 ,771.000000 ,0.000000
2018.300000 ,3621372.809847 ,772.000000 ,1.000000
2018.300000 ,3621372.157750 ,773.000000 ,1.000000
2019.700000 ,3621372.809847 ,774.000000 ,1.000000
2021.100000 ,3621373.135895 ,775.000000 ,1.000000
2025.300000 ,3621371.020875 ,776.000000 ,1.000000
2029.500000 ,3621371.495083 ,777.000000 ,1.000000
2033.700000 ,3621371.020875 ,778.000000 ,1.000000
2035.100000 ,3621371.950500 ,779.000000 ,1.000000
2036.500000 ,3621371.950500 ,780.000000 ,1.000000
2036.500000 ,3621371.020875 ,781.000000 ,1.000000
2040.700000 ,3621370.788469 ,782.000000 ,1.000000
2042.100000 ,3621345.935196 ,783.000000 ,0.000000
2046.300000 ,3621371.485687 ,784.000000 ,1.000000
2046.300000 ,3621370.323656 ,785.000000 ,1.000000
2046.300000 ,3621369.072333 ,786.000000 ,1.000000
2063.100000 ,3621370.596563 ,787.000000 ,1.000000
2070.100000 ,3621262.655196 ,788.000000 ,0.000000
2074.300000 ,3621371.167500 ,789.000000 ,1.000000
2075.700000 ,3621371.167500 ,790.000000 ,1.000000
2079.900000 ,3621371.337750 ,791.000000 ,1.000000
2079.900000 ,3621369.607250 ,792.000000 ,1.000000
2081.300000 ,3621370.596563 ,793.000000 ,1.000000
2084.100000 ,3621371.167500 ,794.000000 ,1.000000
2086.900000 ,3621300.815196 ,795.000000 ,0.000000
2086.900000 ,3621371.137188 ,796.000000 ,1.000000
2086.900000 ,3621370.535500 ,797.000000 ,1.000000
2091.100000 ,3621371.337750 ,798.000000 ,1.000000
2092.500000 ,3621371.167500 ,799.000000 ,1.000000
2093.900000 ,3621371.337750 ,800.000000 ,1.000000
2095.300000 ,3621371.025310 ,801.000000 ,1.000000
2098.100000 ,3621370.527643 ,802.000000 ,1.000000
2100.900000 ,3621370.883119 ,803.000000 ,1.000000
2102.300000 ,3621371.096405 ,804.000000 ,1.000000
2105.100000 ,3621370.883119 ,805.000000 ,1.000000
2109.300000 ,3621370.527643 ,806.000000 ,1.000000
2110.700000 ,3621370.954214 ,807.000000 ,1.000000
2113.500000 ,3621370.598738 ,808.000000 ,1.000000
2114.900000 ,3621251.075196 ,809.000000 ,0.000000
2114.900000 ,3621370.812024 ,810.000000 ,1.000000
2116.300000 ,3621370.598738 ,811.000000 ,1.000000
2117.700000 ,3621370.740929 ,812.000000 ,1.000000
2121.900000 ,3621370.598738 ,813.000000 ,1.000000
2128.900000 ,3621369.603405 ,814.000000 ,1.000000
2130.300000 ,3621234.875196 ,815.000000 ,0.000000
2130.300000 ,3621251.915196 ,816.000000 ,0.000000
2130.300000 ,3621370.029976 ,817.000000 ,1.000000
2134.500000 ,3621369.603405 ,818.000000 ,1.000000
2135.900000 ,3621369.461214 ,819.000000 ,1.000000
2138.700000 ,3621369.816690 ,820.000000 ,1.000000
2140.100000 ,3621369.958881 ,821.000000 ,1.000000
2142.900000 ,3621369.532310 ,822.000000 ,1.000000
2144.300000 ,3621369.603405 ,823.000000 ,1.000000
2144.300000 ,3621369.034643 ,824.000000 ,1.000000
2147.100000 ,3621285.095196 ,825.000000 ,0.000000
2148.500000 ,3621369.390119 ,826.000000 ,1.000000
2149.900000 ,3621369.603405 ,827.000000 ,1.000000
2149.900000 ,3621501.215196 ,828.000000 ,0.000000
2151.300000 ,3621368.963548 ,829.000000 ,1.000000
2152.700000 ,3621368.679167 ,830.000000 ,1.000000
2152.700000 ,3621524.195196 ,831.000000 ,0.000000
2154.100000 ,3621368.608071 ,832.000000 ,1.000000
2155.500000 ,3621369.390119 ,833.000000 ,1.000000
2172.300000 ,3621367.804370 ,834.000000 ,1.000000
2175.100000 ,3621367.804370 ,835.000000 ,1.000000
2176.500000 ,3621367.804370 ,836.000000 ,1.000000
2177.900000 ,3621368.181500 ,837.000000 ,1.000000
2179.300000 ,3621368.536976 ,838.000000 ,1.000000
2180.700000 ,3621368.394786 ,839.000000 ,1.000000
2182.100000 ,3621367.615804 ,840.000000 ,1.000000
2184.900000 ,3621368.181500 ,841.000000 ,1.000000
2186.300000 ,3621366.861543 ,842.000000 ,1.000000
2187.700000 ,3621373.835196 ,843.000000 ,0.000000
2191.900000 ,3621367.238674 ,844.000000 ,1.000000
2193.300000 ,3621367.238674 ,845.000000 ,1.000000
2197.500000 ,3621265.295196 ,846.000000 ,0.000000
2200.300000 ,3621366.390130 ,847.000000 ,1.000000
2204.500000 ,3621379.175196 ,848.000000 ,0.000000
2205.900000 ,3621366.767261 ,849.000000 ,1.000000
2208.700000 ,3621253.055196 ,850.000000 ,0.000000
2210.100000 ,3621367.144391 ,851.000000 ,1.000000
2210.100000 ,3621366.578696 ,852.000000 ,1.000000
2212.900000 ,3621367.011469 ,853.000000 ,1.000000
2221.300000 ,3621353.195196 ,854.000000 ,0.000000
2224.100000 ,3621364.732563 ,855.000000 ,1.000000
2231.100000 ,3621366.243542 ,856.000000 ,1.000000
2232.500000 ,3621366.243542 ,857.000000 ,1.000000
2232.500000 ,3621364.732563 ,858.000000 ,1.000000
2233.900000 ,3621366.243542 ,859.000000 ,1.000000
2238.100000 ,3621365.644125 ,860.000000 ,1.000000
2239.500000 ,3621365.644125 ,861.000000 ,1.000000
2243.700000 ,3621365.436028 ,862.000000 ,1.000000
2245.100000 ,3621287.675196 ,863.000000 ,0.000000
2247.900000 ,3621467.555196 ,864.000000 ,0.000000
2257.700000 ,3621365.436028 ,865.000000 ,1.000000
2266.100000 ,3621366.498000 ,866.000000 ,1.000000
2267.500000 ,3621367.186917 ,867.000000 ,1.000000
2271.700000 ,3621367.443281 ,868.000000 ,1.000000
2271.700000 ,3621365.487167 ,869.000000 ,1.000000
2273.100000 ,3621367.186917 ,870.000000 ,1.000000
2278.700000 ,3621367.443281 ,871.000000 ,1.000000
2278.700000 ,3621366.664937 ,872.000000 ,1.000000
2281.500000 ,3621366.664937 ,873.000000 ,1.000000
2284.300000 ,3621335.435196 ,874.000000 ,0.000000
2284.300000 ,3621367.346875 ,875.000000 ,1.000000
2287.100000 ,3621366.498000 ,876.000000 ,1.000000
2288.500000 ,3621366.664937 ,877.000000 ,1.000000
2289.900000 ,3621368.076417 ,878.000000 ,1.000000
2289.900000 ,3621366.093313 ,879.000000 ,1.000000
2292.700000 ,3621406.355196 ,880.000000 ,0.000000
2292.700000 ,3621368.005250 ,881.000000 ,1.000000
2292.700000 ,3621367.346875 ,882.000000 ,1.000000
2294.100000 ,3621368.076417 ,883.000000 ,1.000000
2299.700000 ,3621368.198875 ,884.000000 ,1.000000
2305.300000 ,3621368.198875 ,885.000000 ,1.000000
2309.500000 ,3621367.017417 ,886.000000 ,1.000000
2310.900000 ,3621272.735196 ,887.000000 ,0.000000
2310.900000 ,3621368.198875 ,888.000000 ,1.000000
2310.900000 ,3621364.092625 ,889.000000 ,1.000000
2313.700000 ,3621366.093313 ,890.000000 ,1.000000
2315.100000 ,3621364.092625 ,891.000000 ,1.000000
2317.900000 ,3621368.198875 ,892.000000 ,1.000000
2317.900000 ,3621367.532000 ,893.000000 ,1.000000
2320.700000 ,3621367.692562 ,894.000000 ,1.000000
2324.900000 ,3621368.198875 ,895.000000 ,1.000000
2326.300000 ,3621366.028625 ,896.000000 ,1.000000
2333.300000 ,3621367.107750 ,897.000000 ,1.000000
2336.100000 ,3621366.298625 ,898.000000 ,1.000000
2341.700000 ,3621366.028625 ,899.000000 ,1.000000
2343.100000 ,3621366.298625 ,900.000000 ,1.000000
2345.900000 ,3621411.395196 ,901.000000 ,0.000000
2345.900000 ,3621361.231250 ,902.000000 ,1.000000
2347.300000 ,3621366.028625 ,903.000000 ,1.000000
2350.100000 ,3621366.449000 ,904.000000 ,1.000000
2351.500000 ,3621366.673000 ,905.000000 ,1.000000
2354.300000 ,3621366.673000 ,906.000000 ,1.000000
2361.300000 ,3621366.673000 ,907.000000 ,1.000000
2368.300000 ,3621366.778250 ,908.000000 ,1.000000
2380.900000 ,3621366.778250 ,909.000000 ,1.000000
2387.900000 ,3621366.778250 ,910.000000 ,1.000000
2389.300000 ,3621404.675196 ,911.000000 ,0.000000
2389.300000 ,3621361.351500 ,912.000000 ,1.000000
2392.100000 ,3621361.798150 ,913.000000 ,1.000000
2396.300000 ,3621362.057500 ,914.000000 ,1.000000
2399.100000 ,3621361.798150 ,915.000000 ,1.000000
2403.300000 ,3621362.057500 ,916.000000 ,1.000000
2410.300000 ,3621362.057500 ,917.000000 ,1.000000
2411.700000 ,3621357.498125 ,918.000000 ,1.000000
2415.900000 ,3621272.795196 ,919.000000 ,0.000000
2417.300000 ,3621363.602500 ,920.000000 ,1.000000
2418.700000 ,3621363.602500 ,921.000000 ,1.000000
2418.700000 ,3621362.057500 ,922.000000 ,1.000000
2425.700000 ,3621357.498125 ,923.000000 ,1.000000
2428.500000 ,3621364.101750 ,924.000000 ,1.000000
2428.500000 ,3621363.642938 ,925.000000 ,1.000000
2428.500000 ,3621357.498125 ,926.000000 ,1.000000
2432.700000 ,3621244.835196 ,927.000000 ,0.000000
2438.300000 ,3621283.115196 ,928.000000 ,0.000000
2441.100000 ,3621363.769750 ,929.000000 ,1.000000
2442.500000 ,3621363.100750 ,930.000000 ,1.000000
2448.100000 ,3621363.932250 ,931.000000 ,1.000000
2448.100000 ,3621361.807250 ,932.000000 ,1.000000
2449.500000 ,3621362.695750 ,933.000000 ,1.000000
2450.900000 ,3621331.715196 ,934.000000 ,0.000000
2450.900000 ,3621362.270250 ,935.000000 ,1.000000
2450.900000 ,3621361.753000 ,936.000000 ,1.000000
2452.300000 ,3621363.642938 ,937.000000 ,1.000000
2452.300000 ,3621361.163375 ,938.000000 ,1.000000
2456.500000 ,3621361.807250 ,939.000000 ,1.000000
2460.700000 ,3621362.270250 ,940.000000 ,1.000000
2462.100000 ,3621362.787500 ,941.000000 ,1.000000
2462.100000 ,3621361.807250 ,942.000000 ,1.000000
2463.500000 ,3621437.375196 ,943.000000 ,0.000000
2463.500000 ,3621362.270250 ,944.000000 ,1.000000
2464.900000 ,3621362.270250 ,945.000000 ,1.000000
2467.700000 ,3621361.807250 ,946.000000 ,1.000000
2470.500000 ,3621361.807250 ,947.000000 ,1.000000
2471.900000 ,3621361.807250 ,948.000000 ,1.000000
2476.100000 ,3621362.270250 ,949.000000 ,1.000000
2478.900000 ,3621433.235196 ,950.000000 ,0.000000
2483.100000 ,3621360.373375 ,951.000000 ,1.000000
2485.900000 ,3621362.787500 ,952.000000 ,1.000000
2485.900000 ,3621360.373375 ,953.000000 ,1.000000
2488.700000 ,3621361.653000 ,954.000000 ,1.000000
2498.500000 ,3621360.373375 ,955.000000 ,1.000000
2504.100000 ,3621360.373375 ,956.000000 ,1.000000
2506.900000 ,3621360.373375 ,957.000000 ,1.000000
2508.300000 ,3621360.373375 ,958.000000 ,1.000000
2511.100000 ,3621448.055196 ,959.000000 ,0.000000
2512.500000 ,3621360.847464 ,960.000000 ,1.000000
2519.500000 ,3621258.995196 ,961.000000 ,0.000000
2519.500000 ,3621360.874250 ,962.000000 ,1.000000
2520.900000 ,3621319.475196 ,963.000000 ,0.000000
2522.300000 ,3621360.874250 ,964.000000 ,1.000000
2525.100000 ,3621360.874250 ,965.000000 ,1.000000
2526.500000 ,3621360.741000 ,966.000000 ,1.000000
2527.900000 ,3621360.874250 ,967.000000 ,1.000000
2533.500000 ,3621360.874250 ,968.000000 ,1.000000
2537.700000 ,3621359.729233 ,969.000000 ,1.000000
2540.500000 ,3621358.422000 ,970.000000 ,1.000000
2546.100000 ,3621456.335196 ,971.000000 ,0.000000
2553.100000 ,3621359.242896 ,972.000000 ,1.000000
2557.300000 ,3621358.778950 ,973.000000 ,1.000000
2558.700000 ,3621359.242896 ,974.000000 ,1.000000
2562.900000 ,3621359.442650 ,975.000000 ,1.000000
2569.900000 ,3621359.729233 ,976.000000 ,1.000000
2572.700000 ,3621359.105000 ,977.000000 ,1.000000
2574.100000 ,3621358.778950 ,978.000000 ,1.000000
2575.500000 ,3621358.595333 ,979.000000 ,1.000000
2576.900000 ,3621358.778950 ,980.000000 ,1.000000
2579.700000 ,3621358.778950 ,981.000000 ,1.000000
2579.700000 ,3621358.595333 ,982.000000 ,1.000000
2581.100000 ,3621358.778950 ,983.000000 ,1.000000
2583.900000 ,3621358.316000 ,984.000000 ,1.000000
2593.700000 ,3621418.955196 ,985.000000 ,0.000000
2593.700000 ,3621358.074318 ,986.000000 ,1.000000
2600.700000 ,3621358.689700 ,987.000000 ,1.000000
2602.100000 ,3621358.689700 ,988.000000 ,1.000000
2603.500000 ,3621358.689700 ,989.000000 ,1.000000
2604.900000 ,3621358.689700 ,990.000000 ,1.000000
2604.900000 ,3621357.043950 ,991.000000 ,1.000000
2606.300000 ,3621358.689700 ,992.000000 ,1.000000
2611.900000 ,3621358.613083 ,993.000000 ,1.000000
2613.300000 ,3621358.687643 ,994.000000 ,1.000000
2614.700000 ,3621357.315562 ,995.000000 ,1.000000
2616.100000 ,3621358.687643 ,996.000000 ,1.000000
2617.500000 ,3621357.182187 ,997.000000 ,1.000000
2620.300000 ,3621344.615196 ,998.000000 ,0.000000
2620.300000 ,3621457.655196 ,999.000000 ,0.000000
2620.300000 ,3621358.687643 ,1000.000000 ,1.000000
2621.700000 ,3621321.575196 ,1001.000000 ,0.000000
2625.900000 ,3621356.905521 ,1002.000000 ,1.000000
2628.700000 ,3621357.419750 ,1003.000000 ,1.000000
2642.700000 ,3621355.763250 ,1004.000000 ,1.000000
2644.100000 ,3621355.488937 ,1005.000000 ,1.000000
2649.700000 ,3621355.882750 ,1006.000000 ,1.000000
2652.500000 ,3621355.345000 ,1007.000000 ,1.000000
2653.900000 ,3621355.604583 ,1008.000000 ,1.000000
2658.100000 ,3621355.882750 ,1009.000000 ,1.000000
2659.500000 ,3621525.035196 ,1010.000000 ,0.000000
2665.100000 ,3621355.231000 ,1011.000000 ,1.000000
2670.700000 ,3621353.922250 ,1012.000000 ,1.000000
2672.100000 ,3621449.735196 ,1013.000000 ,0.000000
2679.100000 ,3621354.715250 ,1014.000000 ,1.000000
2679.100000 ,3621353.922250 ,1015.000000 ,1.000000
2683.300000 ,3621355.025875 ,1016.000000 ,1.000000
2684.700000 ,3621354.553500 ,1017.000000 ,1.000000
2688.900000 ,3621354.661125 ,1018.000000 ,1.000000
2708.500000 ,3621354.553500 ,1019.000000 ,1.000000
2715.500000 ,3621332.855196 ,1020.000000 ,0.000000
2725.300000 ,3621350.100750 ,1021.000000 ,1.000000
2728.100000 ,3621350.100750 ,1022.000000 ,1.000000
2729.500000 ,3621350.100750 ,1023.000000 ,1.000000
2732.300000 ,3621353.241958 ,1024.000000 ,1.000000
2732.300000 ,3621352.006125 ,1025.000000 ,1.000000
2735.100000 ,3621350.100750 ,1026.000000 ,1.000000
2736.500000 ,3621353.241958 ,1027.000000 ,1.000000
2737.900000 ,3621355.111000 ,1028.000000 ,1.000000
2742.100000 ,3621349.209250 ,1029.000000 ,1.000000
2746.300000 ,3621355.111000 ,1030.000000 ,1.000000
2749.100000 ,3621354.209531 ,1031.000000 ,1.000000
2753.300000 ,3621348.215196 ,1032.000000 ,0.000000
2753.300000 ,3621354.224125 ,1033.000000 ,1.000000
2753.300000 ,3621351.395875 ,1034.000000 ,1.000000
2754.700000 ,3621351.395875 ,1035.000000 ,1.000000
2756.100000 ,3621354.224125 ,1036.000000 ,1.000000
2757.500000 ,3621352.006125 ,1037.000000 ,1.000000
2758.900000 ,3621352.006125 ,1038.000000 ,1.000000
2761.700000 ,3621486.935196 ,1039.000000 ,0.000000
2770.100000 ,3621352.701861 ,1040.000000 ,1.000000
2774.300000 ,3621349.732625 ,1041.000000 ,1.000000
2777.100000 ,3621348.723000 ,1042.000000 ,1.000000
2778.500000 ,3621349.432000 ,1043.000000 ,1.000000
2779.900000 ,3621349.432000 ,1044.000000 ,1.000000
2781.300000 ,3621351.395875 ,1045.000000 ,1.000000
2781.300000 ,3621348.723000 ,1046.000000 ,1.000000
2782.700000 ,3621348.723000 ,1047.000000 ,1.000000
2786.900000 ,3621349.732625 ,1048.000000 ,1.000000
2788.300000 ,3621354.789313 ,1049.000000 ,1.000000
2792.500000 ,3621349.019250 ,1050.000000 ,1.000000
2793.900000 ,3621348.723000 ,1051.000000 ,1.000000
2800.900000 ,3621352.068219 ,1052.000000 ,1.000000
2807.900000 ,3621349.687750 ,1053.000000 ,1.000000
2814.900000 ,3621352.743455 ,1054.000000 ,1.000000
2817.700000 ,3621351.703179 ,1055.000000 ,1.000000
2826.100000 ,3621352.819667 ,1056.000000 ,1.000000
2826.100000 ,3621351.256547 ,1057.000000 ,1.000000
2827.500000 ,3621351.703179 ,1058.000000 ,1.000000
2828.900000 ,3621351.703179 ,1059.000000 ,1.000000
2830.300000 ,3621352.520188 ,1060.000000 ,1.000000
2834.500000 ,3621351.588000 ,1061.000000 ,1.000000
2835.900000 ,3621352.520188 ,1062.000000 ,1.000000
2838.700000 ,3621352.520188 ,1063.000000 ,1.000000
2840.100000 ,3621352.025927 ,1064.000000 ,1.000000
2842.900000 ,3621352.819667 ,1065.000000 ,1.000000
2844.300000 ,3621352.520188 ,1066.000000 ,1.000000
2844.300000 ,3621351.588000 ,1067.000000 ,1.000000
2845.700000 ,3621352.215873 ,1068.000000 ,1.000000
2848.500000 ,3621352.215873 ,1069.000000 ,1.000000
2854.100000 ,3621352.368821 ,1070.000000 ,1.000000
2858.300000 ,3621351.943286 ,1071.000000 ,1.000000
2862.500000 ,3621351.943286 ,1072.000000 ,1.000000
2866.700000 ,3621351.670699 ,1073.000000 ,1.000000
2868.100000 ,3621352.215873 ,1074.000000 ,1.000000
2872.300000 ,3621352.215873 ,1075.000000 ,1.000000
2876.500000 ,3621351.398112 ,1076.000000 ,1.000000
2877.900000 ,3621351.943286 ,1077.000000 ,1.000000
2882.100000 ,3621351.602553 ,1078.000000 ,1.000000
2886.300000 ,3621351.534406 ,1079.000000 ,1.000000
2887.700000 ,3621351.738846 ,1080.000000 ,1.000000
2889.100000 ,3621351.329966 ,1081.000000 ,1.000000
2890.500000 ,3621351.534406 ,1082.000000 ,1.000000
2893.300000 ,3621351.125525 ,1083.000000 ,1.000000
2896.100000 ,3621351.125525 ,1084.000000 ,1.000000
2900.300000 ,3621512.375196 ,1085.000000 ,0.000000
2901.700000 ,3621350.852938 ,1086.000000 ,1.000000
2904.500000 ,3621350.989232 ,1087.000000 ,1.000000
2911.500000 ,3621350.171471 ,1088.000000 ,1.000000
2912.900000 ,3621350.852938 ,1089.000000 ,1.000000
2915.700000 ,3621470.495196 ,1090.000000 ,0.000000
2915.700000 ,3621350.580351 ,1091.000000 ,1.000000
2917.100000 ,3621459.215196 ,1092.000000 ,0.000000
2917.100000 ,3621350.171471 ,1093.000000 ,1.000000
2924.100000 ,3621349.967031 ,1094.000000 ,1.000000
2926.900000 ,3621350.375911 ,1095.000000 ,1.000000
2929.700000 ,3621349.762591 ,1096.000000 ,1.000000
2932.500000 ,3621350.035178 ,1097.000000 ,1.000000
2936.700000 ,3621349.762591 ,1098.000000 ,1.000000
2940.900000 ,3621349.830737 ,1099.000000 ,1.000000
2947.900000 ,3621348.944830 ,1100.000000 ,1.000000
2952.100000 ,3621349.558150 ,1101.000000 ,1.000000
2956.300000 ,3621349.285563 ,1102.000000 ,1.000000
2957.700000 ,3621348.740389 ,1103.000000 ,1.000000
2959.100000 ,3621348.944830 ,1104.000000 ,1.000000
2961.900000 ,3621348.876683 ,1105.000000 ,1.000000
2963.300000 ,3621348.399656 ,1106.000000 ,1.000000
2964.700000 ,3621348.740389 ,1107.000000 ,1.000000
2966.100000 ,3621443.495196 ,1108.000000 ,0.000000
2967.500000 ,3621348.672243 ,1109.000000 ,1.000000
2971.700000 ,3621348.672243 ,1110.000000 ,1.000000
2973.100000 ,3621348.331509 ,1111.000000 ,1.000000
2974.500000 ,3621348.740389 ,1112.000000 ,1.000000
2974.500000 ,3621348.195216 ,1113.000000 ,1.000000
2977.300000 ,3621348.331509 ,1114.000000 ,1.000000
2978.700000 ,3621347.854482 ,1115.000000 ,1.000000
2982.900000 ,3621495.935196 ,1116.000000 ,0.000000
2982.900000 ,3621348.467803 ,1117.000000 ,1.000000
2982.900000 ,3621347.650042 ,1118.000000 ,1.000000
2985.700000 ,3621347.718188 ,1119.000000 ,1.000000
2987.100000 ,3621347.445601 ,1120.000000 ,1.000000
2989.900000 ,3621347.922629 ,1121.000000 ,1.000000
2991.300000 ,3621347.990775 ,1122.000000 ,1.000000
2992.700000 ,3621347.241161 ,1123.000000 ,1.000000
2995.500000 ,3621347.718188 ,1124.000000 ,1.000000
2996.900000 ,3621347.990775 ,1125.000000 ,1.000000
3006.700000 ,3621346.968574 ,1126.000000 ,1.000000
3008.100000 ,3621347.581895 ,1127.000000 ,1.000000
3022.100000 ,3621346.968574 ,1128.000000 ,1.000000
3027.700000 ,3621346.559694 ,1129.000000 ,1.000000
3030.500000 ,3621495.815196 ,1130.000000 ,0.000000
3030.500000 ,3621346.287107 ,1131.000000 ,1.000000
3033.300000 ,3621346.695987 ,1132.000000 ,1.000000
3034.700000 ,3621524.795196 ,1133.000000 ,0.000000
3034.700000 ,3621346.695987 ,1134.000000 ,1.000000
3034.700000 ,3621346.218960 ,1135.000000 ,1.000000
3036.100000 ,3621346.287107 ,1136.000000 ,1.000000
3038.900000 ,3621346.491547 ,1137.000000 ,1.000000
3041.700000 ,3621346.491547 ,1138.000000 ,1.000000
3043.100000 ,3621346.355254 ,1139.000000 ,1.000000
3048.700000 ,3621346.218960 ,1140.000000 ,1.000000
3048.700000 ,3621345.413250 ,1141.000000 ,1.000000
3052.900000 ,3621344.836125 ,1142.000000 ,1.000000
3061.300000 ,3621345.019500 ,1143.000000 ,1.000000
3062.700000 ,3621346.140000 ,1144.000000 ,1.000000
3064.100000 ,3621345.413250 ,1145.000000 ,1.000000
3064.100000 ,3621344.928750 ,1146.000000 ,1.000000
3068.300000 ,3621345.019500 ,1147.000000 ,1.000000
3075.300000 ,3621344.836125 ,1148.000000 ,1.000000
3080.900000 ,3621344.879583 ,1149.000000 ,1.000000
3085.100000 ,3621344.879583 ,1150.000000 ,1.000000
3086.500000 ,3621345.116531 ,1151.000000 ,1.000000
3087.900000 ,3621344.635705 ,1152.000000 ,1.000000
3089.300000 ,3621345.116531 ,1153.000000 ,1.000000
3090.700000 ,3621345.436813 ,1154.000000 ,1.000000
3090.700000 ,3621344.796250 ,1155.000000 ,1.000000
3092.100000 ,3621345.019500 ,1156.000000 ,1.000000
3093.500000 ,3621344.796250 ,1157.000000 ,1.000000
3094.900000 ,3621344.796250 ,1158.000000 ,1.000000
3100.500000 ,3621346.077375 ,1159.000000 ,1.000000
3101.900000 ,3621344.884667 ,1160.000000 ,1.000000
3103.300000 ,3621345.475625 ,1161.000000 ,1.000000
3104.700000 ,3621345.757094 ,1162.000000 ,1.000000
3104.700000 ,3621345.116531 ,1163.000000 ,1.000000
3106.100000 ,3621451.175196 ,1164.000000 ,0.000000
3107.500000 ,3621344.884667 ,1165.000000 ,1.000000
3113.100000 ,3621346.077375 ,1166.000000 ,1.000000
3114.500000 ,3621345.757094 ,1167.000000 ,1.000000
3115.900000 ,3621346.077375 ,1168.000000 ,1.000000
3117.300000 ,3621345.116531 ,1169.000000 ,1.000000
3118.700000 ,3621345.116531 ,1170.000000 ,1.000000
3122.900000 ,3621344.578396 ,1171.000000 ,1.000000
3160.700000 ,3621409.235196 ,1172.000000 ,0.000000
3206.900000 ,3621508.535196 ,1173.000000 ,0.000000
3251.700000 ,3621243.035196 ,1174.000000 ,0.000000
3251.700000 ,3621316.955196 ,1175.000000 ,0.000000
3265.700000 ,3621497.795196 ,1176.000000 ,0.000000
3267.100000 ,3621251.735196 ,1177.000000 ,0.000000
3313.300000 ,3621476.255196 ,1178.000000 ,0.000000
3316.100000 ,3621307.415196 ,1179.000000 ,0.000000
3338.500000 ,3621318.995196 ,1180.000000 ,0.000000
3353.900000 ,3621374.975196 ,1181.000000 ,0.000000
3381.900000 ,3621514.835196 ,1182.000000 ,0.000000
3390.300000 ,3621276.035196 ,1183.000000 ,0.000000
3402.900000 ,3621470.915196 ,1184.000000 ,0.000000
3426.700000 ,3621422.255196 ,1185.000000 ,0.000000
3474.300000 ,3621446.855196 ,1186.000000 ,0.000000
3521.900000 ,3621448.955196 ,1187.000000 ,0.000000
3521.900000 ,3621460.715196 ,1188.000000 ,0.000000
3533.100000 ,3621352.235196 ,1189.000000 ,0.000000
3562.500000 ,3621445.715196 ,1190.000000 ,0.000000
3565.300000 ,3621323.675196 ,1191.000000 ,0.000000
3591.900000 ,3621518.435196 ,1192.000000 ,0.000000
3593.300000 ,3621380.615196 ,1193.000000 ,0.000000
3605.900000 ,3621439.835196 ,1194.000000 ,0.000000
3612.900000 ,3621361.775196 ,1195.000000 ,0.000000
3628.300000 ,3621270.695196 ,1196.000000 ,0.000000
3649.300000 ,3621446.915196 ,1197.000000 ,0.000000
3660.500000 ,3621416.315196 ,1198.000000 ,0.000000
3664.700000 ,3621526.595196 ,1199.000000 ,0.000000
3666.100000 ,3621531.215196 ,1200.000000 ,0.000000
3678.700000 ,3621404.075196 ,1201.000000 ,0.000000
3694.100000 ,3621257.195196 ,1202.000000 ,0.000000
3696.900000 ,3621521.675196 ,1203.000000 ,0.000000
3699.700000 ,3621369.935196 ,1204.000000 ,0.000000
3738.900000 ,3621288.275196 ,1205.000000 ,0.000000
3764.100000 ,3621331.175196 ,1206.000000 ,0.000000
3860.700000 ,3621297.995196 ,1207.000000 ,0.000000
3883.100000 ,3621504.095196 ,1208.000000 ,0.000000
3913.900000 ,3621324.935196 ,1209.000000 ,0.000000
3930.700000 ,3621416.915196 ,1210.000000 ,0.000000
3979.700000 ,3621372.995196 ,1211.000000 ,0.000000
3985.300000 ,3621413.915196 ,1212.000000 ,0.000000
3986.700000 ,3621372.395196 ,1213.000000 ,0.000000
4027.300000 ,3621494.555196 ,1214.000000 ,0.000000
4044.100000 ,3621464.615196 ,1215.000000 ,0.000000
4048.300000 ,3621290.015196 ,1216.000000 ,0.000000
4062.300000 ,3621376.955196 ,1217.000000 ,0.000000
4066.500000 ,3621251.495196 ,1218.000000 ,0.000000
4081.900000 ,3621416.915196 ,1219.000000 ,0.000000
4088.900000 ,3621416.135196 ,1220.000000 ,0.000000
4160.300000 ,3621491.795196 ,1221.000000 ,0.000000
4206.500000 ,3621357.275196 ,1222.000000 ,0.000000
4228.900000 ,3621333.695196 ,1223.000000 ,0.000000
4238.700000 ,3621259.355196 ,1224.000000 ,0.000000
4254.100000 ,3621374.015196 ,1225.000000 ,0.000000
4255.500000 ,3621451.775196 ,1226.000000 ,0.000000
4294.700000 ,3621263.675196 ,1227.000000 ,0.000000
4326.900000 ,3621363.935196 ,1228.000000 ,0.000000
4332.500000 ,3621364.355196 ,1229.000000 ,0.000000
4343.700000 ,3621398.375196 ,1230.000000 ,0.000000
4350.700000 ,3621316.055196 ,1231.000000 ,0.000000
4366.100000 ,3621270.335196 ,1232.000000 ,0.000000
4384.300000 ,3621240.995196 ,1233.000000 ,0.000000
4423.500000 ,3621259.835196 ,1234.000000 ,0.000000
4455.700000 ,3621424.775196 ,1235.000000 ,0.000000
4459.900000 ,3621404.555196 ,1236.000000 ,0.000000
4486.500000 ,3621311.135196 ,1237.000000 ,0.000000
4515.900000 ,3621243.755196 ,1238.000000 ,0.000000
4549.500000 ,3621350.075196 ,1239.000000 ,0.000000
4549.500000 ,3621503.015196 ,1240.000000 ,0.000000
4584.500000 ,3621488.735196 ,1241.000000 ,0.000000
4587.300000 ,3621520.295196 ,1242.000000 ,0.000000
4609.700000 ,3621310.655196 ,1243.000000 ,0.000000
4619.500000 ,3621324.695196 ,1244.000000 ,0.000000
4650.300000 ,3621288.035196 ,1245.000000 ,0.000000
4662.900000 ,3621273.095196 ,1246.000000 ,0.000000
4662.900000 ,3621338.915196 ,1247.000000 ,0.000000
4725.900000 ,3621352.895196 ,1248.000000 ,0.000000
4758.100000 ,3621396.815196 ,1249.000000 ,0.000000
4833.700000 ,3621272.795196 ,1250.000000 ,0.000000
4837.900000 ,3621431.975196 ,1251.000000 ,0.000000
4853.300000 ,3621265.715196 ,1252.000000 ,0.000000
4867.300000 ,3621390.635196 ,1253.000000 ,0.000000
4875.700000 ,3621363.335196 ,1254.000000 ,0.000000
4916.300000 ,3621482.915196 ,1255.000000 ,0.000000
4938.700000 ,3621338.855196 ,1256.000000 ,0.000000
4940.100000 ,3621254.615196 ,1257.000000 ,0.000000
4973.700000 ,3621350.255196 ,1258.000000 ,0.000000
4973.700000 ,3621509.255196 ,1259.000000 ,0.000000
4976.500000 ,3621398.975196 ,1260.000000 ,0.000000
