13.500000 ,3621524.376846 ,1.000000 ,1.000000
16.300000 ,3621524.289692 ,2.000000 ,1.000000
24.700000 ,3621523.897500 ,3.000000 ,1.000000
24.700000 ,3621466.768125 ,4.000000 ,0.000000
26.100000 ,3621524.115385 ,5.000000 ,1.000000
27.500000 ,3621427.588125 ,6.000000 ,0.000000
27.500000 ,3621511.588125 ,7.000000 ,0.000000
31.700000 ,3621524.081750 ,8.000000 ,1.000000
33.100000 ,3621523.510250 ,9.000000 ,1.000000
34.500000 ,3621523.858250 ,10.000000 ,1.000000
35.900000 ,3621524.081750 ,11.000000 ,1.000000
44.300000 ,3621524.081750 ,12.000000 ,1.000000
47.100000 ,3621523.746500 ,13.000000 ,1.000000
49.900000 ,3621523.319750 ,14.000000 ,1.000000
51.300000 ,3621523.700750 ,15.000000 ,1.000000
54.100000 ,3621405.868125 ,16.000000 ,0.000000
54.100000 ,3621523.319750 ,17.000000 ,1.000000
55.500000 ,3621523.319750 ,18.000000 ,1.000000
58.300000 ,3621523.510250 ,19.000000 ,1.000000
61.100000 ,3621523.319750 ,20.000000 ,1.000000
61.100000 ,3621526.888125 ,21.000000 ,0.000000
69.500000 ,3621523.251301 ,22.000000 ,1.000000
73.700000 ,3621523.263506 ,23.000000 ,1.000000
77.900000 ,3621475.408125 ,24.000000 ,0.000000
80.700000 ,3621523.281814 ,25.000000 ,1.000000
82.100000 ,3621368.788125 ,26.000000 ,0.000000
82.100000 ,3621523.287917 ,27.000000 ,1.000000
83.500000 ,3621523.294019 ,28.000000 ,1.000000
90.500000 ,3621523.312327 ,29.000000 ,1.000000
93.300000 ,3621523.324532 ,30.000000 ,1.000000
97.500000 ,3621523.336737 ,31.000000 ,1.000000
98.900000 ,3621523.336737 ,32.000000 ,1.000000
101.700000 ,3621523.348942 ,33.000000 ,1.000000
103.100000 ,3621523.348942 ,34.000000 ,1.000000
104.500000 ,3621523.355045 ,35.000000 ,1.000000
114.300000 ,3621386.308125 ,36.000000 ,0.000000
117.100000 ,3621561.208125 ,37.000000 ,0.000000
118.500000 ,3621523.397763 ,38.000000 ,1.000000
119.900000 ,3621523.403865 ,39.000000 ,1.000000
124.100000 ,3621523.416071 ,40.000000 ,1.000000
126.900000 ,3621523.422173 ,41.000000 ,1.000000
129.700000 ,3621523.434378 ,42.000000 ,1.000000
133.900000 ,3621523.446583 ,43.000000 ,1.000000
136.700000 ,3621523.452686 ,44.000000 ,1.000000
139.500000 ,3621523.464891 ,45.000000 ,1.000000
142.300000 ,3621555.928125 ,46.000000 ,0.000000
149.300000 ,3621523.495404 ,47.000000 ,1.000000
150.700000 ,3621523.495404 ,48.000000 ,1.000000
153.500000 ,3621523.507609 ,49.000000 ,1.000000
157.700000 ,3621523.519814 ,50.000000 ,1.000000
159.100000 ,3621523.519814 ,51.000000 ,1.000000
160.500000 ,3621523.525917 ,52.000000 ,1.000000
164.700000 ,3621523.538122 ,53.000000 ,1.000000
164.700000 ,3621425.908125 ,54.000000 ,0.000000
166.100000 ,3621523.544224 ,55.000000 ,1.000000
167.500000 ,3621523.550327 ,56.000000 ,1.000000
173.100000 ,3621523.562532 ,57.000000 ,1.000000
177.300000 ,3621523.580840 ,58.000000 ,1.000000
180.100000 ,3621523.586942 ,59.000000 ,1.000000
181.500000 ,3621523.593045 ,60.000000 ,1.000000
194.100000 ,3621523.605250 ,61.000000 ,1.000000
202.500000 ,3621338.188125 ,62.000000 ,0.000000
203.900000 ,3621523.605250 ,63.000000 ,1.000000
209.500000 ,3621523.605250 ,64.000000 ,1.000000
212.300000 ,3621523.605250 ,65.000000 ,1.000000
213.700000 ,3621523.605250 ,66.000000 ,1.000000
216.500000 ,3621523.605250 ,67.000000 ,1.000000
219.300000 ,3621523.605250 ,68.000000 ,1.000000
222.100000 ,3621523.580938 ,69.000000 ,1.000000
224.900000 ,3621559.468125 ,70.000000 ,0.000000
226.300000 ,3621523.508000 ,71.000000 ,1.000000
227.700000 ,3621523.459375 ,72.000000 ,1.000000
230.500000 ,3621523.459375 ,73.000000 ,1.000000
230.500000 ,3621510.748125 ,74.000000 ,0.000000
234.700000 ,3621454.168125 ,75.000000 ,0.000000
236.100000 ,3621540.988125 ,76.000000 ,0.000000
237.500000 ,3621355.228125 ,77.000000 ,0.000000
237.500000 ,3621523.386437 ,78.000000 ,1.000000
240.300000 ,3621523.337813 ,79.000000 ,1.000000
241.700000 ,3621522.827873 ,80.000000 ,1.000000
243.100000 ,3621523.216250 ,81.000000 ,1.000000
247.300000 ,3621522.870750 ,82.000000 ,1.000000
248.700000 ,3621523.240562 ,83.000000 ,1.000000
250.100000 ,3621522.870750 ,84.000000 ,1.000000
251.500000 ,3621522.784996 ,85.000000 ,1.000000
254.300000 ,3621522.870750 ,86.000000 ,1.000000
255.700000 ,3621522.742119 ,87.000000 ,1.000000
258.500000 ,3621522.827873 ,88.000000 ,1.000000
258.500000 ,3621519.928125 ,89.000000 ,0.000000
259.900000 ,3621522.827873 ,90.000000 ,1.000000
266.900000 ,3621522.656365 ,91.000000 ,1.000000
269.700000 ,3621522.270473 ,92.000000 ,1.000000
272.500000 ,3621522.527735 ,93.000000 ,1.000000
275.300000 ,3621522.356227 ,94.000000 ,1.000000
276.700000 ,3621522.441981 ,95.000000 ,1.000000
276.700000 ,3621479.548125 ,96.000000 ,0.000000
278.100000 ,3621522.441981 ,97.000000 ,1.000000
279.500000 ,3621522.399104 ,98.000000 ,1.000000
282.300000 ,3621522.227596 ,99.000000 ,1.000000
286.500000 ,3621522.098965 ,100.000000 ,1.000000
287.900000 ,3621521.841704 ,101.000000 ,1.000000
292.100000 ,3621522.141842 ,102.000000 ,1.000000
292.100000 ,3621594.868125 ,103.000000 ,0.000000
294.900000 ,3621522.056088 ,104.000000 ,1.000000
296.300000 ,3621521.755950 ,105.000000 ,1.000000
297.700000 ,3621522.013212 ,106.000000 ,1.000000
301.900000 ,3621521.927458 ,107.000000 ,1.000000
301.900000 ,3621590.308125 ,108.000000 ,0.000000
306.100000 ,3621521.798827 ,109.000000 ,1.000000
310.300000 ,3621521.713073 ,110.000000 ,1.000000
311.700000 ,3621521.713073 ,111.000000 ,1.000000
313.100000 ,3621401.908125 ,112.000000 ,0.000000
314.500000 ,3621521.584442 ,113.000000 ,1.000000
318.700000 ,3621439.468125 ,114.000000 ,0.000000
320.100000 ,3621521.241427 ,115.000000 ,1.000000
322.900000 ,3621521.241427 ,116.000000 ,1.000000
322.900000 ,3621442.648125 ,117.000000 ,0.000000
327.100000 ,3621521.155673 ,118.000000 ,1.000000
332.700000 ,3621521.069919 ,119.000000 ,1.000000
334.100000 ,3621521.241427 ,120.000000 ,1.000000
336.900000 ,3621521.155673 ,121.000000 ,1.000000
343.900000 ,3621520.512519 ,122.000000 ,1.000000
345.300000 ,3621520.984165 ,123.000000 ,1.000000
345.300000 ,3621542.488125 ,124.000000 ,0.000000
349.500000 ,3621520.512519 ,125.000000 ,1.000000
353.700000 ,3621520.812658 ,126.000000 ,1.000000
355.100000 ,3621520.769781 ,127.000000 ,1.000000
355.100000 ,3621520.383888 ,128.000000 ,1.000000
356.500000 ,3621520.512519 ,129.000000 ,1.000000
356.500000 ,3621564.748125 ,130.000000 ,0.000000
357.900000 ,3621520.641150 ,131.000000 ,1.000000
363.500000 ,3621520.598273 ,132.000000 ,1.000000
364.900000 ,3621520.512519 ,133.000000 ,1.000000
367.700000 ,3621520.212381 ,134.000000 ,1.000000
371.900000 ,3621520.632321 ,135.000000 ,1.000000
373.300000 ,3621520.708036 ,136.000000 ,1.000000
373.300000 ,3621458.308125 ,137.000000 ,0.000000
380.300000 ,3621520.405179 ,138.000000 ,1.000000
384.500000 ,3621520.822375 ,139.000000 ,1.000000
384.500000 ,3621520.405179 ,140.000000 ,1.000000
387.300000 ,3621585.268125 ,141.000000 ,0.000000
391.500000 ,3621521.078688 ,142.000000 ,1.000000
391.500000 ,3621520.632321 ,143.000000 ,1.000000
392.900000 ,3621520.915125 ,144.000000 ,1.000000
394.300000 ,3621520.708036 ,145.000000 ,1.000000
395.700000 ,3621521.078688 ,146.000000 ,1.000000
397.100000 ,3621520.788208 ,147.000000 ,1.000000
401.300000 ,3621521.078688 ,148.000000 ,1.000000
402.700000 ,3621520.788208 ,149.000000 ,1.000000
404.100000 ,3621411.268125 ,150.000000 ,0.000000
409.700000 ,3621520.075500 ,151.000000 ,1.000000
412.500000 ,3621521.078688 ,152.000000 ,1.000000
413.900000 ,3621520.545304 ,153.000000 ,1.000000
415.300000 ,3621521.078688 ,154.000000 ,1.000000
416.700000 ,3621521.078688 ,155.000000 ,1.000000
419.500000 ,3621546.808125 ,156.000000 ,0.000000
420.900000 ,3621391.768125 ,157.000000 ,0.000000
423.700000 ,3621520.484786 ,158.000000 ,1.000000
425.100000 ,3621521.823625 ,159.000000 ,1.000000
426.500000 ,3621520.787375 ,160.000000 ,1.000000
427.900000 ,3621521.045250 ,161.000000 ,1.000000
434.900000 ,3621521.057278 ,162.000000 ,1.000000
436.300000 ,3621444.688125 ,163.000000 ,0.000000
439.100000 ,3621522.109750 ,164.000000 ,1.000000
440.500000 ,3621522.109750 ,165.000000 ,1.000000
441.900000 ,3621522.109750 ,166.000000 ,1.000000
441.900000 ,3621520.864806 ,167.000000 ,1.000000
443.300000 ,3621445.648125 ,168.000000 ,0.000000
443.300000 ,3621605.248125 ,169.000000 ,0.000000
444.700000 ,3621521.714000 ,170.000000 ,1.000000
446.100000 ,3621521.344500 ,171.000000 ,1.000000
448.900000 ,3621521.597750 ,172.000000 ,1.000000
451.700000 ,3621343.708125 ,173.000000 ,0.000000
451.700000 ,3621521.249750 ,174.000000 ,1.000000
460.100000 ,3621521.749250 ,175.000000 ,1.000000
461.500000 ,3621521.610250 ,176.000000 ,1.000000
462.900000 ,3621521.610250 ,177.000000 ,1.000000
468.500000 ,3621521.451974 ,178.000000 ,1.000000
474.100000 ,3621521.802250 ,179.000000 ,1.000000
476.900000 ,3621521.703000 ,180.000000 ,1.000000
483.900000 ,3621521.451974 ,181.000000 ,1.000000
483.900000 ,3621520.698895 ,182.000000 ,1.000000
490.900000 ,3621521.703000 ,183.000000 ,1.000000
492.300000 ,3621521.703000 ,184.000000 ,1.000000
492.300000 ,3621520.824408 ,185.000000 ,1.000000
493.700000 ,3621521.328500 ,186.000000 ,1.000000
496.500000 ,3621352.348125 ,187.000000 ,0.000000
497.900000 ,3621521.075434 ,188.000000 ,1.000000
497.900000 ,3621520.322355 ,189.000000 ,1.000000
499.300000 ,3621519.945816 ,190.000000 ,1.000000
500.700000 ,3621521.075434 ,191.000000 ,1.000000
502.100000 ,3621520.698895 ,192.000000 ,1.000000
504.900000 ,3621540.388125 ,193.000000 ,0.000000
506.300000 ,3621520.698895 ,194.000000 ,1.000000
506.300000 ,3621520.196842 ,195.000000 ,1.000000
510.500000 ,3621519.820303 ,196.000000 ,1.000000
511.900000 ,3621519.820303 ,197.000000 ,1.000000
518.900000 ,3621519.820303 ,198.000000 ,1.000000
520.300000 ,3621519.097750 ,199.000000 ,1.000000
523.100000 ,3621512.248125 ,200.000000 ,0.000000
524.500000 ,3621519.443763 ,201.000000 ,1.000000
525.900000 ,3621518.888125 ,202.000000 ,1.000000
528.700000 ,3621394.168125 ,203.000000 ,0.000000
532.900000 ,3621519.097750 ,204.000000 ,1.000000
534.300000 ,3621519.275000 ,205.000000 ,1.000000
538.500000 ,3621424.528125 ,206.000000 ,0.000000
542.700000 ,3621518.946833 ,207.000000 ,1.000000
555.300000 ,3621518.946833 ,208.000000 ,1.000000
558.100000 ,3621518.525250 ,209.000000 ,1.000000
559.500000 ,3621518.558583 ,210.000000 ,1.000000
566.500000 ,3621518.634417 ,211.000000 ,1.000000
567.900000 ,3621518.558583 ,212.000000 ,1.000000
570.700000 ,3621518.482750 ,213.000000 ,1.000000
573.500000 ,3621518.482750 ,214.000000 ,1.000000
576.300000 ,3621517.676563 ,215.000000 ,1.000000
577.700000 ,3621518.331083 ,216.000000 ,1.000000
579.100000 ,3621518.482750 ,217.000000 ,1.000000
581.900000 ,3621514.888125 ,218.000000 ,0.000000
584.700000 ,3621517.676563 ,219.000000 ,1.000000
587.500000 ,3621517.676563 ,220.000000 ,1.000000
588.900000 ,3621517.676563 ,221.000000 ,1.000000
590.300000 ,3621517.676563 ,222.000000 ,1.000000
591.700000 ,3621517.676563 ,223.000000 ,1.000000
595.900000 ,3621517.676563 ,224.000000 ,1.000000
597.300000 ,3621517.372409 ,225.000000 ,1.000000
598.700000 ,3621541.168125 ,226.000000 ,0.000000
604.300000 ,3621517.253150 ,227.000000 ,1.000000
607.100000 ,3621517.505591 ,228.000000 ,1.000000
612.700000 ,3621517.425682 ,229.000000 ,1.000000
612.700000 ,3621516.937625 ,230.000000 ,1.000000
616.900000 ,3621517.016000 ,231.000000 ,1.000000
618.300000 ,3621516.624125 ,232.000000 ,1.000000
619.700000 ,3621370.348125 ,233.000000 ,0.000000
619.700000 ,3621516.780875 ,234.000000 ,1.000000
623.900000 ,3621516.624125 ,235.000000 ,1.000000
626.700000 ,3621517.253150 ,236.000000 ,1.000000
628.100000 ,3621310.948125 ,237.000000 ,0.000000
629.500000 ,3621446.488125 ,238.000000 ,0.000000
630.900000 ,3621516.780875 ,239.000000 ,1.000000
632.300000 ,3621517.949500 ,240.000000 ,1.000000
637.900000 ,3621596.188125 ,241.000000 ,0.000000
640.700000 ,3621516.624125 ,242.000000 ,1.000000
640.700000 ,3621433.168125 ,243.000000 ,0.000000
650.500000 ,3621327.748125 ,244.000000 ,0.000000
653.300000 ,3621518.554000 ,245.000000 ,1.000000
654.700000 ,3621515.955563 ,246.000000 ,1.000000
656.100000 ,3621518.086125 ,247.000000 ,1.000000
657.500000 ,3621514.590750 ,248.000000 ,1.000000
660.300000 ,3621517.949500 ,249.000000 ,1.000000
663.100000 ,3621518.086125 ,250.000000 ,1.000000
664.500000 ,3621517.883875 ,251.000000 ,1.000000
674.300000 ,3621518.061750 ,252.000000 ,1.000000
675.700000 ,3621517.330500 ,253.000000 ,1.000000
678.500000 ,3621517.411750 ,254.000000 ,1.000000
678.500000 ,3621515.955563 ,255.000000 ,1.000000
681.300000 ,3621414.208125 ,256.000000 ,0.000000
682.700000 ,3621517.411750 ,257.000000 ,1.000000
684.100000 ,3621517.127375 ,258.000000 ,1.000000
695.300000 ,3621517.289875 ,259.000000 ,1.000000
699.500000 ,3621516.964875 ,260.000000 ,1.000000
705.100000 ,3621517.086750 ,261.000000 ,1.000000
707.900000 ,3621515.161250 ,262.000000 ,1.000000
709.300000 ,3621516.263125 ,263.000000 ,1.000000
712.100000 ,3621516.266000 ,264.000000 ,1.000000
712.100000 ,3621514.821750 ,265.000000 ,1.000000
719.100000 ,3621516.473750 ,266.000000 ,1.000000
719.100000 ,3621515.822375 ,267.000000 ,1.000000
721.900000 ,3621516.473750 ,268.000000 ,1.000000
723.300000 ,3621516.473750 ,269.000000 ,1.000000
724.700000 ,3621516.473750 ,270.000000 ,1.000000
727.500000 ,3621515.381625 ,271.000000 ,1.000000
728.900000 ,3621515.666000 ,272.000000 ,1.000000
730.300000 ,3621424.168125 ,273.000000 ,0.000000
730.300000 ,3621567.448125 ,274.000000 ,0.000000
734.500000 ,3621515.666000 ,275.000000 ,1.000000
738.700000 ,3621515.296375 ,276.000000 ,1.000000
740.100000 ,3621515.545917 ,277.000000 ,1.000000
745.700000 ,3621515.545917 ,278.000000 ,1.000000
748.500000 ,3621516.285000 ,279.000000 ,1.000000
749.900000 ,3621501.928125 ,280.000000 ,0.000000
755.500000 ,3621515.644250 ,281.000000 ,1.000000
756.900000 ,3621514.733000 ,282.000000 ,1.000000
758.300000 ,3621515.644250 ,283.000000 ,1.000000
762.500000 ,3621515.163083 ,284.000000 ,1.000000
770.900000 ,3621514.733000 ,285.000000 ,1.000000
777.900000 ,3621514.733000 ,286.000000 ,1.000000
779.300000 ,3621514.690083 ,287.000000 ,1.000000
780.700000 ,3621514.108429 ,288.000000 ,1.000000
782.100000 ,3621514.647167 ,289.000000 ,1.000000
783.500000 ,3621514.108429 ,290.000000 ,1.000000
784.900000 ,3621514.349500 ,291.000000 ,1.000000
789.100000 ,3621514.349500 ,292.000000 ,1.000000
793.300000 ,3621514.349500 ,293.000000 ,1.000000
793.300000 ,3621513.815750 ,294.000000 ,1.000000
798.900000 ,3621514.108429 ,295.000000 ,1.000000
800.300000 ,3621513.914500 ,296.000000 ,1.000000
801.700000 ,3621514.108429 ,297.000000 ,1.000000
803.100000 ,3621514.616375 ,298.000000 ,1.000000
805.900000 ,3621513.872675 ,299.000000 ,1.000000
810.100000 ,3621473.368125 ,300.000000 ,0.000000
814.300000 ,3621514.082625 ,301.000000 ,1.000000
815.700000 ,3621514.082625 ,302.000000 ,1.000000
817.100000 ,3621513.276750 ,303.000000 ,1.000000
821.300000 ,3621500.968125 ,304.000000 ,0.000000
825.500000 ,3621371.968125 ,305.000000 ,0.000000
826.900000 ,3621513.872675 ,306.000000 ,1.000000
828.300000 ,3621514.046000 ,307.000000 ,1.000000
829.700000 ,3621513.872675 ,308.000000 ,1.000000
833.900000 ,3621513.872675 ,309.000000 ,1.000000
835.300000 ,3621513.966250 ,310.000000 ,1.000000
838.100000 ,3621513.810625 ,311.000000 ,1.000000
839.500000 ,3621514.166900 ,312.000000 ,1.000000
842.300000 ,3621541.228125 ,313.000000 ,0.000000
843.700000 ,3621514.046000 ,314.000000 ,1.000000
845.100000 ,3621401.188125 ,315.000000 ,0.000000
845.100000 ,3621513.810625 ,316.000000 ,1.000000
845.100000 ,3621513.276750 ,317.000000 ,1.000000
847.900000 ,3621513.966250 ,318.000000 ,1.000000
849.300000 ,3621513.276750 ,319.000000 ,1.000000
852.100000 ,3621513.810625 ,320.000000 ,1.000000
853.500000 ,3621511.848000 ,321.000000 ,1.000000
857.700000 ,3621427.048125 ,322.000000 ,0.000000
860.500000 ,3621514.648000 ,323.000000 ,1.000000
863.300000 ,3621563.128125 ,324.000000 ,0.000000
864.700000 ,3621514.166900 ,325.000000 ,1.000000
875.900000 ,3621512.736750 ,326.000000 ,1.000000
875.900000 ,3621512.315250 ,327.000000 ,1.000000
884.300000 ,3621512.736750 ,328.000000 ,1.000000
887.100000 ,3621517.108125 ,329.000000 ,0.000000
888.500000 ,3621512.681750 ,330.000000 ,1.000000
889.900000 ,3621512.736750 ,331.000000 ,1.000000
895.500000 ,3621512.161500 ,332.000000 ,1.000000
898.300000 ,3621512.379000 ,333.000000 ,1.000000
899.700000 ,3621511.756000 ,334.000000 ,1.000000
902.500000 ,3621512.591750 ,335.000000 ,1.000000
903.900000 ,3621512.736750 ,336.000000 ,1.000000
903.900000 ,3621491.608125 ,337.000000 ,0.000000
905.300000 ,3621512.894000 ,338.000000 ,1.000000
906.700000 ,3621512.089375 ,339.000000 ,1.000000
908.100000 ,3621512.379000 ,340.000000 ,1.000000
909.500000 ,3621512.379000 ,341.000000 ,1.000000
913.700000 ,3621511.987250 ,342.000000 ,1.000000
915.100000 ,3621486.388125 ,343.000000 ,0.000000
917.900000 ,3621550.948125 ,344.000000 ,0.000000
919.300000 ,3621512.379000 ,345.000000 ,1.000000
924.900000 ,3621511.828893 ,346.000000 ,1.000000
927.700000 ,3621512.379000 ,347.000000 ,1.000000
931.900000 ,3621512.220250 ,348.000000 ,1.000000
931.900000 ,3621473.728125 ,349.000000 ,0.000000
931.900000 ,3621598.768125 ,350.000000 ,0.000000
933.300000 ,3621511.046179 ,351.000000 ,1.000000
937.500000 ,3621512.089375 ,352.000000 ,1.000000
938.900000 ,3621511.437536 ,353.000000 ,1.000000
940.300000 ,3621483.268125 ,354.000000 ,0.000000
950.100000 ,3621511.241857 ,355.000000 ,1.000000
952.900000 ,3621328.408125 ,356.000000 ,0.000000
955.700000 ,3621511.176500 ,357.000000 ,1.000000
957.100000 ,3621511.176500 ,358.000000 ,1.000000
964.100000 ,3621511.176500 ,359.000000 ,1.000000
968.300000 ,3621511.176500 ,360.000000 ,1.000000
968.300000 ,3621524.788125 ,361.000000 ,0.000000
972.500000 ,3621510.765458 ,362.000000 ,1.000000
975.300000 ,3621509.943375 ,363.000000 ,1.000000
976.700000 ,3621509.294531 ,364.000000 ,1.000000
978.100000 ,3621509.943375 ,365.000000 ,1.000000
987.900000 ,3621509.656859 ,366.000000 ,1.000000
989.300000 ,3621509.943375 ,367.000000 ,1.000000
993.500000 ,3621509.656859 ,368.000000 ,1.000000
997.700000 ,3621509.113367 ,369.000000 ,1.000000
1000.500000 ,3621510.743844 ,370.000000 ,1.000000
1003.300000 ,3621510.925008 ,371.000000 ,1.000000
1008.900000 ,3621511.468500 ,372.000000 ,1.000000
1014.500000 ,3621510.381516 ,373.000000 ,1.000000
1017.300000 ,3621510.760900 ,374.000000 ,1.000000
1025.700000 ,3621511.106172 ,375.000000 ,1.000000
1027.100000 ,3621510.486250 ,376.000000 ,1.000000
1028.500000 ,3621511.037600 ,377.000000 ,1.000000
1032.700000 ,3621479.008125 ,378.000000 ,0.000000
1035.500000 ,3621510.793500 ,379.000000 ,1.000000
1038.300000 ,3621510.868667 ,380.000000 ,1.000000
1041.100000 ,3621510.657268 ,381.000000 ,1.000000
1041.100000 ,3621509.696083 ,382.000000 ,1.000000
1048.100000 ,3621510.425812 ,383.000000 ,1.000000
1049.500000 ,3621508.711250 ,384.000000 ,1.000000
1053.700000 ,3621508.711250 ,385.000000 ,1.000000
1060.700000 ,3621319.828125 ,386.000000 ,0.000000
1060.700000 ,3621509.752875 ,387.000000 ,1.000000
1063.500000 ,3621508.797550 ,388.000000 ,1.000000
1067.700000 ,3621509.239500 ,389.000000 ,1.000000
1070.500000 ,3621509.239500 ,390.000000 ,1.000000
1078.900000 ,3621508.797550 ,391.000000 ,1.000000
1081.700000 ,3621508.797550 ,392.000000 ,1.000000
1081.700000 ,3621527.428125 ,393.000000 ,0.000000
1083.100000 ,3621508.999000 ,394.000000 ,1.000000
1084.500000 ,3621508.797550 ,395.000000 ,1.000000
1088.700000 ,3621508.653750 ,396.000000 ,1.000000
1090.100000 ,3621508.653750 ,397.000000 ,1.000000
1092.900000 ,3621508.797550 ,398.000000 ,1.000000
1094.300000 ,3621509.503500 ,399.000000 ,1.000000
1095.700000 ,3621374.908125 ,400.000000 ,0.000000
1095.700000 ,3621420.268125 ,401.000000 ,0.000000
1095.700000 ,3621509.216625 ,402.000000 ,1.000000
1097.100000 ,3621509.122802 ,403.000000 ,1.000000
1099.900000 ,3621509.328000 ,404.000000 ,1.000000
1104.100000 ,3621509.176125 ,405.000000 ,1.000000
1105.500000 ,3621490.468125 ,406.000000 ,0.000000
1111.100000 ,3621509.176125 ,407.000000 ,1.000000
1112.500000 ,3621509.216625 ,408.000000 ,1.000000
1116.700000 ,3621509.328000 ,409.000000 ,1.000000
1119.500000 ,3621507.481219 ,410.000000 ,1.000000
1123.700000 ,3621508.507208 ,411.000000 ,1.000000
1123.700000 ,3621507.276021 ,412.000000 ,1.000000
1126.500000 ,3621508.302010 ,413.000000 ,1.000000
1126.500000 ,3621507.481219 ,414.000000 ,1.000000
1127.900000 ,3621506.044833 ,415.000000 ,1.000000
1130.700000 ,3621506.250031 ,416.000000 ,1.000000
1130.700000 ,3621481.588125 ,417.000000 ,0.000000
1132.100000 ,3621508.507208 ,418.000000 ,1.000000
1133.500000 ,3621507.070823 ,419.000000 ,1.000000
1134.900000 ,3621507.686417 ,420.000000 ,1.000000
1136.300000 ,3621507.070823 ,421.000000 ,1.000000
1141.900000 ,3621506.250031 ,422.000000 ,1.000000
1148.900000 ,3621421.228125 ,423.000000 ,0.000000
1148.900000 ,3621505.634438 ,424.000000 ,1.000000
1151.700000 ,3621382.588125 ,425.000000 ,0.000000
1151.700000 ,3621506.250031 ,426.000000 ,1.000000
1153.100000 ,3621505.509917 ,427.000000 ,1.000000
1155.900000 ,3621507.242750 ,428.000000 ,1.000000
1161.500000 ,3621507.111167 ,429.000000 ,1.000000
1162.900000 ,3621505.509917 ,430.000000 ,1.000000
1164.300000 ,3621507.242750 ,431.000000 ,1.000000
1168.500000 ,3621506.857750 ,432.000000 ,1.000000
1169.900000 ,3621322.888125 ,433.000000 ,0.000000
1172.700000 ,3621507.242750 ,434.000000 ,1.000000
1174.100000 ,3621507.242750 ,435.000000 ,1.000000
1182.500000 ,3621507.242750 ,436.000000 ,1.000000
1185.300000 ,3621507.316250 ,437.000000 ,1.000000
1186.700000 ,3621507.316250 ,438.000000 ,1.000000
1189.500000 ,3621507.111167 ,439.000000 ,1.000000
1192.300000 ,3621387.448125 ,440.000000 ,0.000000
1192.300000 ,3621507.169250 ,441.000000 ,1.000000
1193.700000 ,3621507.169250 ,442.000000 ,1.000000
1199.300000 ,3621507.065250 ,443.000000 ,1.000000
1206.300000 ,3621506.776333 ,444.000000 ,1.000000
1210.500000 ,3621507.316250 ,445.000000 ,1.000000
1211.900000 ,3621506.921250 ,446.000000 ,1.000000
1213.300000 ,3621506.341583 ,447.000000 ,1.000000
1214.700000 ,3621506.196667 ,448.000000 ,1.000000
1214.700000 ,3621537.568125 ,449.000000 ,0.000000
1217.500000 ,3621506.196667 ,450.000000 ,1.000000
1220.300000 ,3621505.761917 ,451.000000 ,1.000000
1234.300000 ,3621506.196667 ,452.000000 ,1.000000
1235.700000 ,3621505.327167 ,453.000000 ,1.000000
1237.100000 ,3621505.327167 ,454.000000 ,1.000000
1242.700000 ,3621506.090250 ,455.000000 ,1.000000
1242.700000 ,3621505.472083 ,456.000000 ,1.000000
1245.500000 ,3621505.327167 ,457.000000 ,1.000000
1246.900000 ,3621506.303125 ,458.000000 ,1.000000
1246.900000 ,3621505.577187 ,459.000000 ,1.000000
1252.500000 ,3621505.056000 ,460.000000 ,1.000000
1258.100000 ,3621418.588125 ,461.000000 ,0.000000
1259.500000 ,3621506.090250 ,462.000000 ,1.000000
1259.500000 ,3621505.186583 ,463.000000 ,1.000000
1267.900000 ,3621505.877729 ,464.000000 ,1.000000
1276.300000 ,3621312.028125 ,465.000000 ,0.000000
1277.700000 ,3621504.754250 ,466.000000 ,1.000000
1280.500000 ,3621505.154500 ,467.000000 ,1.000000
1288.900000 ,3621504.982321 ,468.000000 ,1.000000
1288.900000 ,3621578.008125 ,469.000000 ,0.000000
1290.300000 ,3621505.595417 ,470.000000 ,1.000000
1293.100000 ,3621504.716000 ,471.000000 ,1.000000
1294.500000 ,3621504.773000 ,472.000000 ,1.000000
1297.300000 ,3621504.943531 ,473.000000 ,1.000000
1298.700000 ,3621504.943531 ,474.000000 ,1.000000
1300.100000 ,3621504.773000 ,475.000000 ,1.000000
1301.500000 ,3621504.943531 ,476.000000 ,1.000000
1301.500000 ,3621500.861167 ,477.000000 ,1.000000
1302.900000 ,3621504.943531 ,478.000000 ,1.000000
1302.900000 ,3621500.090389 ,479.000000 ,1.000000
1304.300000 ,3621500.861167 ,480.000000 ,1.000000
1308.500000 ,3621504.943531 ,481.000000 ,1.000000
1314.100000 ,3621500.861167 ,482.000000 ,1.000000
1315.500000 ,3621500.469861 ,483.000000 ,1.000000
1316.900000 ,3621504.943531 ,484.000000 ,1.000000
1318.300000 ,3621498.951972 ,485.000000 ,1.000000
1319.700000 ,3621500.861167 ,486.000000 ,1.000000
1325.300000 ,3621499.331444 ,487.000000 ,1.000000
1328.100000 ,3621501.980250 ,488.000000 ,1.000000
1328.100000 ,3621498.725000 ,489.000000 ,1.000000
1329.500000 ,3621499.331444 ,490.000000 ,1.000000
1332.300000 ,3621501.980250 ,491.000000 ,1.000000
1332.300000 ,3621498.725000 ,492.000000 ,1.000000
1333.700000 ,3621499.331444 ,493.000000 ,1.000000
1336.500000 ,3621498.725000 ,494.000000 ,1.000000
1339.300000 ,3621501.980250 ,495.000000 ,1.000000
1339.300000 ,3621498.725000 ,496.000000 ,1.000000
1339.300000 ,3621519.988125 ,497.000000 ,0.000000
1340.700000 ,3621503.594000 ,498.000000 ,1.000000
1342.100000 ,3621604.948125 ,499.000000 ,0.000000
1347.700000 ,3621499.176250 ,500.000000 ,1.000000
1353.300000 ,3621500.578250 ,501.000000 ,1.000000
1356.100000 ,3621499.176250 ,502.000000 ,1.000000
1357.500000 ,3621503.194875 ,503.000000 ,1.000000
1357.500000 ,3621499.176250 ,504.000000 ,1.000000
1360.300000 ,3621503.194875 ,505.000000 ,1.000000
1364.500000 ,3621503.498107 ,506.000000 ,1.000000
1364.500000 ,3621596.488125 ,507.000000 ,0.000000
1374.300000 ,3621503.498107 ,508.000000 ,1.000000
1378.500000 ,3621503.498107 ,509.000000 ,1.000000
1379.900000 ,3621502.903500 ,510.000000 ,1.000000
1385.500000 ,3621503.498107 ,511.000000 ,1.000000
1385.500000 ,3621502.672955 ,512.000000 ,1.000000
1386.900000 ,3621502.903500 ,513.000000 ,1.000000
1396.700000 ,3621501.093167 ,514.000000 ,1.000000
1398.100000 ,3621502.903500 ,515.000000 ,1.000000
1398.100000 ,3621501.093167 ,516.000000 ,1.000000
1400.900000 ,3621502.738550 ,517.000000 ,1.000000
1407.900000 ,3621502.672955 ,518.000000 ,1.000000
1410.700000 ,3621502.302917 ,519.000000 ,1.000000
1412.100000 ,3621501.388750 ,520.000000 ,1.000000
1416.300000 ,3621544.348125 ,521.000000 ,0.000000
1423.300000 ,3621501.388750 ,522.000000 ,1.000000
1424.700000 ,3621501.221375 ,523.000000 ,1.000000
1427.500000 ,3621501.221375 ,524.000000 ,1.000000
1428.900000 ,3621502.202917 ,525.000000 ,1.000000
1431.700000 ,3621501.894625 ,526.000000 ,1.000000
1433.100000 ,3621501.796000 ,527.000000 ,1.000000
1435.900000 ,3621501.894625 ,528.000000 ,1.000000
1442.900000 ,3621501.633500 ,529.000000 ,1.000000
1448.500000 ,3621466.228125 ,530.000000 ,0.000000
1455.500000 ,3621501.698781 ,531.000000 ,1.000000
1456.900000 ,3621501.698781 ,532.000000 ,1.000000
1458.300000 ,3621500.108167 ,533.000000 ,1.000000
1461.100000 ,3621501.607125 ,534.000000 ,1.000000
1462.500000 ,3621419.128125 ,535.000000 ,0.000000
1465.300000 ,3621394.168125 ,536.000000 ,0.000000
1466.700000 ,3621501.598000 ,537.000000 ,1.000000
1468.100000 ,3621501.386000 ,538.000000 ,1.000000
1469.500000 ,3621501.501625 ,539.000000 ,1.000000
1469.500000 ,3621500.519800 ,540.000000 ,1.000000
1470.900000 ,3621516.928125 ,541.000000 ,0.000000
1476.500000 ,3621464.428125 ,542.000000 ,0.000000
1479.300000 ,3621501.029750 ,543.000000 ,1.000000
1480.700000 ,3621501.240417 ,544.000000 ,1.000000
1483.500000 ,3621501.063562 ,545.000000 ,1.000000
1484.900000 ,3621501.063562 ,546.000000 ,1.000000
1487.700000 ,3621501.240417 ,547.000000 ,1.000000
1489.100000 ,3621345.988125 ,548.000000 ,0.000000
1489.100000 ,3621363.928125 ,549.000000 ,0.000000
1489.100000 ,3621501.598000 ,550.000000 ,1.000000
1490.500000 ,3621501.063562 ,551.000000 ,1.000000
1494.700000 ,3621563.368125 ,552.000000 ,0.000000
1498.900000 ,3621501.009179 ,553.000000 ,1.000000
1498.900000 ,3621499.699500 ,554.000000 ,1.000000
1500.300000 ,3621499.947167 ,555.000000 ,1.000000
1501.700000 ,3621501.063562 ,556.000000 ,1.000000
1504.500000 ,3621500.771944 ,557.000000 ,1.000000
1512.900000 ,3621501.054875 ,558.000000 ,1.000000
1515.700000 ,3621499.791583 ,559.000000 ,1.000000
1519.900000 ,3621499.869500 ,560.000000 ,1.000000
1524.100000 ,3621499.869500 ,561.000000 ,1.000000
1526.900000 ,3621500.040000 ,562.000000 ,1.000000
1528.300000 ,3621499.833036 ,563.000000 ,1.000000
1529.700000 ,3621499.005179 ,564.000000 ,1.000000
1533.900000 ,3621500.040000 ,565.000000 ,1.000000
1542.300000 ,3621499.791583 ,566.000000 ,1.000000
1543.700000 ,3621500.040000 ,567.000000 ,1.000000
1543.700000 ,3621499.212143 ,568.000000 ,1.000000
1549.300000 ,3621481.468125 ,569.000000 ,0.000000
1553.500000 ,3621499.833036 ,570.000000 ,1.000000
1554.900000 ,3621499.419107 ,571.000000 ,1.000000
1556.300000 ,3621499.005179 ,572.000000 ,1.000000
1559.100000 ,3621499.375625 ,573.000000 ,1.000000
1563.300000 ,3621498.803250 ,574.000000 ,1.000000
1567.500000 ,3621331.828125 ,575.000000 ,0.000000
1567.500000 ,3621498.971375 ,576.000000 ,1.000000
1568.900000 ,3621498.417500 ,577.000000 ,1.000000
1568.900000 ,3621496.775437 ,578.000000 ,1.000000
1571.700000 ,3621496.775437 ,579.000000 ,1.000000
1575.900000 ,3621496.775437 ,580.000000 ,1.000000
1578.700000 ,3621498.716350 ,581.000000 ,1.000000
1580.100000 ,3621498.971375 ,582.000000 ,1.000000
1582.900000 ,3621498.971375 ,583.000000 ,1.000000
1584.300000 ,3621499.144250 ,584.000000 ,1.000000
1584.300000 ,3621498.365600 ,585.000000 ,1.000000
1584.300000 ,3621484.768125 ,586.000000 ,0.000000
1588.500000 ,3621498.971375 ,587.000000 ,1.000000
1589.900000 ,3621332.608125 ,588.000000 ,0.000000
1591.300000 ,3621499.144250 ,589.000000 ,1.000000
1592.700000 ,3621498.971375 ,590.000000 ,1.000000
1595.500000 ,3621340.588125 ,591.000000 ,0.000000
1595.500000 ,3621592.168125 ,592.000000 ,0.000000
1598.300000 ,3621498.727000 ,593.000000 ,1.000000
1599.700000 ,3621498.727000 ,594.000000 ,1.000000
1601.100000 ,3621499.144250 ,595.000000 ,1.000000
1601.100000 ,3621498.365600 ,596.000000 ,1.000000
1602.500000 ,3621498.365600 ,597.000000 ,1.000000
1603.900000 ,3621499.144250 ,598.000000 ,1.000000
1605.300000 ,3621498.727000 ,599.000000 ,1.000000
1608.100000 ,3621498.157000 ,600.000000 ,1.000000
1609.500000 ,3621498.727000 ,601.000000 ,1.000000
1612.300000 ,3621498.727000 ,602.000000 ,1.000000
1616.500000 ,3621498.157000 ,603.000000 ,1.000000
1617.900000 ,3621498.692500 ,604.000000 ,1.000000
1617.900000 ,3621496.655250 ,605.000000 ,1.000000
1619.300000 ,3621498.157000 ,606.000000 ,1.000000
1624.900000 ,3621498.117313 ,607.000000 ,1.000000
1624.900000 ,3621567.688125 ,608.000000 ,0.000000
1630.500000 ,3621497.569938 ,609.000000 ,1.000000
1631.900000 ,3621497.333667 ,610.000000 ,1.000000
1636.100000 ,3621497.795000 ,611.000000 ,1.000000
1636.100000 ,3621497.375500 ,612.000000 ,1.000000
1641.700000 ,3621495.475917 ,613.000000 ,1.000000
1643.100000 ,3621497.569938 ,614.000000 ,1.000000
1643.100000 ,3621513.028125 ,615.000000 ,0.000000
1644.500000 ,3621495.040083 ,616.000000 ,1.000000
1645.900000 ,3621497.447083 ,617.000000 ,1.000000
1647.300000 ,3621497.726000 ,618.000000 ,1.000000
1647.300000 ,3621496.158179 ,619.000000 ,1.000000
1648.700000 ,3621322.468125 ,620.000000 ,0.000000
1648.700000 ,3621497.726000 ,621.000000 ,1.000000
1651.500000 ,3621496.547062 ,622.000000 ,1.000000
1661.300000 ,3621546.868125 ,623.000000 ,0.000000
1662.700000 ,3621495.911750 ,624.000000 ,1.000000
1664.100000 ,3621457.408125 ,625.000000 ,0.000000
1666.900000 ,3621496.890500 ,626.000000 ,1.000000
1666.900000 ,3621495.911750 ,627.000000 ,1.000000
1668.300000 ,3621495.896625 ,628.000000 ,1.000000
1668.300000 ,3621495.475917 ,629.000000 ,1.000000
1672.500000 ,3621496.718375 ,630.000000 ,1.000000
1678.100000 ,3621496.718375 ,631.000000 ,1.000000
1687.900000 ,3621496.890500 ,632.000000 ,1.000000
1690.700000 ,3621496.890500 ,633.000000 ,1.000000
1692.100000 ,3621495.066562 ,634.000000 ,1.000000
1694.900000 ,3621495.993750 ,635.000000 ,1.000000
1694.900000 ,3621495.066562 ,636.000000 ,1.000000
1696.300000 ,3621498.189250 ,637.000000 ,1.000000
1704.700000 ,3621496.628500 ,638.000000 ,1.000000
1706.100000 ,3621496.064562 ,639.000000 ,1.000000
1708.900000 ,3621495.009453 ,640.000000 ,1.000000
1711.700000 ,3621496.628500 ,641.000000 ,1.000000
1714.500000 ,3621496.234000 ,642.000000 ,1.000000
1717.300000 ,3621494.676180 ,643.000000 ,1.000000
1721.500000 ,3621495.676000 ,644.000000 ,1.000000
1724.300000 ,3621495.342727 ,645.000000 ,1.000000
1725.700000 ,3621496.064562 ,646.000000 ,1.000000
1727.100000 ,3621387.208125 ,647.000000 ,0.000000
1729.900000 ,3621493.009813 ,648.000000 ,1.000000
1731.300000 ,3621335.848125 ,649.000000 ,0.000000
1731.300000 ,3621495.342727 ,650.000000 ,1.000000
1734.100000 ,3621552.928125 ,651.000000 ,0.000000
1735.500000 ,3621491.343445 ,652.000000 ,1.000000
1739.700000 ,3621495.009453 ,653.000000 ,1.000000
1742.500000 ,3621492.676539 ,654.000000 ,1.000000
1750.900000 ,3621489.010531 ,655.000000 ,1.000000
1752.300000 ,3621491.343445 ,656.000000 ,1.000000
1752.300000 ,3621489.010531 ,657.000000 ,1.000000
1755.100000 ,3621487.677438 ,658.000000 ,1.000000
1762.100000 ,3621489.010531 ,659.000000 ,1.000000
1763.500000 ,3621490.343625 ,660.000000 ,1.000000
1763.500000 ,3621489.010531 ,661.000000 ,1.000000
1764.900000 ,3621438.568125 ,662.000000 ,0.000000
1766.300000 ,3621486.344344 ,663.000000 ,1.000000
1767.700000 ,3621489.677078 ,664.000000 ,1.000000
1767.700000 ,3621485.344523 ,665.000000 ,1.000000
1771.900000 ,3621487.344164 ,666.000000 ,1.000000
1780.300000 ,3621485.344523 ,667.000000 ,1.000000
1790.100000 ,3621454.708125 ,668.000000 ,0.000000
1797.100000 ,3621485.344523 ,669.000000 ,1.000000
1798.500000 ,3621485.033000 ,670.000000 ,1.000000
1801.300000 ,3621485.033000 ,671.000000 ,1.000000
1802.700000 ,3621544.048125 ,672.000000 ,0.000000
1804.100000 ,3621485.033000 ,673.000000 ,1.000000
1809.700000 ,3621484.492000 ,674.000000 ,1.000000
1815.300000 ,3621484.492000 ,675.000000 ,1.000000
1816.700000 ,3621601.528125 ,676.000000 ,0.000000
1819.500000 ,3621321.748125 ,677.000000 ,0.000000
1826.500000 ,3621312.628125 ,678.000000 ,0.000000
1826.500000 ,3621492.921143 ,679.000000 ,1.000000
1826.500000 ,3621491.478286 ,680.000000 ,1.000000
1826.500000 ,3621490.035429 ,681.000000 ,1.000000
1829.300000 ,3621403.528125 ,682.000000 ,0.000000
1829.300000 ,3621492.921143 ,683.000000 ,1.000000
1833.500000 ,3621491.478286 ,684.000000 ,1.000000
1839.100000 ,3621494.364000 ,685.000000 ,1.000000
1839.100000 ,3621491.478286 ,686.000000 ,1.000000
1840.500000 ,3621494.364000 ,687.000000 ,1.000000
1841.900000 ,3621494.364000 ,688.000000 ,1.000000
1843.300000 ,3621487.994000 ,689.000000 ,1.000000
1846.100000 ,3621445.048125 ,690.000000 ,0.000000
1847.500000 ,3621494.360359 ,691.000000 ,1.000000
1847.500000 ,3621485.778500 ,692.000000 ,1.000000
1848.900000 ,3621494.356719 ,693.000000 ,1.000000
1848.900000 ,3621483.563000 ,694.000000 ,1.000000
1854.500000 ,3621494.345797 ,695.000000 ,1.000000
1855.900000 ,3621494.345797 ,696.000000 ,1.000000
1861.500000 ,3621326.428125 ,697.000000 ,0.000000
1862.900000 ,3621487.994000 ,698.000000 ,1.000000
1864.300000 ,3621494.430250 ,699.000000 ,1.000000
1868.500000 ,3621494.430250 ,700.000000 ,1.000000
1876.900000 ,3621494.006375 ,701.000000 ,1.000000
1885.300000 ,3621494.142417 ,702.000000 ,1.000000
1885.300000 ,3621493.646625 ,703.000000 ,1.000000
1888.100000 ,3621465.088125 ,704.000000 ,0.000000
1888.100000 ,3621494.142417 ,705.000000 ,1.000000
1888.100000 ,3621492.099750 ,706.000000 ,1.000000
1889.500000 ,3621494.142417 ,707.000000 ,1.000000
1889.500000 ,3621492.099750 ,708.000000 ,1.000000
1890.900000 ,3621494.142417 ,709.000000 ,1.000000
1890.900000 ,3621492.099750 ,710.000000 ,1.000000
1892.300000 ,3621494.142417 ,711.000000 ,1.000000
1893.700000 ,3621492.099750 ,712.000000 ,1.000000
1895.100000 ,3621461.668125 ,713.000000 ,0.000000
1896.500000 ,3621492.099750 ,714.000000 ,1.000000
1903.500000 ,3621492.794250 ,715.000000 ,1.000000
1907.700000 ,3621492.440450 ,716.000000 ,1.000000
1910.500000 ,3621492.152500 ,717.000000 ,1.000000
1911.900000 ,3621492.440450 ,718.000000 ,1.000000
1913.300000 ,3621492.794250 ,719.000000 ,1.000000
1914.700000 ,3621493.737250 ,720.000000 ,1.000000
1914.700000 ,3621492.152500 ,721.000000 ,1.000000
1916.100000 ,3621493.338125 ,722.000000 ,1.000000
1921.700000 ,3621492.734083 ,723.000000 ,1.000000
1923.100000 ,3621492.734083 ,724.000000 ,1.000000
1924.500000 ,3621492.587833 ,725.000000 ,1.000000
1927.300000 ,3621490.948112 ,726.000000 ,1.000000
1928.700000 ,3621492.734083 ,727.000000 ,1.000000
1930.100000 ,3621492.734083 ,728.000000 ,1.000000
1934.300000 ,3621492.734083 ,729.000000 ,1.000000
1935.700000 ,3621410.128125 ,730.000000 ,0.000000
1937.100000 ,3621492.587833 ,731.000000 ,1.000000
1944.100000 ,3621489.281900 ,732.000000 ,1.000000
1945.500000 ,3621489.838375 ,733.000000 ,1.000000
1946.900000 ,3621420.928125 ,734.000000 ,0.000000
1951.100000 ,3621486.764975 ,735.000000 ,1.000000
1952.500000 ,3621487.512333 ,736.000000 ,1.000000
1955.300000 ,3621489.281900 ,737.000000 ,1.000000
1956.700000 ,3621464.368125 ,738.000000 ,0.000000
1956.700000 ,3621491.249125 ,739.000000 ,1.000000
1956.700000 ,3621489.838375 ,740.000000 ,1.000000
1958.100000 ,3621491.608312 ,741.000000 ,1.000000
1960.900000 ,3621485.270258 ,742.000000 ,1.000000
1962.300000 ,3621490.501767 ,743.000000 ,1.000000
1962.300000 ,3621486.764975 ,744.000000 ,1.000000
1963.700000 ,3621486.764975 ,745.000000 ,1.000000
1966.500000 ,3621489.838375 ,746.000000 ,1.000000
1970.700000 ,3621482.280825 ,747.000000 ,1.000000
1970.700000 ,3621480.038750 ,748.000000 ,1.000000
1972.100000 ,3621484.522900 ,749.000000 ,1.000000
1976.300000 ,3621341.668125 ,750.000000 ,0.000000
1977.700000 ,3621481.533467 ,751.000000 ,1.000000
1977.700000 ,3621587.548125 ,752.000000 ,0.000000
1981.900000 ,3621484.522900 ,753.000000 ,1.000000
1983.300000 ,3621488.114150 ,754.000000 ,1.000000
1984.700000 ,3621488.114150 ,755.000000 ,1.000000
1984.700000 ,3621482.280825 ,756.000000 ,1.000000
1986.100000 ,3621488.114150 ,757.000000 ,1.000000
1991.700000 ,3621482.057600 ,758.000000 ,1.000000
1993.100000 ,3621488.114150 ,759.000000 ,1.000000
1993.100000 ,3621480.038750 ,760.000000 ,1.000000
1995.900000 ,3621489.632841 ,761.000000 ,1.000000
1995.900000 ,3621488.114150 ,762.000000 ,1.000000
1997.300000 ,3621490.251000 ,763.000000 ,1.000000
2001.500000 ,3621486.095300 ,764.000000 ,1.000000
2005.700000 ,3621490.251000 ,765.000000 ,1.000000
2008.500000 ,3621490.251000 ,766.000000 ,1.000000
2009.900000 ,3621490.251000 ,767.000000 ,1.000000
2011.300000 ,3621489.764750 ,768.000000 ,1.000000
2014.100000 ,3621395.788125 ,769.000000 ,0.000000
2014.100000 ,3621489.764750 ,770.000000 ,1.000000
2015.500000 ,3621490.251000 ,771.000000 ,1.000000
2015.500000 ,3621489.764750 ,772.000000 ,1.000000
2019.700000 ,3621378.508125 ,773.000000 ,0.000000
2025.300000 ,3621490.407750 ,774.000000 ,1.000000
2026.700000 ,3621490.407750 ,775.000000 ,1.000000
2028.100000 ,3621489.933375 ,776.000000 ,1.000000
2036.500000 ,3621457.708125 ,777.000000 ,0.000000
2040.700000 ,3621490.668750 ,778.000000 ,1.000000
2043.500000 ,3621489.764750 ,779.000000 ,1.000000
2044.900000 ,3621421.288125 ,780.000000 ,0.000000
2044.900000 ,3621490.407750 ,781.000000 ,1.000000
2047.700000 ,3621490.817821 ,782.000000 ,1.000000
2050.500000 ,3621490.817821 ,783.000000 ,1.000000
2051.900000 ,3621490.668750 ,784.000000 ,1.000000
2057.500000 ,3621490.668750 ,785.000000 ,1.000000
2057.500000 ,3621489.144625 ,786.000000 ,1.000000
2063.100000 ,3621490.817821 ,787.000000 ,1.000000
2064.500000 ,3621490.817821 ,788.000000 ,1.000000
2068.700000 ,3621461.788125 ,789.000000 ,0.000000
2072.900000 ,3621489.144625 ,790.000000 ,1.000000
2077.100000 ,3621489.072250 ,791.000000 ,1.000000
2077.100000 ,3621558.568125 ,792.000000 ,0.000000
2084.100000 ,3621488.966000 ,793.000000 ,1.000000
2085.500000 ,3621488.664125 ,794.000000 ,1.000000
2091.100000 ,3621489.072250 ,795.000000 ,1.000000
2092.500000 ,3621488.442583 ,796.000000 ,1.000000
2095.300000 ,3621488.394969 ,797.000000 ,1.000000
2096.700000 ,3621487.196150 ,798.000000 ,1.000000
2099.500000 ,3621488.664125 ,799.000000 ,1.000000
2099.500000 ,3621487.903500 ,800.000000 ,1.000000
2102.300000 ,3621407.968125 ,801.000000 ,0.000000
2103.700000 ,3621486.484000 ,802.000000 ,1.000000
2107.900000 ,3621478.168125 ,803.000000 ,0.000000
2109.300000 ,3621488.118469 ,804.000000 ,1.000000
2110.700000 ,3621486.767600 ,805.000000 ,1.000000
2119.100000 ,3621486.767600 ,806.000000 ,1.000000
2120.500000 ,3621486.391125 ,807.000000 ,1.000000
2121.900000 ,3621519.628125 ,808.000000 ,0.000000
2126.100000 ,3621593.128125 ,809.000000 ,0.000000
2127.500000 ,3621487.532833 ,810.000000 ,1.000000
2128.900000 ,3621486.831917 ,811.000000 ,1.000000
2130.300000 ,3621488.103000 ,812.000000 ,1.000000
2131.700000 ,3621487.748333 ,813.000000 ,1.000000
2131.700000 ,3621486.831917 ,814.000000 ,1.000000
2133.100000 ,3621609.688125 ,815.000000 ,0.000000
2135.900000 ,3621487.561188 ,816.000000 ,1.000000
2135.900000 ,3621486.831917 ,817.000000 ,1.000000
2141.500000 ,3621486.831917 ,818.000000 ,1.000000
2142.900000 ,3621487.748333 ,819.000000 ,1.000000
2144.300000 ,3621351.388125 ,820.000000 ,0.000000
2144.300000 ,3621486.831917 ,821.000000 ,1.000000
2145.700000 ,3621488.103000 ,822.000000 ,1.000000
2145.700000 ,3621487.561188 ,823.000000 ,1.000000
2147.100000 ,3621488.188125 ,824.000000 ,0.000000
2149.900000 ,3621486.587250 ,825.000000 ,1.000000
2151.300000 ,3621487.516000 ,826.000000 ,1.000000
2154.100000 ,3621486.746250 ,827.000000 ,1.000000
2155.500000 ,3621488.103000 ,828.000000 ,1.000000
2156.900000 ,3621486.746250 ,829.000000 ,1.000000
2158.300000 ,3621411.388125 ,830.000000 ,0.000000
2161.100000 ,3621484.910400 ,831.000000 ,1.000000
2162.500000 ,3621485.958250 ,832.000000 ,1.000000
2163.900000 ,3621486.092250 ,833.000000 ,1.000000
2163.900000 ,3621484.910400 ,834.000000 ,1.000000
2165.300000 ,3621486.746250 ,835.000000 ,1.000000
2165.300000 ,3621485.403219 ,836.000000 ,1.000000
2168.100000 ,3621486.092250 ,837.000000 ,1.000000
2172.300000 ,3621484.910400 ,838.000000 ,1.000000
2172.300000 ,3621481.460333 ,839.000000 ,1.000000
2173.700000 ,3621486.092250 ,840.000000 ,1.000000
2175.100000 ,3621484.323500 ,841.000000 ,1.000000
2177.900000 ,3621485.129375 ,842.000000 ,1.000000
2177.900000 ,3621484.323500 ,843.000000 ,1.000000
2180.700000 ,3621483.107500 ,844.000000 ,1.000000
2183.500000 ,3621540.328125 ,845.000000 ,0.000000
2193.300000 ,3621483.757458 ,846.000000 ,1.000000
2197.500000 ,3621339.448125 ,847.000000 ,0.000000
2197.500000 ,3621598.828125 ,848.000000 ,0.000000
2198.900000 ,3621483.503500 ,849.000000 ,1.000000
2204.500000 ,3621483.757458 ,850.000000 ,1.000000
2207.300000 ,3621482.970861 ,851.000000 ,1.000000
2208.700000 ,3621484.770333 ,852.000000 ,1.000000
2208.700000 ,3621483.503500 ,853.000000 ,1.000000
2210.100000 ,3621483.503500 ,854.000000 ,1.000000
2212.900000 ,3621484.881083 ,855.000000 ,1.000000
2214.300000 ,3621484.881083 ,856.000000 ,1.000000
2219.900000 ,3621359.368125 ,857.000000 ,0.000000
2222.700000 ,3621597.088125 ,858.000000 ,0.000000
2225.500000 ,3621483.239600 ,859.000000 ,1.000000
2228.300000 ,3621576.808125 ,860.000000 ,0.000000
2229.700000 ,3621481.753306 ,861.000000 ,1.000000
2233.900000 ,3621483.831773 ,862.000000 ,1.000000
2239.500000 ,3621350.248125 ,863.000000 ,0.000000
2243.700000 ,3621483.239600 ,864.000000 ,1.000000
2247.900000 ,3621479.572437 ,865.000000 ,1.000000
2249.300000 ,3621479.572437 ,866.000000 ,1.000000
2250.700000 ,3621481.838604 ,867.000000 ,1.000000
2254.900000 ,3621479.572437 ,868.000000 ,1.000000
2261.900000 ,3621480.643333 ,869.000000 ,1.000000
2266.100000 ,3621479.968958 ,870.000000 ,1.000000
2271.700000 ,3621477.006250 ,871.000000 ,1.000000
2273.100000 ,3621350.308125 ,872.000000 ,0.000000
2274.500000 ,3621478.498750 ,873.000000 ,1.000000
2275.900000 ,3621477.338187 ,874.000000 ,1.000000
2288.500000 ,3621477.930500 ,875.000000 ,1.000000
2289.900000 ,3621475.841500 ,876.000000 ,1.000000
2291.300000 ,3621475.395875 ,877.000000 ,1.000000
2302.500000 ,3621475.578375 ,878.000000 ,1.000000
2308.100000 ,3621478.568250 ,879.000000 ,1.000000
2312.300000 ,3621475.052625 ,880.000000 ,1.000000
2322.100000 ,3621478.513450 ,881.000000 ,1.000000
2322.100000 ,3621474.867000 ,882.000000 ,1.000000
2324.900000 ,3621471.947833 ,883.000000 ,1.000000
2329.100000 ,3621316.528125 ,884.000000 ,0.000000
2331.900000 ,3621478.767938 ,885.000000 ,1.000000
2336.100000 ,3621470.488250 ,886.000000 ,1.000000
2341.700000 ,3621474.867000 ,887.000000 ,1.000000
2347.300000 ,3621470.199750 ,888.000000 ,1.000000
2350.100000 ,3621469.662625 ,889.000000 ,1.000000
2351.500000 ,3621469.662625 ,890.000000 ,1.000000
2358.500000 ,3621475.054500 ,891.000000 ,1.000000
2358.500000 ,3621469.846500 ,892.000000 ,1.000000
2365.500000 ,3621546.088125 ,893.000000 ,0.000000
2366.900000 ,3621469.662625 ,894.000000 ,1.000000
2369.700000 ,3621475.054500 ,895.000000 ,1.000000
2369.700000 ,3621472.310500 ,896.000000 ,1.000000
2378.100000 ,3621471.350938 ,897.000000 ,1.000000
2383.700000 ,3621437.188125 ,898.000000 ,0.000000
2386.500000 ,3621467.857125 ,899.000000 ,1.000000
2390.700000 ,3621474.897188 ,900.000000 ,1.000000
2390.700000 ,3621470.477484 ,901.000000 ,1.000000
2393.500000 ,3621467.857125 ,902.000000 ,1.000000
2394.900000 ,3621467.857125 ,903.000000 ,1.000000
2394.900000 ,3621572.308125 ,904.000000 ,0.000000
2399.100000 ,3621467.673125 ,905.000000 ,1.000000
2401.900000 ,3621467.857125 ,906.000000 ,1.000000
2406.100000 ,3621467.857125 ,907.000000 ,1.000000
2407.500000 ,3621467.546958 ,908.000000 ,1.000000
2415.900000 ,3621367.108125 ,909.000000 ,0.000000
2424.300000 ,3621467.499667 ,910.000000 ,1.000000
2428.500000 ,3621467.309000 ,911.000000 ,1.000000
2428.500000 ,3621466.747250 ,912.000000 ,1.000000
2429.900000 ,3621329.728125 ,913.000000 ,0.000000
2431.300000 ,3621476.908125 ,914.000000 ,0.000000
2431.300000 ,3621467.309000 ,915.000000 ,1.000000
2432.700000 ,3621467.372750 ,916.000000 ,1.000000
2432.700000 ,3621466.596500 ,917.000000 ,1.000000
2438.300000 ,3621471.511042 ,918.000000 ,1.000000
2441.100000 ,3621471.805625 ,919.000000 ,1.000000
2441.100000 ,3621470.065271 ,920.000000 ,1.000000
2446.700000 ,3621466.907000 ,921.000000 ,1.000000
2448.100000 ,3621362.068125 ,922.000000 ,0.000000
2449.500000 ,3621471.805625 ,923.000000 ,1.000000
2450.900000 ,3621310.348125 ,924.000000 ,0.000000
2453.700000 ,3621471.805625 ,925.000000 ,1.000000
2455.100000 ,3621471.805625 ,926.000000 ,1.000000
2456.500000 ,3621373.528125 ,927.000000 ,0.000000
2456.500000 ,3621468.324917 ,928.000000 ,1.000000
2459.300000 ,3621476.905000 ,929.000000 ,1.000000
2470.500000 ,3621471.748750 ,930.000000 ,1.000000
2471.900000 ,3621476.953375 ,931.000000 ,1.000000
2480.300000 ,3621476.905000 ,932.000000 ,1.000000
2481.700000 ,3621476.329000 ,933.000000 ,1.000000
2483.100000 ,3621507.688125 ,934.000000 ,0.000000
2485.900000 ,3621475.695500 ,935.000000 ,1.000000
2491.500000 ,3621476.953375 ,936.000000 ,1.000000
2491.500000 ,3621476.168375 ,937.000000 ,1.000000
2492.900000 ,3621472.140125 ,938.000000 ,1.000000
2498.500000 ,3621476.567750 ,939.000000 ,1.000000
2498.500000 ,3621466.689100 ,940.000000 ,1.000000
2502.700000 ,3621475.695500 ,941.000000 ,1.000000
2504.100000 ,3621476.567750 ,942.000000 ,1.000000
2504.100000 ,3621475.695500 ,943.000000 ,1.000000
2505.500000 ,3621468.891083 ,944.000000 ,1.000000
2509.700000 ,3621472.140125 ,945.000000 ,1.000000
2526.500000 ,3621471.739500 ,946.000000 ,1.000000
2529.300000 ,3621470.943250 ,947.000000 ,1.000000
2529.300000 ,3621558.088125 ,948.000000 ,0.000000
2530.700000 ,3621471.222375 ,949.000000 ,1.000000
2536.300000 ,3621471.739500 ,950.000000 ,1.000000
2537.700000 ,3621470.943250 ,951.000000 ,1.000000
2539.100000 ,3621470.259857 ,952.000000 ,1.000000
2540.500000 ,3621471.739500 ,953.000000 ,1.000000
2544.700000 ,3621393.928125 ,954.000000 ,0.000000
2547.500000 ,3621452.188125 ,955.000000 ,0.000000
2550.300000 ,3621472.775639 ,956.000000 ,1.000000
2551.700000 ,3621472.775639 ,957.000000 ,1.000000
2553.100000 ,3621472.775639 ,958.000000 ,1.000000
2554.500000 ,3621471.459000 ,959.000000 ,1.000000
2555.900000 ,3621472.613250 ,960.000000 ,1.000000
2558.700000 ,3621472.954250 ,961.000000 ,1.000000
2560.100000 ,3621472.169125 ,962.000000 ,1.000000
2560.100000 ,3621471.535964 ,963.000000 ,1.000000
2562.900000 ,3621471.752500 ,964.000000 ,1.000000
2568.500000 ,3621471.343125 ,965.000000 ,1.000000
2571.300000 ,3621472.506917 ,966.000000 ,1.000000
2572.700000 ,3621473.412393 ,967.000000 ,1.000000
2574.100000 ,3621474.092250 ,968.000000 ,1.000000
2576.900000 ,3621472.193583 ,969.000000 ,1.000000
2578.300000 ,3621476.216750 ,970.000000 ,1.000000
2579.700000 ,3621474.450071 ,971.000000 ,1.000000
2579.700000 ,3621474.092250 ,972.000000 ,1.000000
2583.900000 ,3621475.487750 ,973.000000 ,1.000000
2583.900000 ,3621472.193583 ,974.000000 ,1.000000
2585.300000 ,3621472.432625 ,975.000000 ,1.000000
2585.300000 ,3621471.428417 ,976.000000 ,1.000000
2586.700000 ,3621475.487750 ,977.000000 ,1.000000
2586.700000 ,3621573.508125 ,978.000000 ,0.000000
2589.500000 ,3621469.081567 ,979.000000 ,1.000000
2590.900000 ,3621469.081567 ,980.000000 ,1.000000
2592.300000 ,3621472.432625 ,981.000000 ,1.000000
2593.700000 ,3621474.092250 ,982.000000 ,1.000000
2595.100000 ,3621471.104214 ,983.000000 ,1.000000
2596.500000 ,3621469.081567 ,984.000000 ,1.000000
2600.700000 ,3621434.008125 ,985.000000 ,0.000000
2600.700000 ,3621472.193583 ,986.000000 ,1.000000
2603.500000 ,3621468.878250 ,987.000000 ,1.000000
2610.500000 ,3621471.169846 ,988.000000 ,1.000000
2611.900000 ,3621469.234575 ,989.000000 ,1.000000
2613.300000 ,3621471.169846 ,990.000000 ,1.000000
2620.300000 ,3621471.815594 ,991.000000 ,1.000000
2623.100000 ,3621400.648125 ,992.000000 ,0.000000
2624.500000 ,3621469.848269 ,993.000000 ,1.000000
2625.900000 ,3621471.432900 ,994.000000 ,1.000000
2625.900000 ,3621524.968125 ,995.000000 ,0.000000
2627.300000 ,3621341.128125 ,996.000000 ,0.000000
2631.500000 ,3621383.788125 ,997.000000 ,0.000000
2634.300000 ,3621469.848269 ,998.000000 ,1.000000
2635.700000 ,3621470.585321 ,999.000000 ,1.000000
2637.100000 ,3621471.987800 ,1000.000000 ,1.000000
2638.500000 ,3621472.272100 ,1001.000000 ,1.000000
2641.300000 ,3621471.987800 ,1002.000000 ,1.000000
2644.100000 ,3621469.669500 ,1003.000000 ,1.000000
2645.500000 ,3621469.914625 ,1004.000000 ,1.000000
2649.700000 ,3621469.669500 ,1005.000000 ,1.000000
2651.100000 ,3621471.627542 ,1006.000000 ,1.000000
2653.900000 ,3621468.711625 ,1007.000000 ,1.000000
2656.700000 ,3621471.181850 ,1008.000000 ,1.000000
2659.500000 ,3621468.559950 ,1009.000000 ,1.000000
2663.700000 ,3621468.154063 ,1010.000000 ,1.000000
2663.700000 ,3621461.404250 ,1011.000000 ,1.000000
2667.900000 ,3621468.822375 ,1012.000000 ,1.000000
2669.300000 ,3621461.404250 ,1013.000000 ,1.000000
2677.700000 ,3621466.564042 ,1014.000000 ,1.000000
2679.100000 ,3621466.564042 ,1015.000000 ,1.000000
2680.500000 ,3621466.564042 ,1016.000000 ,1.000000
2686.100000 ,3621512.128125 ,1017.000000 ,0.000000
2687.500000 ,3621474.148125 ,1018.000000 ,0.000000
2687.500000 ,3621466.564042 ,1019.000000 ,1.000000
2694.500000 ,3621462.931700 ,1020.000000 ,1.000000
2698.700000 ,3621461.996333 ,1021.000000 ,1.000000
2698.700000 ,3621460.624083 ,1022.000000 ,1.000000
2700.100000 ,3621465.782688 ,1023.000000 ,1.000000
2701.500000 ,3621465.464000 ,1024.000000 ,1.000000
2702.900000 ,3621461.490444 ,1025.000000 ,1.000000
2702.900000 ,3621460.624083 ,1026.000000 ,1.000000
2705.700000 ,3621464.435571 ,1027.000000 ,1.000000
2705.700000 ,3621459.945150 ,1028.000000 ,1.000000
2707.100000 ,3621460.624083 ,1029.000000 ,1.000000
2707.100000 ,3621459.945150 ,1030.000000 ,1.000000
2707.100000 ,3621456.905000 ,1031.000000 ,1.000000
2709.900000 ,3621461.398250 ,1032.000000 ,1.000000
2709.900000 ,3621459.570312 ,1033.000000 ,1.000000
2709.900000 ,3621458.929200 ,1034.000000 ,1.000000
2714.100000 ,3621461.490444 ,1035.000000 ,1.000000
2714.100000 ,3621458.929200 ,1036.000000 ,1.000000
2716.900000 ,3621462.131625 ,1037.000000 ,1.000000
2723.900000 ,3621466.152500 ,1038.000000 ,1.000000
2725.300000 ,3621461.490444 ,1039.000000 ,1.000000
2726.700000 ,3621458.929200 ,1040.000000 ,1.000000
2728.100000 ,3621461.490444 ,1041.000000 ,1.000000
2739.300000 ,3621460.135125 ,1042.000000 ,1.000000
2740.700000 ,3621462.542075 ,1043.000000 ,1.000000
2743.500000 ,3621463.745550 ,1044.000000 ,1.000000
2743.500000 ,3621460.135125 ,1045.000000 ,1.000000
2744.900000 ,3621461.338600 ,1046.000000 ,1.000000
2746.300000 ,3621318.028125 ,1047.000000 ,0.000000
2749.100000 ,3621466.091000 ,1048.000000 ,1.000000
2749.100000 ,3621459.813750 ,1049.000000 ,1.000000
2750.500000 ,3621466.234750 ,1050.000000 ,1.000000
2751.900000 ,3621466.234750 ,1051.000000 ,1.000000
2751.900000 ,3621462.542075 ,1052.000000 ,1.000000
2754.700000 ,3621460.984179 ,1053.000000 ,1.000000
2760.300000 ,3621456.688750 ,1054.000000 ,1.000000
2763.100000 ,3621506.308125 ,1055.000000 ,0.000000
2764.500000 ,3621460.768125 ,1056.000000 ,0.000000
2768.700000 ,3621460.039187 ,1057.000000 ,1.000000
2771.500000 ,3621454.989000 ,1058.000000 ,1.000000
2772.900000 ,3621466.234750 ,1059.000000 ,1.000000
2774.300000 ,3621454.989000 ,1060.000000 ,1.000000
2778.500000 ,3621505.648125 ,1061.000000 ,0.000000
2778.500000 ,3621463.012250 ,1062.000000 ,1.000000
2782.700000 ,3621462.578667 ,1063.000000 ,1.000000
2788.300000 ,3621465.715917 ,1064.000000 ,1.000000
2789.700000 ,3621463.595042 ,1065.000000 ,1.000000
2792.500000 ,3621460.549375 ,1066.000000 ,1.000000
2795.300000 ,3621476.548125 ,1067.000000 ,0.000000
2795.300000 ,3621463.091000 ,1068.000000 ,1.000000
2800.900000 ,3621463.091000 ,1069.000000 ,1.000000
2806.500000 ,3621462.160175 ,1070.000000 ,1.000000
2814.900000 ,3621571.948125 ,1071.000000 ,0.000000
2817.700000 ,3621464.197708 ,1072.000000 ,1.000000
2819.100000 ,3621464.054917 ,1073.000000 ,1.000000
2819.100000 ,3621462.031344 ,1074.000000 ,1.000000
2826.100000 ,3621464.197708 ,1075.000000 ,1.000000
2827.500000 ,3621462.233675 ,1076.000000 ,1.000000
2835.900000 ,3621435.208125 ,1077.000000 ,0.000000
2837.300000 ,3621464.800800 ,1078.000000 ,1.000000
2841.500000 ,3621464.800800 ,1079.000000 ,1.000000
2841.500000 ,3621464.197708 ,1080.000000 ,1.000000
2844.300000 ,3621321.208125 ,1081.000000 ,0.000000
2854.100000 ,3621319.228125 ,1082.000000 ,0.000000
2854.100000 ,3621463.379227 ,1083.000000 ,1.000000
2854.100000 ,3621462.680477 ,1084.000000 ,1.000000
2856.900000 ,3621462.680477 ,1085.000000 ,1.000000
2859.700000 ,3621463.285044 ,1086.000000 ,1.000000
2863.900000 ,3621463.285044 ,1087.000000 ,1.000000
2866.700000 ,3621352.408125 ,1088.000000 ,0.000000
2868.100000 ,3621463.285044 ,1089.000000 ,1.000000
2869.500000 ,3621462.877000 ,1090.000000 ,1.000000
2869.500000 ,3621461.914167 ,1091.000000 ,1.000000
2869.500000 ,3621459.266417 ,1092.000000 ,1.000000
2870.900000 ,3621461.307536 ,1093.000000 ,1.000000
2872.300000 ,3621461.914167 ,1094.000000 ,1.000000
2873.700000 ,3621460.344792 ,1095.000000 ,1.000000
2875.100000 ,3621459.266417 ,1096.000000 ,1.000000
2877.900000 ,3621461.914167 ,1097.000000 ,1.000000
2883.500000 ,3621460.140625 ,1098.000000 ,1.000000
2884.900000 ,3621460.344792 ,1099.000000 ,1.000000
2886.300000 ,3621461.307536 ,1100.000000 ,1.000000
2890.500000 ,3621460.209313 ,1101.000000 ,1.000000
2893.300000 ,3621460.209313 ,1102.000000 ,1.000000
2894.700000 ,3621461.198068 ,1103.000000 ,1.000000
2894.700000 ,3621458.770393 ,1104.000000 ,1.000000
2897.500000 ,3621460.209313 ,1105.000000 ,1.000000
2900.300000 ,3621495.268125 ,1106.000000 ,0.000000
2903.100000 ,3621458.967000 ,1107.000000 ,1.000000
2910.100000 ,3621501.568125 ,1108.000000 ,0.000000
2911.500000 ,3621381.568125 ,1109.000000 ,0.000000
2917.100000 ,3621460.551250 ,1110.000000 ,1.000000
2919.900000 ,3621459.420375 ,1111.000000 ,1.000000
2921.300000 ,3621459.663844 ,1112.000000 ,1.000000
2922.700000 ,3621461.553000 ,1113.000000 ,1.000000
2924.100000 ,3621459.663844 ,1114.000000 ,1.000000
2925.500000 ,3621459.418333 ,1115.000000 ,1.000000
2928.300000 ,3621456.770781 ,1116.000000 ,1.000000
2929.700000 ,3621460.072156 ,1117.000000 ,1.000000
2931.100000 ,3621456.770781 ,1118.000000 ,1.000000
2932.500000 ,3621460.897500 ,1119.000000 ,1.000000
2933.900000 ,3621460.897500 ,1120.000000 ,1.000000
2938.100000 ,3621482.728125 ,1121.000000 ,0.000000
2940.900000 ,3621457.596125 ,1122.000000 ,1.000000
2942.300000 ,3621461.225250 ,1123.000000 ,1.000000
2943.700000 ,3621454.597333 ,1124.000000 ,1.000000
2947.900000 ,3621477.508125 ,1125.000000 ,0.000000
2947.900000 ,3621458.421469 ,1126.000000 ,1.000000
2949.300000 ,3621604.228125 ,1127.000000 ,0.000000
2952.100000 ,3621457.774667 ,1128.000000 ,1.000000
2961.900000 ,3621552.988125 ,1129.000000 ,0.000000
2966.100000 ,3621455.656583 ,1130.000000 ,1.000000
2968.900000 ,3621385.828125 ,1131.000000 ,0.000000
2975.900000 ,3621457.684687 ,1132.000000 ,1.000000
2975.900000 ,3621454.021000 ,1133.000000 ,1.000000
2977.300000 ,3621457.774667 ,1134.000000 ,1.000000
2977.300000 ,3621456.534375 ,1135.000000 ,1.000000
2980.100000 ,3621457.774667 ,1136.000000 ,1.000000
2981.500000 ,3621457.415625 ,1137.000000 ,1.000000
2982.900000 ,3621457.265500 ,1138.000000 ,1.000000
2985.700000 ,3621457.730250 ,1139.000000 ,1.000000
2991.300000 ,3621456.811958 ,1140.000000 ,1.000000
2996.900000 ,3621455.698250 ,1141.000000 ,1.000000
2999.700000 ,3621338.008125 ,1142.000000 ,0.000000
2999.700000 ,3621457.382375 ,1143.000000 ,1.000000
3001.100000 ,3621457.474500 ,1144.000000 ,1.000000
3001.100000 ,3621604.948125 ,1145.000000 ,0.000000
3005.300000 ,3621453.897250 ,1146.000000 ,1.000000
3006.700000 ,3621457.170875 ,1147.000000 ,1.000000
3015.100000 ,3621453.012679 ,1148.000000 ,1.000000
3016.500000 ,3621541.648125 ,1149.000000 ,0.000000
3016.500000 ,3621452.577982 ,1150.000000 ,1.000000
3023.500000 ,3621534.688125 ,1151.000000 ,0.000000
3023.500000 ,3621453.012679 ,1152.000000 ,1.000000
3027.700000 ,3621455.698250 ,1153.000000 ,1.000000
3027.700000 ,3621451.717083 ,1154.000000 ,1.000000
3029.100000 ,3621451.717083 ,1155.000000 ,1.000000
3030.500000 ,3621450.839196 ,1156.000000 ,1.000000
3033.300000 ,3621450.404500 ,1157.000000 ,1.000000
3037.500000 ,3621452.143286 ,1158.000000 ,1.000000
3047.300000 ,3621455.562250 ,1159.000000 ,1.000000
3047.300000 ,3621449.314375 ,1160.000000 ,1.000000
3050.100000 ,3621451.717083 ,1161.000000 ,1.000000
3051.500000 ,3621449.000750 ,1162.000000 ,1.000000
3052.900000 ,3621451.717083 ,1163.000000 ,1.000000
3057.100000 ,3621451.717083 ,1164.000000 ,1.000000
3057.100000 ,3621609.268125 ,1165.000000 ,0.000000
3058.500000 ,3621455.562250 ,1166.000000 ,1.000000
3061.300000 ,3621449.000750 ,1167.000000 ,1.000000
3062.700000 ,3621449.000750 ,1168.000000 ,1.000000
3065.500000 ,3621449.000750 ,1169.000000 ,1.000000
3066.900000 ,3621455.475333 ,1170.000000 ,1.000000
3078.100000 ,3621448.994464 ,1171.000000 ,1.000000
3079.500000 ,3621448.988179 ,1172.000000 ,1.000000
3082.300000 ,3621448.975607 ,1173.000000 ,1.000000
3083.700000 ,3621448.782350 ,1174.000000 ,1.000000
3086.500000 ,3621448.655500 ,1175.000000 ,1.000000
3087.900000 ,3621448.963036 ,1176.000000 ,1.000000
3093.500000 ,3621448.944179 ,1177.000000 ,1.000000
3097.700000 ,3621503.608125 ,1178.000000 ,0.000000
3097.700000 ,3621559.288125 ,1179.000000 ,0.000000
3097.700000 ,3621448.931607 ,1180.000000 ,1.000000
3099.100000 ,3621448.925321 ,1181.000000 ,1.000000
3099.100000 ,3621448.391150 ,1182.000000 ,1.000000
3100.500000 ,3621528.148125 ,1183.000000 ,0.000000
3107.500000 ,3621448.260750 ,1184.000000 ,1.000000
3110.300000 ,3621436.288125 ,1185.000000 ,0.000000
3110.300000 ,3621448.723250 ,1186.000000 ,1.000000
3114.500000 ,3621448.723250 ,1187.000000 ,1.000000
3115.900000 ,3621448.723250 ,1188.000000 ,1.000000
3117.300000 ,3621449.057531 ,1189.000000 ,1.000000
3118.700000 ,3621449.057531 ,1190.000000 ,1.000000
3121.500000 ,3621449.246750 ,1191.000000 ,1.000000
3128.500000 ,3621448.994875 ,1192.000000 ,1.000000
3129.900000 ,3621449.517687 ,1193.000000 ,1.000000
3129.900000 ,3621448.994875 ,1194.000000 ,1.000000
3131.300000 ,3621449.796000 ,1195.000000 ,1.000000
3134.100000 ,3621449.057531 ,1196.000000 ,1.000000
3138.300000 ,3621449.057531 ,1197.000000 ,1.000000
3138.300000 ,3621447.938750 ,1198.000000 ,1.000000
3145.300000 ,3621344.188125 ,1199.000000 ,0.000000
3145.300000 ,3621449.517687 ,1200.000000 ,1.000000
3150.900000 ,3621448.994875 ,1201.000000 ,1.000000
3152.300000 ,3621448.534000 ,1202.000000 ,1.000000
3155.100000 ,3621448.994875 ,1203.000000 ,1.000000
3155.100000 ,3621448.631400 ,1204.000000 ,1.000000
3160.700000 ,3621448.534000 ,1205.000000 ,1.000000
3171.900000 ,3621449.782750 ,1206.000000 ,1.000000
3171.900000 ,3621446.990500 ,1207.000000 ,1.000000
3176.100000 ,3621448.494000 ,1208.000000 ,1.000000
3180.300000 ,3621477.208125 ,1209.000000 ,0.000000
3180.300000 ,3621447.998528 ,1210.000000 ,1.000000
3181.700000 ,3621448.494000 ,1211.000000 ,1.000000
3185.900000 ,3621448.494000 ,1212.000000 ,1.000000
3185.900000 ,3621446.990500 ,1213.000000 ,1.000000
3187.300000 ,3621448.494000 ,1214.000000 ,1.000000
3194.300000 ,3621449.938250 ,1215.000000 ,1.000000
3194.300000 ,3621448.421250 ,1216.000000 ,1.000000
3202.700000 ,3621448.291625 ,1217.000000 ,1.000000
3202.700000 ,3621446.238250 ,1218.000000 ,1.000000
3204.100000 ,3621567.988125 ,1219.000000 ,0.000000
3206.900000 ,3621447.427500 ,1220.000000 ,1.000000
3212.500000 ,3621448.703500 ,1221.000000 ,1.000000
3213.900000 ,3621446.539000 ,1222.000000 ,1.000000
3215.300000 ,3621449.849187 ,1223.000000 ,1.000000
3218.100000 ,3621448.703500 ,1224.000000 ,1.000000
3218.100000 ,3621446.539000 ,1225.000000 ,1.000000
3219.500000 ,3621587.908125 ,1226.000000 ,0.000000
3220.900000 ,3621446.238250 ,1227.000000 ,1.000000
3225.100000 ,3621446.539000 ,1228.000000 ,1.000000
3229.300000 ,3621446.417125 ,1229.000000 ,1.000000
3230.700000 ,3621450.524250 ,1230.000000 ,1.000000
3233.500000 ,3621449.704583 ,1231.000000 ,1.000000
3236.300000 ,3621448.423000 ,1232.000000 ,1.000000
3236.300000 ,3621446.417125 ,1233.000000 ,1.000000
3239.100000 ,3621425.668125 ,1234.000000 ,0.000000
3240.500000 ,3621447.779667 ,1235.000000 ,1.000000
3240.500000 ,3621446.417125 ,1236.000000 ,1.000000
3247.500000 ,3621446.417125 ,1237.000000 ,1.000000
3248.900000 ,3621445.770750 ,1238.000000 ,1.000000
3255.900000 ,3621446.417125 ,1239.000000 ,1.000000
3262.900000 ,3621446.201786 ,1240.000000 ,1.000000
3268.500000 ,3621446.327125 ,1241.000000 ,1.000000
3269.900000 ,3621444.429417 ,1242.000000 ,1.000000
3271.300000 ,3621447.055937 ,1243.000000 ,1.000000
3272.700000 ,3621376.288125 ,1244.000000 ,0.000000
3278.300000 ,3621447.435250 ,1245.000000 ,1.000000
3278.300000 ,3621446.327125 ,1246.000000 ,1.000000
3279.700000 ,3621445.246500 ,1247.000000 ,1.000000
3283.900000 ,3621447.435250 ,1248.000000 ,1.000000
3285.300000 ,3621452.547125 ,1249.000000 ,1.000000
3285.300000 ,3621446.201786 ,1250.000000 ,1.000000
3288.100000 ,3621451.140714 ,1251.000000 ,1.000000
3289.500000 ,3621445.246500 ,1252.000000 ,1.000000
3293.700000 ,3621456.097250 ,1253.000000 ,1.000000
3296.500000 ,3621450.945208 ,1254.000000 ,1.000000
3297.900000 ,3621448.613250 ,1255.000000 ,1.000000
3299.300000 ,3621451.140714 ,1256.000000 ,1.000000
3303.500000 ,3621596.188125 ,1257.000000 ,0.000000
3306.300000 ,3621456.097250 ,1258.000000 ,1.000000
3307.700000 ,3621449.337458 ,1259.000000 ,1.000000
3310.500000 ,3621453.464556 ,1260.000000 ,1.000000
3311.900000 ,3621456.097250 ,1261.000000 ,1.000000
3316.100000 ,3621314.788125 ,1262.000000 ,0.000000
3316.100000 ,3621525.088125 ,1263.000000 ,0.000000
3317.500000 ,3621535.468125 ,1264.000000 ,0.000000
3317.500000 ,3621456.097250 ,1265.000000 ,1.000000
3318.900000 ,3621450.793375 ,1266.000000 ,1.000000
3318.900000 ,3621449.010821 ,1267.000000 ,1.000000
3320.300000 ,3621456.097250 ,1268.000000 ,1.000000
3323.100000 ,3621453.464556 ,1269.000000 ,1.000000
3324.500000 ,3621449.337458 ,1270.000000 ,1.000000
3331.500000 ,3621456.021375 ,1271.000000 ,1.000000
3331.500000 ,3621453.464556 ,1272.000000 ,1.000000
3349.700000 ,3621454.450205 ,1273.000000 ,1.000000
3349.700000 ,3621452.026750 ,1274.000000 ,1.000000
3349.700000 ,3621449.971083 ,1275.000000 ,1.000000
3351.100000 ,3621441.640250 ,1276.000000 ,1.000000
3353.900000 ,3621454.450205 ,1277.000000 ,1.000000
3353.900000 ,3621453.370662 ,1278.000000 ,1.000000
3353.900000 ,3621450.831600 ,1279.000000 ,1.000000
3355.300000 ,3621450.831600 ,1280.000000 ,1.000000
3358.100000 ,3621454.450205 ,1281.000000 ,1.000000
3363.700000 ,3621448.025687 ,1282.000000 ,1.000000
3367.900000 ,3621452.026750 ,1283.000000 ,1.000000
3372.100000 ,3621451.901750 ,1284.000000 ,1.000000
3373.500000 ,3621453.667292 ,1285.000000 ,1.000000
3373.500000 ,3621451.901750 ,1286.000000 ,1.000000
3374.900000 ,3621454.762600 ,1287.000000 ,1.000000
3376.300000 ,3621507.628125 ,1288.000000 ,0.000000
3381.900000 ,3621452.853250 ,1289.000000 ,1.000000
3386.100000 ,3621454.905688 ,1290.000000 ,1.000000
3386.100000 ,3621452.218486 ,1291.000000 ,1.000000
3387.500000 ,3621452.218486 ,1292.000000 ,1.000000
3390.300000 ,3621451.311778 ,1293.000000 ,1.000000
3391.700000 ,3621451.153281 ,1294.000000 ,1.000000
3393.100000 ,3621450.988200 ,1295.000000 ,1.000000
3394.500000 ,3621364.828125 ,1296.000000 ,0.000000
3395.900000 ,3621454.905688 ,1297.000000 ,1.000000
3398.700000 ,3621450.720219 ,1298.000000 ,1.000000
3400.100000 ,3621452.976900 ,1299.000000 ,1.000000
3401.500000 ,3621456.047250 ,1300.000000 ,1.000000
3401.500000 ,3621451.311778 ,1301.000000 ,1.000000
3401.500000 ,3621441.537667 ,1302.000000 ,1.000000
3408.500000 ,3621450.179958 ,1303.000000 ,1.000000
3409.900000 ,3621451.033625 ,1304.000000 ,1.000000
3409.900000 ,3621449.575375 ,1305.000000 ,1.000000
3411.300000 ,3621452.976900 ,1306.000000 ,1.000000
3411.300000 ,3621451.033625 ,1307.000000 ,1.000000
3412.700000 ,3621451.033625 ,1308.000000 ,1.000000
3419.700000 ,3621451.033625 ,1309.000000 ,1.000000
3421.100000 ,3621448.802375 ,1310.000000 ,1.000000
3422.500000 ,3621451.033625 ,1311.000000 ,1.000000
3426.700000 ,3621451.033625 ,1312.000000 ,1.000000
3428.100000 ,3621452.297500 ,1313.000000 ,1.000000
3429.500000 ,3621451.033625 ,1314.000000 ,1.000000
3430.900000 ,3621450.419000 ,1315.000000 ,1.000000
3437.900000 ,3621450.821150 ,1316.000000 ,1.000000
3440.700000 ,3621450.451393 ,1317.000000 ,1.000000
3442.100000 ,3621446.390800 ,1318.000000 ,1.000000
3446.300000 ,3621369.028125 ,1319.000000 ,0.000000
3447.700000 ,3621472.888125 ,1320.000000 ,0.000000
3447.700000 ,3621440.966375 ,1321.000000 ,1.000000
3457.500000 ,3621448.515125 ,1322.000000 ,1.000000
3460.300000 ,3621444.934714 ,1323.000000 ,1.000000
3461.700000 ,3621449.971556 ,1324.000000 ,1.000000
3461.700000 ,3621448.515125 ,1325.000000 ,1.000000
3461.700000 ,3621444.934714 ,1326.000000 ,1.000000
3464.500000 ,3621451.363219 ,1327.000000 ,1.000000
3467.300000 ,3621449.971556 ,1328.000000 ,1.000000
3470.100000 ,3621451.363219 ,1329.000000 ,1.000000
3470.100000 ,3621449.971556 ,1330.000000 ,1.000000
3471.500000 ,3621320.188125 ,1331.000000 ,0.000000
3472.900000 ,3621444.934714 ,1332.000000 ,1.000000
3472.900000 ,3621441.251500 ,1333.000000 ,1.000000
3478.500000 ,3621445.355719 ,1334.000000 ,1.000000
3484.100000 ,3621442.882972 ,1335.000000 ,1.000000
3489.700000 ,3621448.993107 ,1336.000000 ,1.000000
3495.300000 ,3621446.264361 ,1337.000000 ,1.000000
3498.100000 ,3621444.109719 ,1338.000000 ,1.000000
3503.700000 ,3621442.882972 ,1339.000000 ,1.000000
3505.100000 ,3621449.755625 ,1340.000000 ,1.000000
3506.500000 ,3621448.566875 ,1341.000000 ,1.000000
3510.700000 ,3621447.700115 ,1342.000000 ,1.000000
3512.100000 ,3621448.993107 ,1343.000000 ,1.000000
3512.100000 ,3621446.327500 ,1344.000000 ,1.000000
3514.900000 ,3621448.993107 ,1345.000000 ,1.000000
3516.300000 ,3621405.028125 ,1346.000000 ,0.000000
3516.300000 ,3621446.327500 ,1347.000000 ,1.000000
3519.100000 ,3621449.755625 ,1348.000000 ,1.000000
3519.100000 ,3621448.954964 ,1349.000000 ,1.000000
3519.100000 ,3621446.734450 ,1350.000000 ,1.000000
3520.500000 ,3621447.700115 ,1351.000000 ,1.000000
3524.700000 ,3621404.428125 ,1352.000000 ,0.000000
3526.100000 ,3621448.954964 ,1353.000000 ,1.000000
3528.900000 ,3621450.445600 ,1354.000000 ,1.000000
3531.700000 ,3621449.498500 ,1355.000000 ,1.000000
3535.900000 ,3621441.770375 ,1356.000000 ,1.000000
3537.300000 ,3621448.513906 ,1357.000000 ,1.000000
3540.100000 ,3621323.548125 ,1358.000000 ,0.000000
3540.100000 ,3621443.413000 ,1359.000000 ,1.000000
3541.500000 ,3621330.448125 ,1360.000000 ,0.000000
3548.500000 ,3621441.454250 ,1361.000000 ,1.000000
3549.900000 ,3621441.454250 ,1362.000000 ,1.000000
3558.300000 ,3621441.887575 ,1363.000000 ,1.000000
3569.500000 ,3621442.526062 ,1364.000000 ,1.000000
3573.700000 ,3621442.398972 ,1365.000000 ,1.000000
3575.100000 ,3621442.042000 ,1366.000000 ,1.000000
3576.500000 ,3621442.850750 ,1367.000000 ,1.000000
3577.900000 ,3621598.288125 ,1368.000000 ,0.000000
3579.300000 ,3621380.608125 ,1369.000000 ,0.000000
3582.100000 ,3621442.719571 ,1370.000000 ,1.000000
3584.900000 ,3621440.729643 ,1371.000000 ,1.000000
3586.300000 ,3621442.526062 ,1372.000000 ,1.000000
3587.700000 ,3621442.526062 ,1373.000000 ,1.000000
3591.900000 ,3621440.729643 ,1374.000000 ,1.000000
3594.700000 ,3621438.608536 ,1375.000000 ,1.000000
3601.700000 ,3621439.315571 ,1376.000000 ,1.000000
3603.100000 ,3621437.901500 ,1377.000000 ,1.000000
3611.500000 ,3621437.901500 ,1378.000000 ,1.000000
3615.700000 ,3621437.901500 ,1379.000000 ,1.000000
3621.300000 ,3621436.887750 ,1380.000000 ,1.000000
3624.100000 ,3621436.196500 ,1381.000000 ,1.000000
3626.900000 ,3621437.605062 ,1382.000000 ,1.000000
3626.900000 ,3621436.196500 ,1383.000000 ,1.000000
3628.300000 ,3621436.196500 ,1384.000000 ,1.000000
3632.500000 ,3621437.847750 ,1385.000000 ,1.000000
3635.300000 ,3621436.196500 ,1386.000000 ,1.000000
3638.100000 ,3621437.743500 ,1387.000000 ,1.000000
3638.100000 ,3621436.196500 ,1388.000000 ,1.000000
3639.500000 ,3621437.639250 ,1389.000000 ,1.000000
3639.500000 ,3621436.887750 ,1390.000000 ,1.000000
3646.500000 ,3621436.056000 ,1391.000000 ,1.000000
3654.900000 ,3621437.017500 ,1392.000000 ,1.000000
3657.700000 ,3621438.165750 ,1393.000000 ,1.000000
3659.100000 ,3621435.116875 ,1394.000000 ,1.000000
3667.500000 ,3621437.017500 ,1395.000000 ,1.000000
3670.300000 ,3621438.165750 ,1396.000000 ,1.000000
3670.300000 ,3621435.116875 ,1397.000000 ,1.000000
3671.700000 ,3621437.017500 ,1398.000000 ,1.000000
3677.300000 ,3621435.264125 ,1399.000000 ,1.000000
3680.100000 ,3621435.116875 ,1400.000000 ,1.000000
3681.500000 ,3621435.304250 ,1401.000000 ,1.000000
3682.900000 ,3621434.999000 ,1402.000000 ,1.000000
3685.700000 ,3621434.704500 ,1403.000000 ,1.000000
3688.500000 ,3621434.961583 ,1404.000000 ,1.000000
3689.900000 ,3621436.455250 ,1405.000000 ,1.000000
3691.300000 ,3621436.892250 ,1406.000000 ,1.000000
3691.300000 ,3621435.452583 ,1407.000000 ,1.000000
3695.500000 ,3621434.961583 ,1408.000000 ,1.000000
3696.900000 ,3621333.868125 ,1409.000000 ,0.000000
3696.900000 ,3621434.961583 ,1410.000000 ,1.000000
3702.500000 ,3621435.127500 ,1411.000000 ,1.000000
3703.900000 ,3621435.457500 ,1412.000000 ,1.000000
3705.300000 ,3621564.988125 ,1413.000000 ,0.000000
3706.700000 ,3621434.811800 ,1414.000000 ,1.000000
3708.100000 ,3621404.608125 ,1415.000000 ,0.000000
3709.500000 ,3621505.108125 ,1416.000000 ,0.000000
3713.700000 ,3621435.412639 ,1417.000000 ,1.000000
3715.100000 ,3621435.560688 ,1418.000000 ,1.000000
3716.500000 ,3621435.364125 ,1419.000000 ,1.000000
3717.900000 ,3621521.548125 ,1420.000000 ,0.000000
3719.300000 ,3621435.560688 ,1421.000000 ,1.000000
3726.300000 ,3621435.560688 ,1422.000000 ,1.000000
3727.700000 ,3621436.621536 ,1423.000000 ,1.000000
3729.100000 ,3621434.339861 ,1424.000000 ,1.000000
3731.900000 ,3621434.486083 ,1425.000000 ,1.000000
3733.300000 ,3621436.059200 ,1426.000000 ,1.000000
3734.700000 ,3621434.486083 ,1427.000000 ,1.000000
3736.100000 ,3621434.486083 ,1428.000000 ,1.000000
3740.300000 ,3621465.448125 ,1429.000000 ,0.000000
3741.700000 ,3621436.059200 ,1430.000000 ,1.000000
3741.700000 ,3621434.486083 ,1431.000000 ,1.000000
3743.100000 ,3621434.237292 ,1432.000000 ,1.000000
3745.900000 ,3621433.237500 ,1433.000000 ,1.000000
3750.100000 ,3621434.486083 ,1434.000000 ,1.000000
3752.900000 ,3621436.375350 ,1435.000000 ,1.000000
3755.700000 ,3621433.470542 ,1436.000000 ,1.000000
3757.100000 ,3621434.786850 ,1437.000000 ,1.000000
3758.500000 ,3621498.868125 ,1438.000000 ,0.000000
3762.700000 ,3621601.948125 ,1439.000000 ,0.000000
3776.700000 ,3621433.700100 ,1440.000000 ,1.000000
3785.100000 ,3621437.645500 ,1441.000000 ,1.000000
3786.500000 ,3621434.693679 ,1442.000000 ,1.000000
3786.500000 ,3621432.326317 ,1443.000000 ,1.000000
3789.300000 ,3621434.128800 ,1444.000000 ,1.000000
3789.300000 ,3621431.600250 ,1445.000000 ,1.000000
3790.700000 ,3621454.468125 ,1446.000000 ,0.000000
3790.700000 ,3621435.517950 ,1447.000000 ,1.000000
3796.300000 ,3621431.600250 ,1448.000000 ,1.000000
3797.700000 ,3621434.693679 ,1449.000000 ,1.000000
3800.500000 ,3621551.908125 ,1450.000000 ,0.000000
3800.500000 ,3621431.600250 ,1451.000000 ,1.000000
3804.700000 ,3621432.326317 ,1452.000000 ,1.000000
3807.500000 ,3621431.358500 ,1453.000000 ,1.000000
3810.300000 ,3621432.326317 ,1454.000000 ,1.000000
3813.100000 ,3621431.048583 ,1455.000000 ,1.000000
3820.100000 ,3621431.048583 ,1456.000000 ,1.000000
3824.300000 ,3621430.858125 ,1457.000000 ,1.000000
3827.100000 ,3621435.788188 ,1458.000000 ,1.000000
3829.900000 ,3621437.287500 ,1459.000000 ,1.000000
3829.900000 ,3621435.788188 ,1460.000000 ,1.000000
3831.300000 ,3621516.748125 ,1461.000000 ,0.000000
3831.300000 ,3621430.933125 ,1462.000000 ,1.000000
3835.500000 ,3621430.933125 ,1463.000000 ,1.000000
3839.700000 ,3621463.708125 ,1464.000000 ,0.000000
3839.700000 ,3621437.212000 ,1465.000000 ,1.000000
3841.100000 ,3621432.789563 ,1466.000000 ,1.000000
3843.900000 ,3621437.180792 ,1467.000000 ,1.000000
3859.300000 ,3621437.212000 ,1468.000000 ,1.000000
3866.300000 ,3621429.912906 ,1469.000000 ,1.000000
3867.700000 ,3621430.578000 ,1470.000000 ,1.000000
3869.100000 ,3621432.789333 ,1471.000000 ,1.000000
3871.900000 ,3621430.352750 ,1472.000000 ,1.000000
3877.500000 ,3621430.352750 ,1473.000000 ,1.000000
3880.300000 ,3621430.275813 ,1474.000000 ,1.000000
3883.100000 ,3621431.318156 ,1475.000000 ,1.000000
3884.500000 ,3621431.318156 ,1476.000000 ,1.000000
3887.300000 ,3621431.318156 ,1477.000000 ,1.000000
3892.900000 ,3621323.128125 ,1478.000000 ,0.000000
3892.900000 ,3621430.791187 ,1479.000000 ,1.000000
3897.100000 ,3621431.142500 ,1480.000000 ,1.000000
3898.500000 ,3621431.845125 ,1481.000000 ,1.000000
3899.900000 ,3621430.439875 ,1482.000000 ,1.000000
3904.100000 ,3621490.648125 ,1483.000000 ,0.000000
3904.100000 ,3621430.791187 ,1484.000000 ,1.000000
3905.500000 ,3621431.669469 ,1485.000000 ,1.000000
3906.900000 ,3621431.845125 ,1486.000000 ,1.000000
3909.700000 ,3621369.988125 ,1487.000000 ,0.000000
3911.100000 ,3621431.670500 ,1488.000000 ,1.000000
3915.300000 ,3621399.028125 ,1489.000000 ,0.000000
3916.700000 ,3621553.828125 ,1490.000000 ,0.000000
3920.900000 ,3621431.845125 ,1491.000000 ,1.000000
3925.100000 ,3621431.994875 ,1492.000000 ,1.000000
3926.500000 ,3621431.994875 ,1493.000000 ,1.000000
3927.900000 ,3621431.747450 ,1494.000000 ,1.000000
3930.700000 ,3621310.828125 ,1495.000000 ,0.000000
3930.700000 ,3621431.994875 ,1496.000000 ,1.000000
3933.500000 ,3621431.994875 ,1497.000000 ,1.000000
3934.900000 ,3621431.994875 ,1498.000000 ,1.000000
3937.700000 ,3621431.994875 ,1499.000000 ,1.000000
3939.100000 ,3621431.525750 ,1500.000000 ,1.000000
3940.500000 ,3621431.994875 ,1501.000000 ,1.000000
3941.900000 ,3621507.988125 ,1502.000000 ,0.000000
3951.700000 ,3621431.994875 ,1503.000000 ,1.000000
3954.500000 ,3621431.450583 ,1504.000000 ,1.000000
3955.900000 ,3621572.668125 ,1505.000000 ,0.000000
3958.700000 ,3621431.577083 ,1506.000000 ,1.000000
3960.100000 ,3621431.525750 ,1507.000000 ,1.000000
3961.500000 ,3621373.528125 ,1508.000000 ,0.000000
3962.900000 ,3621431.525750 ,1509.000000 ,1.000000
3965.700000 ,3621431.525750 ,1510.000000 ,1.000000
3967.100000 ,3621344.848125 ,1511.000000 ,0.000000
3967.100000 ,3621431.355833 ,1512.000000 ,1.000000
3975.500000 ,3621559.468125 ,1513.000000 ,0.000000
3976.900000 ,3621430.861028 ,1514.000000 ,1.000000
3982.500000 ,3621431.572250 ,1515.000000 ,1.000000
3986.700000 ,3621431.953500 ,1516.000000 ,1.000000
3986.700000 ,3621431.330250 ,1517.000000 ,1.000000
3990.900000 ,3621431.953500 ,1518.000000 ,1.000000
3993.700000 ,3621445.588125 ,1519.000000 ,0.000000
3999.300000 ,3621430.617500 ,1520.000000 ,1.000000
4000.700000 ,3621431.239250 ,1521.000000 ,1.000000
4004.900000 ,3621431.239250 ,1522.000000 ,1.000000
4006.300000 ,3621431.187750 ,1523.000000 ,1.000000
4006.300000 ,3621430.660063 ,1524.000000 ,1.000000
4011.900000 ,3621430.824650 ,1525.000000 ,1.000000
4014.700000 ,3621430.753000 ,1526.000000 ,1.000000
4017.500000 ,3621430.824650 ,1527.000000 ,1.000000
4023.100000 ,3621430.050625 ,1528.000000 ,1.000000
4028.700000 ,3621402.868125 ,1529.000000 ,0.000000
4030.100000 ,3621430.753000 ,1530.000000 ,1.000000
4031.500000 ,3621430.753000 ,1531.000000 ,1.000000
4032.900000 ,3621430.753000 ,1532.000000 ,1.000000
4035.700000 ,3621430.682500 ,1533.000000 ,1.000000
4038.500000 ,3621430.050625 ,1534.000000 ,1.000000
4041.300000 ,3621430.050625 ,1535.000000 ,1.000000
4042.700000 ,3621428.194000 ,1536.000000 ,1.000000
4045.500000 ,3621429.545125 ,1537.000000 ,1.000000
4049.700000 ,3621429.924250 ,1538.000000 ,1.000000
4052.500000 ,3621479.188125 ,1539.000000 ,0.000000
4058.100000 ,3621427.412500 ,1540.000000 ,1.000000
4059.500000 ,3621429.626500 ,1541.000000 ,1.000000
4065.100000 ,3621429.757000 ,1542.000000 ,1.000000
4069.300000 ,3621427.908694 ,1543.000000 ,1.000000
4072.100000 ,3621427.908694 ,1544.000000 ,1.000000
4073.500000 ,3621429.626500 ,1545.000000 ,1.000000
4074.900000 ,3621428.618750 ,1546.000000 ,1.000000
4076.300000 ,3621395.008125 ,1547.000000 ,0.000000
4077.700000 ,3621427.721083 ,1548.000000 ,1.000000
4083.300000 ,3621429.626500 ,1549.000000 ,1.000000
4084.700000 ,3621377.008125 ,1550.000000 ,0.000000
4084.700000 ,3621429.626500 ,1551.000000 ,1.000000
4088.900000 ,3621428.372000 ,1552.000000 ,1.000000
4094.500000 ,3621427.721083 ,1553.000000 ,1.000000
4095.900000 ,3621427.539417 ,1554.000000 ,1.000000
4100.100000 ,3621427.465000 ,1555.000000 ,1.000000
4101.500000 ,3621427.539417 ,1556.000000 ,1.000000
4102.900000 ,3621427.711250 ,1557.000000 ,1.000000
4104.300000 ,3621427.375250 ,1558.000000 ,1.000000
4105.700000 ,3621427.539417 ,1559.000000 ,1.000000
4107.100000 ,3621427.527500 ,1560.000000 ,1.000000
4108.500000 ,3621427.465000 ,1561.000000 ,1.000000
4112.700000 ,3621428.281417 ,1562.000000 ,1.000000
4114.100000 ,3621355.048125 ,1563.000000 ,0.000000
4114.100000 ,3621427.196250 ,1564.000000 ,1.000000
4122.500000 ,3621427.425000 ,1565.000000 ,1.000000
4130.900000 ,3621428.544813 ,1566.000000 ,1.000000
4137.900000 ,3621429.863250 ,1567.000000 ,1.000000
4144.900000 ,3621431.347500 ,1568.000000 ,1.000000
4144.900000 ,3621429.645250 ,1569.000000 ,1.000000
4147.700000 ,3621428.544813 ,1570.000000 ,1.000000
4150.500000 ,3621430.798875 ,1571.000000 ,1.000000
4151.900000 ,3621431.347500 ,1572.000000 ,1.000000
4153.300000 ,3621429.339000 ,1573.000000 ,1.000000
4161.700000 ,3621431.347500 ,1574.000000 ,1.000000
4165.900000 ,3621427.469821 ,1575.000000 ,1.000000
4177.100000 ,3621427.469821 ,1576.000000 ,1.000000
4177.100000 ,3621426.236261 ,1577.000000 ,1.000000
4178.500000 ,3621429.918750 ,1578.000000 ,1.000000
4179.900000 ,3621453.088125 ,1579.000000 ,0.000000
4179.900000 ,3621425.640286 ,1580.000000 ,1.000000
4179.900000 ,3621424.412938 ,1581.000000 ,1.000000
4182.700000 ,3621427.469821 ,1582.000000 ,1.000000
4184.100000 ,3621424.412938 ,1583.000000 ,1.000000
4186.900000 ,3621425.276950 ,1584.000000 ,1.000000
4191.100000 ,3621425.640286 ,1585.000000 ,1.000000
4192.500000 ,3621439.228125 ,1586.000000 ,0.000000
4193.900000 ,3621426.236261 ,1587.000000 ,1.000000
4195.300000 ,3621427.090937 ,1588.000000 ,1.000000
4196.700000 ,3621427.090937 ,1589.000000 ,1.000000
4199.500000 ,3621424.412938 ,1590.000000 ,1.000000
4203.700000 ,3621425.276950 ,1591.000000 ,1.000000
4224.700000 ,3621492.388125 ,1592.000000 ,0.000000
4235.900000 ,3621573.268125 ,1593.000000 ,0.000000
4241.500000 ,3621498.448125 ,1594.000000 ,0.000000
4251.300000 ,3621426.122250 ,1595.000000 ,1.000000
4308.700000 ,3621425.333567 ,1596.000000 ,1.000000
4310.100000 ,3621425.333567 ,1597.000000 ,1.000000
4319.900000 ,3621546.508125 ,1598.000000 ,0.000000
4326.900000 ,3621379.408125 ,1599.000000 ,0.000000
4338.100000 ,3621426.749750 ,1600.000000 ,1.000000
4339.500000 ,3621426.749750 ,1601.000000 ,1.000000
4340.900000 ,3621425.885667 ,1602.000000 ,1.000000
4342.300000 ,3621426.749750 ,1603.000000 ,1.000000
4342.300000 ,3621424.477889 ,1604.000000 ,1.000000
4350.700000 ,3621338.668125 ,1605.000000 ,0.000000
4350.700000 ,3621426.749750 ,1606.000000 ,1.000000
4354.900000 ,3621424.295125 ,1607.000000 ,1.000000
4356.300000 ,3621425.885667 ,1608.000000 ,1.000000
4364.700000 ,3621510.208125 ,1609.000000 ,0.000000
4367.500000 ,3621424.506250 ,1610.000000 ,1.000000
4374.500000 ,3621424.254025 ,1611.000000 ,1.000000
4375.900000 ,3621424.826750 ,1612.000000 ,1.000000
4387.100000 ,3621424.905000 ,1613.000000 ,1.000000
4391.300000 ,3621424.826750 ,1614.000000 ,1.000000
4405.300000 ,3621460.168125 ,1615.000000 ,0.000000
4438.900000 ,3621447.448125 ,1616.000000 ,0.000000
4466.900000 ,3621423.928125 ,1617.000000 ,0.000000
4476.700000 ,3621446.368125 ,1618.000000 ,0.000000
4520.100000 ,3621587.968125 ,1619.000000 ,0.000000
4527.100000 ,3621508.528125 ,1620.000000 ,0.000000
4534.100000 ,3621531.208125 ,1621.000000 ,0.000000
4536.900000 ,3621341.848125 ,1622.000000 ,0.000000
4578.900000 ,3621531.568125 ,1623.000000 ,0.000000
4592.900000 ,3621314.308125 ,1624.000000 ,0.000000
4594.300000 ,3621602.008125 ,1625.000000 ,0.000000
4622.300000 ,3621411.868125 ,1626.000000 ,0.000000
4630.700000 ,3621527.368125 ,1627.000000 ,0.000000
4676.900000 ,3621473.488125 ,1628.000000 ,0.000000
4689.500000 ,3621343.048125 ,1629.000000 ,0.000000
4720.300000 ,3621589.708125 ,1630.000000 ,0.000000
4731.500000 ,3621467.248125 ,1631.000000 ,0.000000
4762.300000 ,3621565.768125 ,1632.000000 ,0.000000
4814.100000 ,3621321.568125 ,1633.000000 ,0.000000
4825.300000 ,3621343.768125 ,1634.000000 ,0.000000
4851.900000 ,3621477.748125 ,1635.000000 ,0.000000
4870.100000 ,3621462.508125 ,1636.000000 ,0.000000
4872.900000 ,3621568.948125 ,1637.000000 ,0.000000
4898.100000 ,3621374.428125 ,1638.000000 ,0.000000
4926.100000 ,3621606.328125 ,1639.000000 ,0.000000
4931.700000 ,3621355.228125 ,1640.000000 ,0.000000
4984.900000 ,3621498.628125 ,1641.000000 ,0.000000
4994.700000 ,3621312.268125 ,1642.000000 ,0.000000
