130.000000 ,3588.850000 ,1.000000 ,1.000000
130.000000 ,3588.580000 ,2.000000 ,1.000000
130.000000 ,3588.070000 ,3.000000 ,1.000000
130.000000 ,3587.590000 ,4.000000 ,1.000000
130.000000 ,3587.080000 ,5.000000 ,1.000000
130.000000 ,3617.740000 ,6.000000 ,0.000000
130.700000 ,3588.850000 ,7.000000 ,1.000000
130.700000 ,3588.670000 ,8.000000 ,1.000000
130.700000 ,3588.190000 ,9.000000 ,1.000000
130.700000 ,3587.680000 ,10.000000 ,1.000000
130.700000 ,3587.170000 ,11.000000 ,1.000000
131.400000 ,3497.080000 ,12.000000 ,0.000000
131.400000 ,3588.850000 ,13.000000 ,1.000000
131.400000 ,3588.490000 ,14.000000 ,1.000000
131.400000 ,3587.980000 ,15.000000 ,1.000000
131.400000 ,3587.470000 ,16.000000 ,1.000000
131.400000 ,3586.990000 ,17.000000 ,1.000000
132.100000 ,3588.850000 ,18.000000 ,1.000000
132.100000 ,3588.510000 ,19.000000 ,1.000000
132.100000 ,3588.030000 ,20.000000 ,1.000000
132.100000 ,3587.520000 ,21.000000 ,1.000000
132.100000 ,3587.010000 ,22.000000 ,1.000000
132.800000 ,3588.920000 ,23.000000 ,1.000000
132.800000 ,3588.640000 ,24.000000 ,1.000000
132.800000 ,3588.130000 ,25.000000 ,1.000000
132.800000 ,3587.620000 ,26.000000 ,1.000000
132.800000 ,3587.140000 ,27.000000 ,1.000000
133.500000 ,3589.100000 ,28.000000 ,1.000000
133.500000 ,3588.800000 ,29.000000 ,1.000000
133.500000 ,3588.320000 ,30.000000 ,1.000000
133.500000 ,3587.810000 ,31.000000 ,1.000000
133.500000 ,3587.300000 ,32.000000 ,1.000000
134.200000 ,3589.100000 ,33.000000 ,1.000000
134.200000 ,3588.800000 ,34.000000 ,1.000000
134.200000 ,3588.320000 ,35.000000 ,1.000000
134.200000 ,3587.810000 ,36.000000 ,1.000000
134.200000 ,3587.300000 ,37.000000 ,1.000000
134.200000 ,3586.820000 ,38.000000 ,1.000000
134.200000 ,3715.780000 ,39.000000 ,0.000000
134.200000 ,3763.720000 ,40.000000 ,0.000000
134.900000 ,3589.100000 ,41.000000 ,1.000000
134.900000 ,3588.950000 ,42.000000 ,1.000000
134.900000 ,3588.470000 ,43.000000 ,1.000000
134.900000 ,3587.960000 ,44.000000 ,1.000000
134.900000 ,3587.450000 ,45.000000 ,1.000000
134.900000 ,3586.970000 ,46.000000 ,1.000000
134.900000 ,3763.600000 ,47.000000 ,0.000000
135.600000 ,3589.130000 ,48.000000 ,1.000000
135.600000 ,3588.950000 ,49.000000 ,1.000000
135.600000 ,3588.470000 ,50.000000 ,1.000000
135.600000 ,3587.960000 ,51.000000 ,1.000000
135.600000 ,3587.450000 ,52.000000 ,1.000000
135.600000 ,3586.970000 ,53.000000 ,1.000000
135.600000 ,3624.340000 ,54.000000 ,0.000000
136.300000 ,3589.160000 ,55.000000 ,1.000000
136.300000 ,3588.950000 ,56.000000 ,1.000000
136.300000 ,3588.470000 ,57.000000 ,1.000000
136.300000 ,3587.960000 ,58.000000 ,1.000000
136.300000 ,3587.450000 ,59.000000 ,1.000000
136.300000 ,3586.970000 ,60.000000 ,1.000000
136.300000 ,3749.680000 ,61.000000 ,0.000000
137.000000 ,3589.160000 ,62.000000 ,1.000000
137.000000 ,3589.100000 ,63.000000 ,1.000000
137.000000 ,3588.620000 ,64.000000 ,1.000000
137.000000 ,3588.110000 ,65.000000 ,1.000000
137.000000 ,3587.600000 ,66.000000 ,1.000000
137.000000 ,3587.120000 ,67.000000 ,1.000000
137.000000 ,3766.180000 ,68.000000 ,0.000000
137.700000 ,3589.160000 ,69.000000 ,1.000000
137.700000 ,3588.860000 ,70.000000 ,1.000000
137.700000 ,3588.350000 ,71.000000 ,1.000000
137.700000 ,3587.870000 ,72.000000 ,1.000000
137.700000 ,3587.360000 ,73.000000 ,1.000000
137.700000 ,3586.850000 ,74.000000 ,1.000000
138.400000 ,3589.160000 ,75.000000 ,1.000000
138.400000 ,3589.010000 ,76.000000 ,1.000000
138.400000 ,3588.500000 ,77.000000 ,1.000000
138.400000 ,3588.020000 ,78.000000 ,1.000000
138.400000 ,3587.510000 ,79.000000 ,1.000000
138.400000 ,3587.000000 ,80.000000 ,1.000000
138.400000 ,3586.520000 ,81.000000 ,1.000000
139.100000 ,3557.920000 ,82.000000 ,0.000000
139.100000 ,3589.160000 ,83.000000 ,1.000000
139.100000 ,3588.920000 ,84.000000 ,1.000000
139.100000 ,3588.410000 ,85.000000 ,1.000000
139.100000 ,3587.900000 ,86.000000 ,1.000000
139.100000 ,3587.420000 ,87.000000 ,1.000000
139.100000 ,3586.910000 ,88.000000 ,1.000000
139.100000 ,3586.400000 ,89.000000 ,1.000000
139.100000 ,3615.220000 ,90.000000 ,0.000000
139.800000 ,3589.190000 ,91.000000 ,1.000000
139.800000 ,3588.920000 ,92.000000 ,1.000000
139.800000 ,3588.410000 ,93.000000 ,1.000000
139.800000 ,3587.900000 ,94.000000 ,1.000000
139.800000 ,3587.420000 ,95.000000 ,1.000000
139.800000 ,3586.910000 ,96.000000 ,1.000000
139.800000 ,3586.400000 ,97.000000 ,1.000000
140.500000 ,3589.190000 ,98.000000 ,1.000000
140.500000 ,3588.950000 ,99.000000 ,1.000000
140.500000 ,3588.470000 ,100.000000 ,1.000000
140.500000 ,3587.960000 ,101.000000 ,1.000000
140.500000 ,3587.450000 ,102.000000 ,1.000000
140.500000 ,3586.970000 ,103.000000 ,1.000000
140.500000 ,3586.430000 ,104.000000 ,1.000000
140.500000 ,3772.240000 ,105.000000 ,0.000000
141.200000 ,3583.240000 ,106.000000 ,0.000000
141.200000 ,3589.230000 ,107.000000 ,1.000000
141.200000 ,3588.950000 ,108.000000 ,1.000000
141.200000 ,3588.470000 ,109.000000 ,1.000000
141.200000 ,3587.960000 ,110.000000 ,1.000000
141.200000 ,3587.450000 ,111.000000 ,1.000000
141.200000 ,3586.970000 ,112.000000 ,1.000000
141.200000 ,3586.460000 ,113.000000 ,1.000000
141.200000 ,3614.860000 ,114.000000 ,0.000000
141.200000 ,3715.180000 ,115.000000 ,0.000000
141.900000 ,3589.230000 ,116.000000 ,1.000000
141.900000 ,3588.920000 ,117.000000 ,1.000000
141.900000 ,3588.410000 ,118.000000 ,1.000000
141.900000 ,3587.900000 ,119.000000 ,1.000000
141.900000 ,3587.420000 ,120.000000 ,1.000000
141.900000 ,3586.910000 ,121.000000 ,1.000000
141.900000 ,3586.400000 ,122.000000 ,1.000000
142.600000 ,3501.940000 ,123.000000 ,0.000000
142.600000 ,3589.290000 ,124.000000 ,1.000000
142.600000 ,3588.860000 ,125.000000 ,1.000000
142.600000 ,3588.350000 ,126.000000 ,1.000000
142.600000 ,3587.870000 ,127.000000 ,1.000000
142.600000 ,3587.360000 ,128.000000 ,1.000000
142.600000 ,3586.850000 ,129.000000 ,1.000000
142.600000 ,3586.370000 ,130.000000 ,1.000000
143.300000 ,3509.200000 ,131.000000 ,0.000000
143.300000 ,3589.580000 ,132.000000 ,1.000000
143.300000 ,3589.100000 ,133.000000 ,1.000000
143.300000 ,3588.620000 ,134.000000 ,1.000000
143.300000 ,3588.110000 ,135.000000 ,1.000000
143.300000 ,3587.600000 ,136.000000 ,1.000000
143.300000 ,3587.120000 ,137.000000 ,1.000000
143.300000 ,3586.610000 ,138.000000 ,1.000000
143.300000 ,3586.100000 ,139.000000 ,1.000000
144.000000 ,3589.580000 ,140.000000 ,1.000000
144.000000 ,3589.100000 ,141.000000 ,1.000000
144.000000 ,3588.620000 ,142.000000 ,1.000000
144.000000 ,3588.110000 ,143.000000 ,1.000000
144.000000 ,3587.600000 ,144.000000 ,1.000000
144.000000 ,3587.120000 ,145.000000 ,1.000000
144.000000 ,3586.610000 ,146.000000 ,1.000000
144.000000 ,3586.100000 ,147.000000 ,1.000000
144.700000 ,3524.020000 ,148.000000 ,0.000000
144.700000 ,3589.580000 ,149.000000 ,1.000000
144.700000 ,3589.260000 ,150.000000 ,1.000000
144.700000 ,3588.780000 ,151.000000 ,1.000000
144.700000 ,3588.270000 ,152.000000 ,1.000000
144.700000 ,3587.760000 ,153.000000 ,1.000000
144.700000 ,3587.280000 ,154.000000 ,1.000000
144.700000 ,3586.770000 ,155.000000 ,1.000000
144.700000 ,3586.260000 ,156.000000 ,1.000000
144.700000 ,3764.080000 ,157.000000 ,0.000000
145.400000 ,3589.580000 ,158.000000 ,1.000000
145.400000 ,3589.250000 ,159.000000 ,1.000000
145.400000 ,3588.720000 ,160.000000 ,1.000000
145.400000 ,3588.210000 ,161.000000 ,1.000000
145.400000 ,3587.730000 ,162.000000 ,1.000000
145.400000 ,3587.220000 ,163.000000 ,1.000000
145.400000 ,3586.710000 ,164.000000 ,1.000000
145.400000 ,3586.230000 ,165.000000 ,1.000000
145.400000 ,3597.700000 ,166.000000 ,0.000000
146.100000 ,3589.650000 ,167.000000 ,1.000000
146.100000 ,3589.250000 ,168.000000 ,1.000000
146.100000 ,3588.790000 ,169.000000 ,1.000000
146.100000 ,3588.280000 ,170.000000 ,1.000000
146.100000 ,3587.770000 ,171.000000 ,1.000000
146.100000 ,3587.290000 ,172.000000 ,1.000000
146.100000 ,3586.780000 ,173.000000 ,1.000000
146.100000 ,3586.270000 ,174.000000 ,1.000000
146.100000 ,3715.000000 ,175.000000 ,0.000000
146.800000 ,3575.560000 ,176.000000 ,0.000000
146.800000 ,3589.580000 ,177.000000 ,1.000000
146.800000 ,3589.090000 ,178.000000 ,1.000000
146.800000 ,3588.580000 ,179.000000 ,1.000000
146.800000 ,3588.070000 ,180.000000 ,1.000000
146.800000 ,3587.590000 ,181.000000 ,1.000000
146.800000 ,3587.080000 ,182.000000 ,1.000000
146.800000 ,3586.570000 ,183.000000 ,1.000000
146.800000 ,3586.090000 ,184.000000 ,1.000000
146.800000 ,3730.120000 ,185.000000 ,0.000000
147.500000 ,3589.650000 ,186.000000 ,1.000000
147.500000 ,3589.550000 ,187.000000 ,1.000000
147.500000 ,3589.090000 ,188.000000 ,1.000000
147.500000 ,3588.580000 ,189.000000 ,1.000000
147.500000 ,3588.070000 ,190.000000 ,1.000000
147.500000 ,3587.590000 ,191.000000 ,1.000000
147.500000 ,3587.080000 ,192.000000 ,1.000000
147.500000 ,3586.570000 ,193.000000 ,1.000000
147.500000 ,3586.090000 ,194.000000 ,1.000000
148.200000 ,3589.670000 ,195.000000 ,1.000000
148.200000 ,3589.250000 ,196.000000 ,1.000000
148.200000 ,3588.730000 ,197.000000 ,1.000000
148.200000 ,3588.220000 ,198.000000 ,1.000000
148.200000 ,3587.740000 ,199.000000 ,1.000000
148.200000 ,3587.230000 ,200.000000 ,1.000000
148.200000 ,3586.720000 ,201.000000 ,1.000000
148.200000 ,3586.240000 ,202.000000 ,1.000000
148.200000 ,3641.020000 ,203.000000 ,0.000000
148.900000 ,3514.300000 ,204.000000 ,0.000000
148.900000 ,3589.500000 ,205.000000 ,1.000000
148.900000 ,3589.030000 ,206.000000 ,1.000000
148.900000 ,3588.520000 ,207.000000 ,1.000000
148.900000 ,3588.040000 ,208.000000 ,1.000000
148.900000 ,3587.530000 ,209.000000 ,1.000000
148.900000 ,3587.020000 ,210.000000 ,1.000000
148.900000 ,3586.510000 ,211.000000 ,1.000000
148.900000 ,3586.030000 ,212.000000 ,1.000000
148.900000 ,3630.700000 ,213.000000 ,0.000000
149.600000 ,3589.670000 ,214.000000 ,1.000000
149.600000 ,3589.310000 ,215.000000 ,1.000000
149.600000 ,3588.820000 ,216.000000 ,1.000000
149.600000 ,3588.340000 ,217.000000 ,1.000000
149.600000 ,3587.830000 ,218.000000 ,1.000000
149.600000 ,3587.320000 ,219.000000 ,1.000000
149.600000 ,3586.840000 ,220.000000 ,1.000000
149.600000 ,3586.330000 ,221.000000 ,1.000000
149.600000 ,3748.300000 ,222.000000 ,0.000000
150.300000 ,3489.280000 ,223.000000 ,0.000000
150.300000 ,3589.500000 ,224.000000 ,1.000000
150.300000 ,3589.030000 ,225.000000 ,1.000000
150.300000 ,3588.520000 ,226.000000 ,1.000000
150.300000 ,3588.040000 ,227.000000 ,1.000000
150.300000 ,3587.530000 ,228.000000 ,1.000000
150.300000 ,3587.020000 ,229.000000 ,1.000000
150.300000 ,3586.540000 ,230.000000 ,1.000000
150.300000 ,3586.030000 ,231.000000 ,1.000000
151.000000 ,3589.650000 ,232.000000 ,1.000000
151.000000 ,3589.180000 ,233.000000 ,1.000000
151.000000 ,3588.670000 ,234.000000 ,1.000000
151.000000 ,3588.190000 ,235.000000 ,1.000000
151.000000 ,3587.680000 ,236.000000 ,1.000000
151.000000 ,3587.170000 ,237.000000 ,1.000000
151.000000 ,3586.690000 ,238.000000 ,1.000000
151.000000 ,3586.180000 ,239.000000 ,1.000000
151.000000 ,3616.900000 ,240.000000 ,0.000000
151.700000 ,3589.430000 ,241.000000 ,1.000000
151.700000 ,3589.090000 ,242.000000 ,1.000000
151.700000 ,3588.580000 ,243.000000 ,1.000000
151.700000 ,3588.070000 ,244.000000 ,1.000000
151.700000 ,3587.590000 ,245.000000 ,1.000000
151.700000 ,3587.080000 ,246.000000 ,1.000000
151.700000 ,3586.570000 ,247.000000 ,1.000000
151.700000 ,3586.090000 ,248.000000 ,1.000000
152.400000 ,3522.580000 ,249.000000 ,0.000000
152.400000 ,3589.310000 ,250.000000 ,1.000000
152.400000 ,3589.090000 ,251.000000 ,1.000000
152.400000 ,3588.580000 ,252.000000 ,1.000000
152.400000 ,3588.070000 ,253.000000 ,1.000000
152.400000 ,3587.590000 ,254.000000 ,1.000000
152.400000 ,3587.080000 ,255.000000 ,1.000000
152.400000 ,3586.570000 ,256.000000 ,1.000000
152.400000 ,3586.090000 ,257.000000 ,1.000000
153.100000 ,3589.310000 ,258.000000 ,1.000000
153.100000 ,3588.960000 ,259.000000 ,1.000000
153.100000 ,3588.480000 ,260.000000 ,1.000000
153.100000 ,3587.970000 ,261.000000 ,1.000000
153.100000 ,3587.460000 ,262.000000 ,1.000000
153.100000 ,3586.980000 ,263.000000 ,1.000000
153.100000 ,3586.470000 ,264.000000 ,1.000000
153.100000 ,3585.960000 ,265.000000 ,1.000000
153.800000 ,3589.080000 ,266.000000 ,1.000000
153.800000 ,3588.930000 ,267.000000 ,1.000000
153.800000 ,3588.420000 ,268.000000 ,1.000000
153.800000 ,3587.910000 ,269.000000 ,1.000000
153.800000 ,3587.430000 ,270.000000 ,1.000000
153.800000 ,3586.920000 ,271.000000 ,1.000000
153.800000 ,3586.410000 ,272.000000 ,1.000000
153.800000 ,3585.930000 ,273.000000 ,1.000000
153.800000 ,3653.320000 ,274.000000 ,0.000000
154.500000 ,3589.020000 ,275.000000 ,1.000000
154.500000 ,3588.870000 ,276.000000 ,1.000000
154.500000 ,3588.360000 ,277.000000 ,1.000000
154.500000 ,3587.880000 ,278.000000 ,1.000000
154.500000 ,3587.370000 ,279.000000 ,1.000000
154.500000 ,3586.860000 ,280.000000 ,1.000000
154.500000 ,3586.350000 ,281.000000 ,1.000000
154.500000 ,3585.870000 ,282.000000 ,1.000000
155.200000 ,3567.820000 ,283.000000 ,0.000000
155.200000 ,3588.950000 ,284.000000 ,1.000000
155.200000 ,3588.710000 ,285.000000 ,1.000000
155.200000 ,3588.200000 ,286.000000 ,1.000000
155.200000 ,3587.720000 ,287.000000 ,1.000000
155.200000 ,3587.210000 ,288.000000 ,1.000000
155.200000 ,3586.700000 ,289.000000 ,1.000000
155.200000 ,3586.220000 ,290.000000 ,1.000000
155.200000 ,3585.710000 ,291.000000 ,1.000000
155.900000 ,3588.950000 ,292.000000 ,1.000000
155.900000 ,3588.710000 ,293.000000 ,1.000000
155.900000 ,3588.200000 ,294.000000 ,1.000000
155.900000 ,3587.720000 ,295.000000 ,1.000000
155.900000 ,3587.210000 ,296.000000 ,1.000000
155.900000 ,3586.700000 ,297.000000 ,1.000000
155.900000 ,3586.220000 ,298.000000 ,1.000000
155.900000 ,3585.710000 ,299.000000 ,1.000000
156.600000 ,3588.880000 ,300.000000 ,1.000000
156.600000 ,3588.670000 ,301.000000 ,1.000000
156.600000 ,3588.190000 ,302.000000 ,1.000000
156.600000 ,3587.680000 ,303.000000 ,1.000000
156.600000 ,3587.170000 ,304.000000 ,1.000000
156.600000 ,3586.690000 ,305.000000 ,1.000000
156.600000 ,3586.180000 ,306.000000 ,1.000000
156.600000 ,3602.320000 ,307.000000 ,0.000000
157.300000 ,3505.360000 ,308.000000 ,0.000000
157.300000 ,3541.300000 ,309.000000 ,0.000000
157.300000 ,3588.620000 ,310.000000 ,1.000000
157.300000 ,3588.350000 ,311.000000 ,1.000000
157.300000 ,3587.870000 ,312.000000 ,1.000000
157.300000 ,3587.360000 ,313.000000 ,1.000000
157.300000 ,3586.850000 ,314.000000 ,1.000000
157.300000 ,3586.370000 ,315.000000 ,1.000000
157.300000 ,3585.860000 ,316.000000 ,1.000000
158.000000 ,3588.570000 ,317.000000 ,1.000000
158.000000 ,3588.320000 ,318.000000 ,1.000000
158.000000 ,3587.870000 ,319.000000 ,1.000000
158.000000 ,3587.360000 ,320.000000 ,1.000000
158.000000 ,3586.850000 ,321.000000 ,1.000000
158.000000 ,3586.370000 ,322.000000 ,1.000000
158.000000 ,3585.860000 ,323.000000 ,1.000000
158.000000 ,3597.340000 ,324.000000 ,0.000000
158.700000 ,3557.740000 ,325.000000 ,0.000000
158.700000 ,3588.500000 ,326.000000 ,1.000000
158.700000 ,3588.070000 ,327.000000 ,1.000000
158.700000 ,3587.590000 ,328.000000 ,1.000000
158.700000 ,3587.080000 ,329.000000 ,1.000000
158.700000 ,3586.570000 ,330.000000 ,1.000000
158.700000 ,3586.090000 ,331.000000 ,1.000000
158.700000 ,3585.520000 ,332.000000 ,1.000000
158.700000 ,3603.280000 ,333.000000 ,0.000000
158.700000 ,3626.860000 ,334.000000 ,0.000000
158.700000 ,3674.920000 ,335.000000 ,0.000000
159.400000 ,3588.190000 ,336.000000 ,1.000000
159.400000 ,3587.880000 ,337.000000 ,1.000000
159.400000 ,3587.370000 ,338.000000 ,1.000000
159.400000 ,3586.860000 ,339.000000 ,1.000000
159.400000 ,3586.380000 ,340.000000 ,1.000000
159.400000 ,3585.870000 ,341.000000 ,1.000000
160.100000 ,3537.640000 ,342.000000 ,0.000000
160.100000 ,3588.190000 ,343.000000 ,1.000000
160.100000 ,3587.900000 ,344.000000 ,1.000000
160.100000 ,3587.420000 ,345.000000 ,1.000000
160.100000 ,3586.910000 ,346.000000 ,1.000000
160.100000 ,3586.400000 ,347.000000 ,1.000000
160.100000 ,3585.920000 ,348.000000 ,1.000000
160.100000 ,3585.380000 ,349.000000 ,1.000000
160.100000 ,3659.740000 ,350.000000 ,0.000000
160.800000 ,3588.190000 ,351.000000 ,1.000000
160.800000 ,3587.870000 ,352.000000 ,1.000000
160.800000 ,3587.360000 ,353.000000 ,1.000000
160.800000 ,3586.850000 ,354.000000 ,1.000000
160.800000 ,3586.370000 ,355.000000 ,1.000000
160.800000 ,3585.860000 ,356.000000 ,1.000000
161.500000 ,3588.070000 ,357.000000 ,1.000000
161.500000 ,3587.730000 ,358.000000 ,1.000000
161.500000 ,3587.220000 ,359.000000 ,1.000000
161.500000 ,3586.710000 ,360.000000 ,1.000000
161.500000 ,3586.230000 ,361.000000 ,1.000000
161.500000 ,3585.720000 ,362.000000 ,1.000000
162.200000 ,3588.070000 ,363.000000 ,1.000000
162.200000 ,3587.610000 ,364.000000 ,1.000000
162.200000 ,3587.130000 ,365.000000 ,1.000000
162.200000 ,3586.620000 ,366.000000 ,1.000000
162.200000 ,3586.110000 ,367.000000 ,1.000000
162.200000 ,3585.630000 ,368.000000 ,1.000000
162.900000 ,3587.990000 ,369.000000 ,1.000000
162.900000 ,3587.750000 ,370.000000 ,1.000000
162.900000 ,3587.270000 ,371.000000 ,1.000000
162.900000 ,3586.760000 ,372.000000 ,1.000000
162.900000 ,3586.250000 ,373.000000 ,1.000000
162.900000 ,3585.770000 ,374.000000 ,1.000000
162.900000 ,3585.170000 ,375.000000 ,1.000000
162.900000 ,3630.940000 ,376.000000 ,0.000000
162.900000 ,3768.820000 ,377.000000 ,0.000000
163.600000 ,3587.930000 ,378.000000 ,1.000000
163.600000 ,3587.750000 ,379.000000 ,1.000000
163.600000 ,3587.270000 ,380.000000 ,1.000000
163.600000 ,3586.760000 ,381.000000 ,1.000000
163.600000 ,3586.250000 ,382.000000 ,1.000000
163.600000 ,3585.770000 ,383.000000 ,1.000000
163.600000 ,3585.260000 ,384.000000 ,1.000000
163.600000 ,3735.460000 ,385.000000 ,0.000000
164.300000 ,3587.920000 ,386.000000 ,1.000000
164.300000 ,3587.680000 ,387.000000 ,1.000000
164.300000 ,3587.170000 ,388.000000 ,1.000000
164.300000 ,3586.690000 ,389.000000 ,1.000000
164.300000 ,3586.180000 ,390.000000 ,1.000000
164.300000 ,3585.670000 ,391.000000 ,1.000000
164.300000 ,3656.440000 ,392.000000 ,0.000000
165.000000 ,3545.260000 ,393.000000 ,0.000000
165.000000 ,3587.920000 ,394.000000 ,1.000000
165.000000 ,3587.620000 ,395.000000 ,1.000000
165.000000 ,3587.140000 ,396.000000 ,1.000000
165.000000 ,3586.630000 ,397.000000 ,1.000000
165.000000 ,3586.120000 ,398.000000 ,1.000000
165.000000 ,3585.640000 ,399.000000 ,1.000000
165.000000 ,3585.070000 ,400.000000 ,1.000000
165.000000 ,3749.500000 ,401.000000 ,0.000000
165.700000 ,3587.920000 ,402.000000 ,1.000000
165.700000 ,3587.620000 ,403.000000 ,1.000000
165.700000 ,3587.140000 ,404.000000 ,1.000000
165.700000 ,3586.630000 ,405.000000 ,1.000000
165.700000 ,3586.120000 ,406.000000 ,1.000000
165.700000 ,3585.640000 ,407.000000 ,1.000000
165.700000 ,3585.130000 ,408.000000 ,1.000000
166.400000 ,3505.420000 ,409.000000 ,0.000000
166.400000 ,3587.810000 ,410.000000 ,1.000000
166.400000 ,3587.430000 ,411.000000 ,1.000000
166.400000 ,3586.910000 ,412.000000 ,1.000000
166.400000 ,3586.400000 ,413.000000 ,1.000000
166.400000 ,3585.920000 ,414.000000 ,1.000000
166.400000 ,3585.410000 ,415.000000 ,1.000000
166.400000 ,3584.900000 ,416.000000 ,1.000000
166.400000 ,3679.120000 ,417.000000 ,0.000000
167.100000 ,3513.520000 ,418.000000 ,0.000000
167.100000 ,3587.660000 ,419.000000 ,1.000000
167.100000 ,3587.370000 ,420.000000 ,1.000000
167.100000 ,3586.870000 ,421.000000 ,1.000000
167.100000 ,3586.390000 ,422.000000 ,1.000000
167.100000 ,3585.880000 ,423.000000 ,1.000000
167.100000 ,3585.370000 ,424.000000 ,1.000000
167.100000 ,3584.890000 ,425.000000 ,1.000000
167.800000 ,3587.660000 ,426.000000 ,1.000000
167.800000 ,3587.300000 ,427.000000 ,1.000000
167.800000 ,3586.830000 ,428.000000 ,1.000000
167.800000 ,3586.320000 ,429.000000 ,1.000000
167.800000 ,3585.810000 ,430.000000 ,1.000000
167.800000 ,3585.330000 ,431.000000 ,1.000000
167.800000 ,3584.820000 ,432.000000 ,1.000000
167.800000 ,3674.080000 ,433.000000 ,0.000000
168.500000 ,3587.660000 ,434.000000 ,1.000000
168.500000 ,3587.370000 ,435.000000 ,1.000000
168.500000 ,3586.850000 ,436.000000 ,1.000000
168.500000 ,3586.370000 ,437.000000 ,1.000000
168.500000 ,3585.860000 ,438.000000 ,1.000000
168.500000 ,3585.350000 ,439.000000 ,1.000000
168.500000 ,3584.870000 ,440.000000 ,1.000000
169.200000 ,3566.500000 ,441.000000 ,0.000000
169.200000 ,3587.660000 ,442.000000 ,1.000000
169.200000 ,3587.320000 ,443.000000 ,1.000000
169.200000 ,3586.820000 ,444.000000 ,1.000000
169.200000 ,3586.310000 ,445.000000 ,1.000000
169.200000 ,3585.800000 ,446.000000 ,1.000000
169.200000 ,3585.320000 ,447.000000 ,1.000000
169.200000 ,3584.810000 ,448.000000 ,1.000000
169.200000 ,3748.720000 ,449.000000 ,0.000000
169.900000 ,3587.460000 ,450.000000 ,1.000000
169.900000 ,3587.100000 ,451.000000 ,1.000000
169.900000 ,3586.610000 ,452.000000 ,1.000000
169.900000 ,3586.100000 ,453.000000 ,1.000000
169.900000 ,3585.620000 ,454.000000 ,1.000000
169.900000 ,3585.110000 ,455.000000 ,1.000000
170.600000 ,3588.940000 ,456.000000 ,0.000000
170.600000 ,3587.460000 ,457.000000 ,1.000000
170.600000 ,3587.060000 ,458.000000 ,1.000000
170.600000 ,3586.550000 ,459.000000 ,1.000000
170.600000 ,3586.070000 ,460.000000 ,1.000000
170.600000 ,3585.560000 ,461.000000 ,1.000000
170.600000 ,3585.050000 ,462.000000 ,1.000000
170.600000 ,3584.570000 ,463.000000 ,1.000000
170.600000 ,3776.080000 ,464.000000 ,0.000000
171.300000 ,3527.740000 ,465.000000 ,0.000000
171.300000 ,3587.280000 ,466.000000 ,1.000000
171.300000 ,3586.830000 ,467.000000 ,1.000000
171.300000 ,3586.320000 ,468.000000 ,1.000000
171.300000 ,3585.810000 ,469.000000 ,1.000000
171.300000 ,3585.330000 ,470.000000 ,1.000000
171.300000 ,3584.820000 ,471.000000 ,1.000000
171.300000 ,3634.480000 ,472.000000 ,0.000000
172.000000 ,3587.280000 ,473.000000 ,1.000000
172.000000 ,3586.880000 ,474.000000 ,1.000000
172.000000 ,3586.420000 ,475.000000 ,1.000000
172.000000 ,3585.940000 ,476.000000 ,1.000000
172.000000 ,3585.430000 ,477.000000 ,1.000000
172.000000 ,3584.920000 ,478.000000 ,1.000000
172.000000 ,3584.410000 ,479.000000 ,1.000000
172.700000 ,3586.800000 ,480.000000 ,1.000000
172.700000 ,3586.250000 ,481.000000 ,1.000000
172.700000 ,3585.770000 ,482.000000 ,1.000000
172.700000 ,3585.260000 ,483.000000 ,1.000000
172.700000 ,3584.750000 ,484.000000 ,1.000000
172.700000 ,3584.210000 ,485.000000 ,1.000000
172.700000 ,3646.720000 ,486.000000 ,0.000000
172.700000 ,3735.460000 ,487.000000 ,0.000000
173.400000 ,3586.720000 ,488.000000 ,1.000000
173.400000 ,3586.240000 ,489.000000 ,1.000000
173.400000 ,3585.730000 ,490.000000 ,1.000000
173.400000 ,3585.220000 ,491.000000 ,1.000000
173.400000 ,3584.740000 ,492.000000 ,1.000000
173.400000 ,3584.200000 ,493.000000 ,1.000000
174.100000 ,3586.480000 ,494.000000 ,1.000000
174.100000 ,3586.240000 ,495.000000 ,1.000000
174.100000 ,3585.730000 ,496.000000 ,1.000000
174.100000 ,3585.220000 ,497.000000 ,1.000000
174.100000 ,3584.740000 ,498.000000 ,1.000000
174.100000 ,3584.230000 ,499.000000 ,1.000000
174.800000 ,3583.360000 ,500.000000 ,0.000000
174.800000 ,3586.440000 ,501.000000 ,1.000000
174.800000 ,3586.170000 ,502.000000 ,1.000000
174.800000 ,3585.660000 ,503.000000 ,1.000000
174.800000 ,3585.180000 ,504.000000 ,1.000000
174.800000 ,3584.670000 ,505.000000 ,1.000000
174.800000 ,3584.160000 ,506.000000 ,1.000000
175.500000 ,3586.380000 ,507.000000 ,1.000000
175.500000 ,3586.170000 ,508.000000 ,1.000000
175.500000 ,3585.660000 ,509.000000 ,1.000000
175.500000 ,3585.180000 ,510.000000 ,1.000000
175.500000 ,3584.670000 ,511.000000 ,1.000000
175.500000 ,3584.160000 ,512.000000 ,1.000000
176.200000 ,3586.380000 ,513.000000 ,1.000000
176.200000 ,3586.080000 ,514.000000 ,1.000000
176.200000 ,3585.570000 ,515.000000 ,1.000000
176.200000 ,3585.060000 ,516.000000 ,1.000000
176.200000 ,3584.580000 ,517.000000 ,1.000000
176.200000 ,3584.070000 ,518.000000 ,1.000000
176.900000 ,3586.380000 ,519.000000 ,1.000000
176.900000 ,3586.170000 ,520.000000 ,1.000000
176.900000 ,3585.660000 ,521.000000 ,1.000000
176.900000 ,3585.180000 ,522.000000 ,1.000000
176.900000 ,3584.670000 ,523.000000 ,1.000000
176.900000 ,3584.160000 ,524.000000 ,1.000000
176.900000 ,3683.800000 ,525.000000 ,0.000000
177.600000 ,3586.380000 ,526.000000 ,1.000000
177.600000 ,3585.960000 ,527.000000 ,1.000000
177.600000 ,3585.480000 ,528.000000 ,1.000000
177.600000 ,3584.970000 ,529.000000 ,1.000000
177.600000 ,3584.460000 ,530.000000 ,1.000000
177.600000 ,3583.980000 ,531.000000 ,1.000000
177.600000 ,3767.140000 ,532.000000 ,0.000000
178.300000 ,3586.380000 ,533.000000 ,1.000000
178.300000 ,3586.290000 ,534.000000 ,1.000000
178.300000 ,3585.800000 ,535.000000 ,1.000000
178.300000 ,3585.320000 ,536.000000 ,1.000000
178.300000 ,3584.810000 ,537.000000 ,1.000000
178.300000 ,3584.300000 ,538.000000 ,1.000000
179.000000 ,3586.290000 ,539.000000 ,1.000000
179.000000 ,3585.800000 ,540.000000 ,1.000000
179.000000 ,3585.320000 ,541.000000 ,1.000000
179.000000 ,3584.810000 ,542.000000 ,1.000000
179.000000 ,3584.300000 ,543.000000 ,1.000000
179.000000 ,3583.820000 ,544.000000 ,1.000000
179.700000 ,3586.140000 ,545.000000 ,1.000000
179.700000 ,3585.710000 ,546.000000 ,1.000000
179.700000 ,3585.200000 ,547.000000 ,1.000000
179.700000 ,3584.720000 ,548.000000 ,1.000000
179.700000 ,3584.210000 ,549.000000 ,1.000000
180.400000 ,3586.140000 ,550.000000 ,1.000000
180.400000 ,3585.810000 ,551.000000 ,1.000000
180.400000 ,3585.320000 ,552.000000 ,1.000000
180.400000 ,3584.810000 ,553.000000 ,1.000000
180.400000 ,3584.300000 ,554.000000 ,1.000000
180.400000 ,3583.820000 ,555.000000 ,1.000000
180.400000 ,3642.280000 ,556.000000 ,0.000000
181.100000 ,3586.140000 ,557.000000 ,1.000000
181.100000 ,3585.940000 ,558.000000 ,1.000000
181.100000 ,3585.430000 ,559.000000 ,1.000000
181.100000 ,3584.920000 ,560.000000 ,1.000000
181.100000 ,3584.440000 ,561.000000 ,1.000000
181.100000 ,3583.930000 ,562.000000 ,1.000000
181.800000 ,3585.730000 ,563.000000 ,1.000000
181.800000 ,3585.320000 ,564.000000 ,1.000000
181.800000 ,3584.810000 ,565.000000 ,1.000000
181.800000 ,3584.300000 ,566.000000 ,1.000000
181.800000 ,3583.820000 ,567.000000 ,1.000000
181.800000 ,3669.100000 ,568.000000 ,0.000000
181.800000 ,3693.760000 ,569.000000 ,0.000000
182.500000 ,3585.560000 ,570.000000 ,1.000000
182.500000 ,3585.200000 ,571.000000 ,1.000000
182.500000 ,3584.720000 ,572.000000 ,1.000000
182.500000 ,3584.210000 ,573.000000 ,1.000000
183.200000 ,3585.450000 ,574.000000 ,1.000000
183.200000 ,3585.130000 ,575.000000 ,1.000000
183.200000 ,3584.620000 ,576.000000 ,1.000000
183.200000 ,3584.140000 ,577.000000 ,1.000000
183.900000 ,3585.340000 ,578.000000 ,1.000000
183.900000 ,3585.120000 ,579.000000 ,1.000000
183.900000 ,3584.610000 ,580.000000 ,1.000000
183.900000 ,3584.130000 ,581.000000 ,1.000000
184.600000 ,3585.250000 ,582.000000 ,1.000000
184.600000 ,3585.070000 ,583.000000 ,1.000000
184.600000 ,3584.590000 ,584.000000 ,1.000000
184.600000 ,3584.080000 ,585.000000 ,1.000000
184.600000 ,3583.540000 ,586.000000 ,1.000000
185.300000 ,3585.360000 ,587.000000 ,1.000000
185.300000 ,3585.120000 ,588.000000 ,1.000000
185.300000 ,3584.610000 ,589.000000 ,1.000000
185.300000 ,3584.130000 ,590.000000 ,1.000000
185.300000 ,3583.380000 ,591.000000 ,1.000000
186.000000 ,3561.460000 ,592.000000 ,0.000000
186.000000 ,3585.440000 ,593.000000 ,1.000000
186.000000 ,3585.260000 ,594.000000 ,1.000000
186.000000 ,3584.750000 ,595.000000 ,1.000000
186.000000 ,3584.270000 ,596.000000 ,1.000000
186.000000 ,3583.760000 ,597.000000 ,1.000000
186.700000 ,3585.510000 ,598.000000 ,1.000000
186.700000 ,3585.270000 ,599.000000 ,1.000000
186.700000 ,3584.760000 ,600.000000 ,1.000000
186.700000 ,3584.280000 ,601.000000 ,1.000000
186.700000 ,3583.770000 ,602.000000 ,1.000000
186.700000 ,3699.640000 ,603.000000 ,0.000000
187.400000 ,3585.580000 ,604.000000 ,1.000000
187.400000 ,3585.280000 ,605.000000 ,1.000000
187.400000 ,3584.770000 ,606.000000 ,1.000000
187.400000 ,3584.290000 ,607.000000 ,1.000000
187.400000 ,3583.780000 ,608.000000 ,1.000000
187.400000 ,3626.080000 ,609.000000 ,0.000000
187.400000 ,3778.420000 ,610.000000 ,0.000000
188.100000 ,3585.630000 ,611.000000 ,1.000000
188.100000 ,3585.420000 ,612.000000 ,1.000000
188.100000 ,3584.910000 ,613.000000 ,1.000000
188.100000 ,3584.430000 ,614.000000 ,1.000000
188.100000 ,3583.920000 ,615.000000 ,1.000000
188.800000 ,3489.520000 ,616.000000 ,0.000000
188.800000 ,3518.860000 ,617.000000 ,0.000000
188.800000 ,3587.320000 ,618.000000 ,0.000000
188.800000 ,3585.660000 ,619.000000 ,1.000000
188.800000 ,3585.480000 ,620.000000 ,1.000000
188.800000 ,3584.970000 ,621.000000 ,1.000000
188.800000 ,3584.460000 ,622.000000 ,1.000000
188.800000 ,3583.980000 ,623.000000 ,1.000000
188.800000 ,3583.470000 ,624.000000 ,1.000000
189.500000 ,3585.800000 ,625.000000 ,1.000000
189.500000 ,3585.570000 ,626.000000 ,1.000000
189.500000 ,3585.060000 ,627.000000 ,1.000000
189.500000 ,3584.580000 ,628.000000 ,1.000000
189.500000 ,3584.070000 ,629.000000 ,1.000000
189.500000 ,3583.500000 ,630.000000 ,1.000000
189.500000 ,3663.340000 ,631.000000 ,0.000000
190.200000 ,3585.800000 ,632.000000 ,1.000000
190.200000 ,3585.580000 ,633.000000 ,1.000000
190.200000 ,3585.070000 ,634.000000 ,1.000000
190.200000 ,3584.590000 ,635.000000 ,1.000000
190.200000 ,3584.080000 ,636.000000 ,1.000000
190.200000 ,3583.570000 ,637.000000 ,1.000000
190.200000 ,3646.480000 ,638.000000 ,0.000000
190.900000 ,3585.770000 ,639.000000 ,1.000000
190.900000 ,3585.610000 ,640.000000 ,1.000000
190.900000 ,3585.130000 ,641.000000 ,1.000000
190.900000 ,3584.620000 ,642.000000 ,1.000000
190.900000 ,3584.140000 ,643.000000 ,1.000000
190.900000 ,3583.630000 ,644.000000 ,1.000000
191.600000 ,3585.710000 ,645.000000 ,1.000000
191.600000 ,3585.500000 ,646.000000 ,1.000000
191.600000 ,3585.020000 ,647.000000 ,1.000000
191.600000 ,3584.510000 ,648.000000 ,1.000000
191.600000 ,3584.000000 ,649.000000 ,1.000000
191.600000 ,3583.520000 ,650.000000 ,1.000000
192.300000 ,3592.420000 ,651.000000 ,0.000000
192.300000 ,3585.710000 ,652.000000 ,1.000000
192.300000 ,3585.560000 ,653.000000 ,1.000000
192.300000 ,3585.050000 ,654.000000 ,1.000000
192.300000 ,3584.570000 ,655.000000 ,1.000000
192.300000 ,3584.060000 ,656.000000 ,1.000000
192.300000 ,3583.550000 ,657.000000 ,1.000000
192.300000 ,3747.580000 ,658.000000 ,0.000000
193.000000 ,3585.710000 ,659.000000 ,1.000000
193.000000 ,3585.620000 ,660.000000 ,1.000000
193.000000 ,3585.110000 ,661.000000 ,1.000000
193.000000 ,3584.600000 ,662.000000 ,1.000000
193.000000 ,3584.120000 ,663.000000 ,1.000000
193.000000 ,3583.610000 ,664.000000 ,1.000000
193.700000 ,3585.690000 ,665.000000 ,1.000000
193.700000 ,3585.420000 ,666.000000 ,1.000000
193.700000 ,3584.910000 ,667.000000 ,1.000000
193.700000 ,3584.430000 ,668.000000 ,1.000000
193.700000 ,3583.920000 ,669.000000 ,1.000000
194.400000 ,3585.690000 ,670.000000 ,1.000000
194.400000 ,3585.630000 ,671.000000 ,1.000000
194.400000 ,3585.120000 ,672.000000 ,1.000000
194.400000 ,3584.610000 ,673.000000 ,1.000000
194.400000 ,3584.130000 ,674.000000 ,1.000000
194.400000 ,3583.620000 ,675.000000 ,1.000000
194.400000 ,3687.220000 ,676.000000 ,0.000000
195.100000 ,3585.700000 ,677.000000 ,1.000000
195.100000 ,3585.570000 ,678.000000 ,1.000000
195.100000 ,3585.060000 ,679.000000 ,1.000000
195.100000 ,3584.580000 ,680.000000 ,1.000000
195.100000 ,3584.070000 ,681.000000 ,1.000000
195.100000 ,3583.560000 ,682.000000 ,1.000000
195.800000 ,3586.060000 ,683.000000 ,1.000000
195.800000 ,3585.870000 ,684.000000 ,1.000000
195.800000 ,3585.360000 ,685.000000 ,1.000000
195.800000 ,3584.880000 ,686.000000 ,1.000000
195.800000 ,3584.370000 ,687.000000 ,1.000000
195.800000 ,3583.860000 ,688.000000 ,1.000000
196.500000 ,3586.220000 ,689.000000 ,1.000000
196.500000 ,3586.080000 ,690.000000 ,1.000000
196.500000 ,3585.560000 ,691.000000 ,1.000000
196.500000 ,3585.050000 ,692.000000 ,1.000000
196.500000 ,3584.570000 ,693.000000 ,1.000000
196.500000 ,3584.060000 ,694.000000 ,1.000000
196.500000 ,3583.490000 ,695.000000 ,1.000000
196.500000 ,3603.940000 ,696.000000 ,0.000000
196.500000 ,3638.020000 ,697.000000 ,0.000000
196.500000 ,3675.580000 ,698.000000 ,0.000000
196.500000 ,3766.060000 ,699.000000 ,0.000000
197.200000 ,3586.220000 ,700.000000 ,1.000000
197.200000 ,3585.880000 ,701.000000 ,1.000000
197.200000 ,3585.370000 ,702.000000 ,1.000000
197.200000 ,3584.890000 ,703.000000 ,1.000000
197.200000 ,3584.380000 ,704.000000 ,1.000000
197.200000 ,3583.870000 ,705.000000 ,1.000000
197.200000 ,3693.160000 ,706.000000 ,0.000000
197.900000 ,3586.220000 ,707.000000 ,1.000000
197.900000 ,3585.880000 ,708.000000 ,1.000000
197.900000 ,3585.370000 ,709.000000 ,1.000000
197.900000 ,3584.890000 ,710.000000 ,1.000000
197.900000 ,3584.380000 ,711.000000 ,1.000000
197.900000 ,3583.870000 ,712.000000 ,1.000000
198.600000 ,3586.220000 ,713.000000 ,1.000000
198.600000 ,3585.860000 ,714.000000 ,1.000000
198.600000 ,3585.350000 ,715.000000 ,1.000000
198.600000 ,3584.870000 ,716.000000 ,1.000000
198.600000 ,3584.360000 ,717.000000 ,1.000000
198.600000 ,3583.850000 ,718.000000 ,1.000000
199.300000 ,3586.220000 ,719.000000 ,1.000000
199.300000 ,3585.970000 ,720.000000 ,1.000000
199.300000 ,3585.490000 ,721.000000 ,1.000000
199.300000 ,3584.980000 ,722.000000 ,1.000000
199.300000 ,3584.470000 ,723.000000 ,1.000000
199.300000 ,3583.990000 ,724.000000 ,1.000000
199.300000 ,3748.780000 ,725.000000 ,0.000000
200.000000 ,3586.330000 ,726.000000 ,1.000000
200.000000 ,3586.030000 ,727.000000 ,1.000000
200.000000 ,3585.520000 ,728.000000 ,1.000000
200.000000 ,3585.040000 ,729.000000 ,1.000000
200.000000 ,3584.530000 ,730.000000 ,1.000000
200.000000 ,3584.020000 ,731.000000 ,1.000000
200.700000 ,3586.560000 ,732.000000 ,1.000000
200.700000 ,3586.100000 ,733.000000 ,1.000000
200.700000 ,3585.620000 ,734.000000 ,1.000000
200.700000 ,3585.110000 ,735.000000 ,1.000000
200.700000 ,3584.600000 ,736.000000 ,1.000000
200.700000 ,3584.120000 ,737.000000 ,1.000000
200.700000 ,3583.490000 ,738.000000 ,1.000000
201.400000 ,3586.560000 ,739.000000 ,1.000000
201.400000 ,3586.320000 ,740.000000 ,1.000000
201.400000 ,3585.810000 ,741.000000 ,1.000000
201.400000 ,3585.330000 ,742.000000 ,1.000000
201.400000 ,3584.820000 ,743.000000 ,1.000000
201.400000 ,3584.310000 ,744.000000 ,1.000000
201.400000 ,3583.830000 ,745.000000 ,1.000000
201.400000 ,3620.260000 ,746.000000 ,0.000000
202.100000 ,3586.760000 ,747.000000 ,1.000000
202.100000 ,3586.360000 ,748.000000 ,1.000000
202.100000 ,3585.880000 ,749.000000 ,1.000000
202.100000 ,3585.370000 ,750.000000 ,1.000000
202.100000 ,3584.890000 ,751.000000 ,1.000000
202.100000 ,3584.380000 ,752.000000 ,1.000000
202.100000 ,3583.870000 ,753.000000 ,1.000000
202.800000 ,3586.910000 ,754.000000 ,1.000000
202.800000 ,3586.480000 ,755.000000 ,1.000000
202.800000 ,3585.970000 ,756.000000 ,1.000000
202.800000 ,3585.490000 ,757.000000 ,1.000000
202.800000 ,3584.980000 ,758.000000 ,1.000000
202.800000 ,3584.470000 ,759.000000 ,1.000000
202.800000 ,3583.990000 ,760.000000 ,1.000000
203.500000 ,3587.110000 ,761.000000 ,1.000000
203.500000 ,3586.720000 ,762.000000 ,1.000000
203.500000 ,3586.230000 ,763.000000 ,1.000000
203.500000 ,3585.720000 ,764.000000 ,1.000000
203.500000 ,3585.210000 ,765.000000 ,1.000000
203.500000 ,3584.730000 ,766.000000 ,1.000000
203.500000 ,3584.220000 ,767.000000 ,1.000000
203.500000 ,3583.710000 ,768.000000 ,1.000000
203.500000 ,3781.840000 ,769.000000 ,0.000000
204.200000 ,3587.210000 ,770.000000 ,1.000000
204.200000 ,3586.850000 ,771.000000 ,1.000000
204.200000 ,3586.370000 ,772.000000 ,1.000000
204.200000 ,3585.860000 ,773.000000 ,1.000000
204.200000 ,3585.350000 ,774.000000 ,1.000000
204.200000 ,3584.870000 ,775.000000 ,1.000000
204.200000 ,3584.360000 ,776.000000 ,1.000000
204.200000 ,3583.850000 ,777.000000 ,1.000000
204.900000 ,3507.100000 ,778.000000 ,0.000000
204.900000 ,3587.210000 ,779.000000 ,1.000000
204.900000 ,3586.910000 ,780.000000 ,1.000000
204.900000 ,3586.400000 ,781.000000 ,1.000000
204.900000 ,3585.920000 ,782.000000 ,1.000000
204.900000 ,3585.410000 ,783.000000 ,1.000000
204.900000 ,3584.900000 ,784.000000 ,1.000000
204.900000 ,3584.420000 ,785.000000 ,1.000000
204.900000 ,3583.910000 ,786.000000 ,1.000000
204.900000 ,3634.780000 ,787.000000 ,0.000000
204.900000 ,3733.060000 ,788.000000 ,0.000000
205.600000 ,3587.210000 ,789.000000 ,1.000000
205.600000 ,3586.820000 ,790.000000 ,1.000000
205.600000 ,3586.310000 ,791.000000 ,1.000000
205.600000 ,3585.800000 ,792.000000 ,1.000000
205.600000 ,3585.320000 ,793.000000 ,1.000000
205.600000 ,3584.810000 ,794.000000 ,1.000000
205.600000 ,3584.300000 ,795.000000 ,1.000000
205.600000 ,3583.820000 ,796.000000 ,1.000000
205.600000 ,3748.360000 ,797.000000 ,0.000000
205.600000 ,3753.700000 ,798.000000 ,0.000000
206.300000 ,3524.980000 ,799.000000 ,0.000000
206.300000 ,3587.210000 ,800.000000 ,1.000000
206.300000 ,3587.080000 ,801.000000 ,1.000000
206.300000 ,3586.570000 ,802.000000 ,1.000000
206.300000 ,3586.090000 ,803.000000 ,1.000000
206.300000 ,3585.580000 ,804.000000 ,1.000000
206.300000 ,3585.070000 ,805.000000 ,1.000000
206.300000 ,3584.590000 ,806.000000 ,1.000000
206.300000 ,3584.080000 ,807.000000 ,1.000000
207.000000 ,3571.480000 ,808.000000 ,0.000000
207.000000 ,3587.270000 ,809.000000 ,1.000000
207.000000 ,3587.010000 ,810.000000 ,1.000000
207.000000 ,3586.530000 ,811.000000 ,1.000000
207.000000 ,3586.020000 ,812.000000 ,1.000000
207.000000 ,3585.510000 ,813.000000 ,1.000000
207.000000 ,3585.030000 ,814.000000 ,1.000000
207.000000 ,3584.520000 ,815.000000 ,1.000000
207.000000 ,3584.010000 ,816.000000 ,1.000000
207.000000 ,3583.530000 ,817.000000 ,1.000000
207.700000 ,3587.270000 ,818.000000 ,1.000000
207.700000 ,3587.040000 ,819.000000 ,1.000000
207.700000 ,3586.560000 ,820.000000 ,1.000000
207.700000 ,3586.080000 ,821.000000 ,1.000000
207.700000 ,3585.570000 ,822.000000 ,1.000000
207.700000 ,3585.060000 ,823.000000 ,1.000000
207.700000 ,3584.580000 ,824.000000 ,1.000000
207.700000 ,3584.070000 ,825.000000 ,1.000000
207.700000 ,3583.560000 ,826.000000 ,1.000000
208.400000 ,3530.140000 ,827.000000 ,0.000000
208.400000 ,3587.270000 ,828.000000 ,1.000000
208.400000 ,3587.010000 ,829.000000 ,1.000000
208.400000 ,3586.530000 ,830.000000 ,1.000000
208.400000 ,3586.020000 ,831.000000 ,1.000000
208.400000 ,3585.510000 ,832.000000 ,1.000000
208.400000 ,3585.030000 ,833.000000 ,1.000000
208.400000 ,3584.520000 ,834.000000 ,1.000000
208.400000 ,3584.010000 ,835.000000 ,1.000000
208.400000 ,3583.440000 ,836.000000 ,1.000000
209.100000 ,3587.350000 ,837.000000 ,1.000000
209.100000 ,3587.000000 ,838.000000 ,1.000000
209.100000 ,3586.520000 ,839.000000 ,1.000000
209.100000 ,3586.010000 ,840.000000 ,1.000000
209.100000 ,3585.500000 ,841.000000 ,1.000000
209.100000 ,3585.020000 ,842.000000 ,1.000000
209.100000 ,3584.510000 ,843.000000 ,1.000000
209.100000 ,3584.000000 ,844.000000 ,1.000000
209.100000 ,3583.520000 ,845.000000 ,1.000000
209.100000 ,3743.800000 ,846.000000 ,0.000000
209.800000 ,3587.350000 ,847.000000 ,1.000000
209.800000 ,3587.060000 ,848.000000 ,1.000000
209.800000 ,3586.550000 ,849.000000 ,1.000000
209.800000 ,3586.070000 ,850.000000 ,1.000000
209.800000 ,3585.560000 ,851.000000 ,1.000000
209.800000 ,3585.050000 ,852.000000 ,1.000000
209.800000 ,3584.570000 ,853.000000 ,1.000000
209.800000 ,3584.060000 ,854.000000 ,1.000000
209.800000 ,3583.550000 ,855.000000 ,1.000000
209.800000 ,3725.680000 ,856.000000 ,0.000000
210.500000 ,3506.800000 ,857.000000 ,0.000000
210.500000 ,3587.370000 ,858.000000 ,1.000000
210.500000 ,3587.060000 ,859.000000 ,1.000000
210.500000 ,3586.550000 ,860.000000 ,1.000000
210.500000 ,3586.070000 ,861.000000 ,1.000000
210.500000 ,3585.560000 ,862.000000 ,1.000000
210.500000 ,3585.050000 ,863.000000 ,1.000000
210.500000 ,3584.570000 ,864.000000 ,1.000000
210.500000 ,3584.060000 ,865.000000 ,1.000000
210.500000 ,3583.550000 ,866.000000 ,1.000000
211.200000 ,3587.370000 ,867.000000 ,1.000000
211.200000 ,3587.150000 ,868.000000 ,1.000000
211.200000 ,3586.670000 ,869.000000 ,1.000000
211.200000 ,3586.160000 ,870.000000 ,1.000000
211.200000 ,3585.650000 ,871.000000 ,1.000000
211.200000 ,3585.170000 ,872.000000 ,1.000000
211.200000 ,3584.660000 ,873.000000 ,1.000000
211.200000 ,3584.150000 ,874.000000 ,1.000000
211.200000 ,3583.670000 ,875.000000 ,1.000000
211.200000 ,3659.140000 ,876.000000 ,0.000000
211.900000 ,3561.160000 ,877.000000 ,0.000000
211.900000 ,3587.370000 ,878.000000 ,1.000000
211.900000 ,3587.120000 ,879.000000 ,1.000000
211.900000 ,3586.610000 ,880.000000 ,1.000000
211.900000 ,3586.100000 ,881.000000 ,1.000000
211.900000 ,3585.620000 ,882.000000 ,1.000000
211.900000 ,3585.110000 ,883.000000 ,1.000000
211.900000 ,3584.600000 ,884.000000 ,1.000000
211.900000 ,3584.120000 ,885.000000 ,1.000000
211.900000 ,3583.610000 ,886.000000 ,1.000000
212.600000 ,3587.370000 ,887.000000 ,1.000000
212.600000 ,3587.120000 ,888.000000 ,1.000000
212.600000 ,3586.610000 ,889.000000 ,1.000000
212.600000 ,3586.100000 ,890.000000 ,1.000000
212.600000 ,3585.620000 ,891.000000 ,1.000000
212.600000 ,3585.110000 ,892.000000 ,1.000000
212.600000 ,3584.600000 ,893.000000 ,1.000000
212.600000 ,3584.120000 ,894.000000 ,1.000000
212.600000 ,3583.580000 ,895.000000 ,1.000000
212.600000 ,3739.900000 ,896.000000 ,0.000000
213.300000 ,3587.370000 ,897.000000 ,1.000000
213.300000 ,3587.000000 ,898.000000 ,1.000000
213.300000 ,3586.520000 ,899.000000 ,1.000000
213.300000 ,3586.010000 ,900.000000 ,1.000000
213.300000 ,3585.500000 ,901.000000 ,1.000000
213.300000 ,3585.020000 ,902.000000 ,1.000000
213.300000 ,3584.510000 ,903.000000 ,1.000000
213.300000 ,3584.000000 ,904.000000 ,1.000000
213.300000 ,3583.490000 ,905.000000 ,1.000000
213.300000 ,3755.500000 ,906.000000 ,0.000000
214.000000 ,3587.370000 ,907.000000 ,1.000000
214.000000 ,3587.000000 ,908.000000 ,1.000000
214.000000 ,3586.520000 ,909.000000 ,1.000000
214.000000 ,3586.010000 ,910.000000 ,1.000000
214.000000 ,3585.500000 ,911.000000 ,1.000000
214.000000 ,3585.020000 ,912.000000 ,1.000000
214.000000 ,3584.510000 ,913.000000 ,1.000000
214.000000 ,3584.000000 ,914.000000 ,1.000000
214.000000 ,3583.520000 ,915.000000 ,1.000000
214.700000 ,3587.370000 ,916.000000 ,1.000000
214.700000 ,3587.370000 ,917.000000 ,1.000000
214.700000 ,3586.850000 ,918.000000 ,1.000000
214.700000 ,3586.370000 ,919.000000 ,1.000000
214.700000 ,3585.860000 ,920.000000 ,1.000000
214.700000 ,3585.350000 ,921.000000 ,1.000000
214.700000 ,3584.870000 ,922.000000 ,1.000000
214.700000 ,3584.360000 ,923.000000 ,1.000000
214.700000 ,3583.850000 ,924.000000 ,1.000000
214.700000 ,3772.720000 ,925.000000 ,0.000000
215.400000 ,3587.370000 ,926.000000 ,1.000000
215.400000 ,3587.190000 ,927.000000 ,1.000000
215.400000 ,3586.710000 ,928.000000 ,1.000000
215.400000 ,3586.230000 ,929.000000 ,1.000000
215.400000 ,3585.720000 ,930.000000 ,1.000000
215.400000 ,3585.210000 ,931.000000 ,1.000000
215.400000 ,3584.730000 ,932.000000 ,1.000000
215.400000 ,3584.220000 ,933.000000 ,1.000000
215.400000 ,3583.710000 ,934.000000 ,1.000000
216.100000 ,3587.370000 ,935.000000 ,1.000000
216.100000 ,3587.220000 ,936.000000 ,1.000000
216.100000 ,3586.710000 ,937.000000 ,1.000000
216.100000 ,3586.230000 ,938.000000 ,1.000000
216.100000 ,3585.720000 ,939.000000 ,1.000000
216.100000 ,3585.210000 ,940.000000 ,1.000000
216.100000 ,3584.730000 ,941.000000 ,1.000000
216.100000 ,3584.220000 ,942.000000 ,1.000000
216.100000 ,3583.680000 ,943.000000 ,1.000000
216.800000 ,3587.370000 ,944.000000 ,1.000000
216.800000 ,3587.160000 ,945.000000 ,1.000000
216.800000 ,3586.680000 ,946.000000 ,1.000000
216.800000 ,3586.170000 ,947.000000 ,1.000000
216.800000 ,3585.660000 ,948.000000 ,1.000000
216.800000 ,3585.180000 ,949.000000 ,1.000000
216.800000 ,3584.670000 ,950.000000 ,1.000000
216.800000 ,3584.160000 ,951.000000 ,1.000000
217.500000 ,3587.400000 ,952.000000 ,1.000000
217.500000 ,3587.220000 ,953.000000 ,1.000000
217.500000 ,3586.710000 ,954.000000 ,1.000000
217.500000 ,3586.230000 ,955.000000 ,1.000000
217.500000 ,3585.720000 ,956.000000 ,1.000000
217.500000 ,3585.210000 ,957.000000 ,1.000000
217.500000 ,3584.730000 ,958.000000 ,1.000000
217.500000 ,3584.220000 ,959.000000 ,1.000000
218.200000 ,3492.820000 ,960.000000 ,0.000000
218.200000 ,3587.400000 ,961.000000 ,1.000000
218.200000 ,3587.160000 ,962.000000 ,1.000000
218.200000 ,3586.680000 ,963.000000 ,1.000000
218.200000 ,3586.170000 ,964.000000 ,1.000000
218.200000 ,3585.660000 ,965.000000 ,1.000000
218.200000 ,3585.180000 ,966.000000 ,1.000000
218.200000 ,3584.670000 ,967.000000 ,1.000000
218.200000 ,3584.160000 ,968.000000 ,1.000000
218.900000 ,3524.680000 ,969.000000 ,0.000000
218.900000 ,3587.400000 ,970.000000 ,1.000000
218.900000 ,3587.210000 ,971.000000 ,1.000000
218.900000 ,3586.700000 ,972.000000 ,1.000000
218.900000 ,3586.220000 ,973.000000 ,1.000000
218.900000 ,3585.710000 ,974.000000 ,1.000000
218.900000 ,3585.200000 ,975.000000 ,1.000000
218.900000 ,3584.720000 ,976.000000 ,1.000000
218.900000 ,3584.210000 ,977.000000 ,1.000000
219.600000 ,3587.360000 ,978.000000 ,1.000000
219.600000 ,3587.150000 ,979.000000 ,1.000000
219.600000 ,3586.670000 ,980.000000 ,1.000000
219.600000 ,3586.160000 ,981.000000 ,1.000000
219.600000 ,3585.650000 ,982.000000 ,1.000000
219.600000 ,3585.170000 ,983.000000 ,1.000000
219.600000 ,3584.660000 ,984.000000 ,1.000000
219.600000 ,3584.150000 ,985.000000 ,1.000000
220.300000 ,3587.360000 ,986.000000 ,1.000000
220.300000 ,3587.210000 ,987.000000 ,1.000000
220.300000 ,3586.700000 ,988.000000 ,1.000000
220.300000 ,3586.220000 ,989.000000 ,1.000000
220.300000 ,3585.710000 ,990.000000 ,1.000000
220.300000 ,3585.200000 ,991.000000 ,1.000000
220.300000 ,3584.720000 ,992.000000 ,1.000000
220.300000 ,3584.210000 ,993.000000 ,1.000000
221.000000 ,3587.360000 ,994.000000 ,1.000000
221.000000 ,3587.060000 ,995.000000 ,1.000000
221.000000 ,3586.550000 ,996.000000 ,1.000000
221.000000 ,3586.070000 ,997.000000 ,1.000000
221.000000 ,3585.560000 ,998.000000 ,1.000000
221.000000 ,3585.050000 ,999.000000 ,1.000000
221.000000 ,3584.570000 ,1000.000000 ,1.000000
221.000000 ,3584.060000 ,1001.000000 ,1.000000
221.700000 ,3531.400000 ,1002.000000 ,0.000000
221.700000 ,3574.060000 ,1003.000000 ,0.000000
221.700000 ,3587.420000 ,1004.000000 ,1.000000
221.700000 ,3587.140000 ,1005.000000 ,1.000000
221.700000 ,3586.630000 ,1006.000000 ,1.000000
221.700000 ,3586.120000 ,1007.000000 ,1.000000
221.700000 ,3585.640000 ,1008.000000 ,1.000000
221.700000 ,3585.130000 ,1009.000000 ,1.000000
221.700000 ,3584.620000 ,1010.000000 ,1.000000
221.700000 ,3584.110000 ,1011.000000 ,1.000000
222.400000 ,3530.620000 ,1012.000000 ,0.000000
222.400000 ,3587.420000 ,1013.000000 ,1.000000
222.400000 ,3587.280000 ,1014.000000 ,1.000000
222.400000 ,3586.780000 ,1015.000000 ,1.000000
222.400000 ,3586.270000 ,1016.000000 ,1.000000
222.400000 ,3585.790000 ,1017.000000 ,1.000000
222.400000 ,3585.280000 ,1018.000000 ,1.000000
222.400000 ,3584.770000 ,1019.000000 ,1.000000
222.400000 ,3584.290000 ,1020.000000 ,1.000000
223.100000 ,3587.420000 ,1021.000000 ,1.000000
223.100000 ,3587.170000 ,1022.000000 ,1.000000
223.100000 ,3586.720000 ,1023.000000 ,1.000000
223.100000 ,3586.240000 ,1024.000000 ,1.000000
223.100000 ,3585.730000 ,1025.000000 ,1.000000
223.100000 ,3585.220000 ,1026.000000 ,1.000000
223.100000 ,3584.740000 ,1027.000000 ,1.000000
223.100000 ,3584.230000 ,1028.000000 ,1.000000
223.100000 ,3665.140000 ,1029.000000 ,0.000000
223.800000 ,3587.420000 ,1030.000000 ,1.000000
223.800000 ,3587.060000 ,1031.000000 ,1.000000
223.800000 ,3586.550000 ,1032.000000 ,1.000000
223.800000 ,3586.070000 ,1033.000000 ,1.000000
223.800000 ,3585.560000 ,1034.000000 ,1.000000
223.800000 ,3585.050000 ,1035.000000 ,1.000000
223.800000 ,3584.570000 ,1036.000000 ,1.000000
224.500000 ,3587.420000 ,1037.000000 ,1.000000
224.500000 ,3587.240000 ,1038.000000 ,1.000000
224.500000 ,3586.760000 ,1039.000000 ,1.000000
224.500000 ,3586.250000 ,1040.000000 ,1.000000
224.500000 ,3585.770000 ,1041.000000 ,1.000000
224.500000 ,3585.260000 ,1042.000000 ,1.000000
224.500000 ,3584.750000 ,1043.000000 ,1.000000
224.500000 ,3600.100000 ,1044.000000 ,0.000000
225.200000 ,3587.400000 ,1045.000000 ,1.000000
225.200000 ,3587.100000 ,1046.000000 ,1.000000
225.200000 ,3586.620000 ,1047.000000 ,1.000000
225.200000 ,3586.110000 ,1048.000000 ,1.000000
225.200000 ,3585.630000 ,1049.000000 ,1.000000
225.200000 ,3585.120000 ,1050.000000 ,1.000000
225.200000 ,3584.610000 ,1051.000000 ,1.000000
225.900000 ,3587.410000 ,1052.000000 ,1.000000
225.900000 ,3587.070000 ,1053.000000 ,1.000000
225.900000 ,3586.560000 ,1054.000000 ,1.000000
225.900000 ,3586.080000 ,1055.000000 ,1.000000
225.900000 ,3585.570000 ,1056.000000 ,1.000000
225.900000 ,3585.060000 ,1057.000000 ,1.000000
225.900000 ,3584.580000 ,1058.000000 ,1.000000
226.600000 ,3533.260000 ,1059.000000 ,0.000000
226.600000 ,3587.470000 ,1060.000000 ,1.000000
226.600000 ,3587.160000 ,1061.000000 ,1.000000
226.600000 ,3586.680000 ,1062.000000 ,1.000000
226.600000 ,3586.170000 ,1063.000000 ,1.000000
226.600000 ,3585.660000 ,1064.000000 ,1.000000
226.600000 ,3585.180000 ,1065.000000 ,1.000000
226.600000 ,3584.670000 ,1066.000000 ,1.000000
226.600000 ,3783.340000 ,1067.000000 ,0.000000
227.300000 ,3564.760000 ,1068.000000 ,0.000000
227.300000 ,3587.510000 ,1069.000000 ,1.000000
227.300000 ,3587.280000 ,1070.000000 ,1.000000
227.300000 ,3586.770000 ,1071.000000 ,1.000000
227.300000 ,3586.260000 ,1072.000000 ,1.000000
227.300000 ,3585.780000 ,1073.000000 ,1.000000
227.300000 ,3585.270000 ,1074.000000 ,1.000000
227.300000 ,3584.760000 ,1075.000000 ,1.000000
228.000000 ,3587.520000 ,1076.000000 ,1.000000
228.000000 ,3587.380000 ,1077.000000 ,1.000000
228.000000 ,3586.870000 ,1078.000000 ,1.000000
228.000000 ,3586.390000 ,1079.000000 ,1.000000
228.000000 ,3585.880000 ,1080.000000 ,1.000000
228.000000 ,3585.370000 ,1081.000000 ,1.000000
228.000000 ,3584.890000 ,1082.000000 ,1.000000
228.000000 ,3584.380000 ,1083.000000 ,1.000000
228.000000 ,3603.220000 ,1084.000000 ,0.000000
228.000000 ,3702.040000 ,1085.000000 ,0.000000
228.700000 ,3587.530000 ,1086.000000 ,1.000000
228.700000 ,3587.380000 ,1087.000000 ,1.000000
228.700000 ,3586.870000 ,1088.000000 ,1.000000
228.700000 ,3586.390000 ,1089.000000 ,1.000000
228.700000 ,3585.880000 ,1090.000000 ,1.000000
228.700000 ,3585.370000 ,1091.000000 ,1.000000
228.700000 ,3584.890000 ,1092.000000 ,1.000000
229.400000 ,3587.600000 ,1093.000000 ,1.000000
229.400000 ,3587.530000 ,1094.000000 ,1.000000
229.400000 ,3587.020000 ,1095.000000 ,1.000000
229.400000 ,3586.540000 ,1096.000000 ,1.000000
229.400000 ,3586.030000 ,1097.000000 ,1.000000
229.400000 ,3585.520000 ,1098.000000 ,1.000000
229.400000 ,3585.040000 ,1099.000000 ,1.000000
229.400000 ,3584.530000 ,1100.000000 ,1.000000
229.400000 ,3639.400000 ,1101.000000 ,0.000000
230.100000 ,3498.280000 ,1102.000000 ,0.000000
230.100000 ,3587.920000 ,1103.000000 ,1.000000
230.100000 ,3587.530000 ,1104.000000 ,1.000000
230.100000 ,3587.020000 ,1105.000000 ,1.000000
230.100000 ,3586.540000 ,1106.000000 ,1.000000
230.100000 ,3586.030000 ,1107.000000 ,1.000000
230.100000 ,3585.520000 ,1108.000000 ,1.000000
230.100000 ,3585.040000 ,1109.000000 ,1.000000
230.100000 ,3584.530000 ,1110.000000 ,1.000000
230.100000 ,3725.800000 ,1111.000000 ,0.000000
230.800000 ,3588.120000 ,1112.000000 ,1.000000
230.800000 ,3587.740000 ,1113.000000 ,1.000000
230.800000 ,3587.220000 ,1114.000000 ,1.000000
230.800000 ,3586.710000 ,1115.000000 ,1.000000
230.800000 ,3586.230000 ,1116.000000 ,1.000000
230.800000 ,3585.720000 ,1117.000000 ,1.000000
230.800000 ,3585.210000 ,1118.000000 ,1.000000
230.800000 ,3584.730000 ,1119.000000 ,1.000000
231.500000 ,3525.940000 ,1120.000000 ,0.000000
231.500000 ,3588.280000 ,1121.000000 ,1.000000
231.500000 ,3587.870000 ,1122.000000 ,1.000000
231.500000 ,3587.360000 ,1123.000000 ,1.000000
231.500000 ,3586.850000 ,1124.000000 ,1.000000
231.500000 ,3586.370000 ,1125.000000 ,1.000000
231.500000 ,3585.860000 ,1126.000000 ,1.000000
231.500000 ,3585.350000 ,1127.000000 ,1.000000
231.500000 ,3584.870000 ,1128.000000 ,1.000000
232.200000 ,3588.460000 ,1129.000000 ,1.000000
232.200000 ,3588.210000 ,1130.000000 ,1.000000
232.200000 ,3587.740000 ,1131.000000 ,1.000000
232.200000 ,3587.230000 ,1132.000000 ,1.000000
232.200000 ,3586.720000 ,1133.000000 ,1.000000
232.200000 ,3586.240000 ,1134.000000 ,1.000000
232.200000 ,3585.730000 ,1135.000000 ,1.000000
232.200000 ,3585.220000 ,1136.000000 ,1.000000
232.200000 ,3584.740000 ,1137.000000 ,1.000000
232.900000 ,3538.540000 ,1138.000000 ,0.000000
232.900000 ,3588.650000 ,1139.000000 ,1.000000
232.900000 ,3588.540000 ,1140.000000 ,1.000000
232.900000 ,3588.060000 ,1141.000000 ,1.000000
232.900000 ,3587.580000 ,1142.000000 ,1.000000
232.900000 ,3587.070000 ,1143.000000 ,1.000000
232.900000 ,3586.560000 ,1144.000000 ,1.000000
232.900000 ,3586.080000 ,1145.000000 ,1.000000
232.900000 ,3585.570000 ,1146.000000 ,1.000000
232.900000 ,3585.060000 ,1147.000000 ,1.000000
232.900000 ,3584.580000 ,1148.000000 ,1.000000
232.900000 ,3691.720000 ,1149.000000 ,0.000000
233.600000 ,3588.720000 ,1150.000000 ,1.000000
233.600000 ,3588.330000 ,1151.000000 ,1.000000
233.600000 ,3587.820000 ,1152.000000 ,1.000000
233.600000 ,3587.280000 ,1153.000000 ,1.000000
233.600000 ,3586.770000 ,1154.000000 ,1.000000
233.600000 ,3586.260000 ,1155.000000 ,1.000000
233.600000 ,3585.780000 ,1156.000000 ,1.000000
233.600000 ,3585.270000 ,1157.000000 ,1.000000
233.600000 ,3584.760000 ,1158.000000 ,1.000000
234.300000 ,3588.720000 ,1159.000000 ,1.000000
234.300000 ,3588.350000 ,1160.000000 ,1.000000
234.300000 ,3587.870000 ,1161.000000 ,1.000000
234.300000 ,3587.360000 ,1162.000000 ,1.000000
234.300000 ,3586.850000 ,1163.000000 ,1.000000
234.300000 ,3586.370000 ,1164.000000 ,1.000000
234.300000 ,3585.860000 ,1165.000000 ,1.000000
234.300000 ,3585.350000 ,1166.000000 ,1.000000
234.300000 ,3584.870000 ,1167.000000 ,1.000000
235.000000 ,3588.720000 ,1168.000000 ,1.000000
235.000000 ,3588.320000 ,1169.000000 ,1.000000
235.000000 ,3587.810000 ,1170.000000 ,1.000000
235.000000 ,3587.300000 ,1171.000000 ,1.000000
235.000000 ,3586.820000 ,1172.000000 ,1.000000
235.000000 ,3586.310000 ,1173.000000 ,1.000000
235.000000 ,3585.800000 ,1174.000000 ,1.000000
235.000000 ,3585.320000 ,1175.000000 ,1.000000
235.000000 ,3584.810000 ,1176.000000 ,1.000000
235.700000 ,3588.720000 ,1177.000000 ,1.000000
235.700000 ,3588.520000 ,1178.000000 ,1.000000
235.700000 ,3588.040000 ,1179.000000 ,1.000000
235.700000 ,3587.530000 ,1180.000000 ,1.000000
235.700000 ,3587.020000 ,1181.000000 ,1.000000
235.700000 ,3586.540000 ,1182.000000 ,1.000000
235.700000 ,3586.030000 ,1183.000000 ,1.000000
235.700000 ,3585.520000 ,1184.000000 ,1.000000
235.700000 ,3585.040000 ,1185.000000 ,1.000000
235.700000 ,3639.100000 ,1186.000000 ,0.000000
236.400000 ,3588.740000 ,1187.000000 ,1.000000
236.400000 ,3588.460000 ,1188.000000 ,1.000000
236.400000 ,3587.980000 ,1189.000000 ,1.000000
236.400000 ,3587.470000 ,1190.000000 ,1.000000
236.400000 ,3586.990000 ,1191.000000 ,1.000000
236.400000 ,3586.480000 ,1192.000000 ,1.000000
236.400000 ,3585.970000 ,1193.000000 ,1.000000
236.400000 ,3585.490000 ,1194.000000 ,1.000000
237.100000 ,3588.740000 ,1195.000000 ,1.000000
237.100000 ,3588.640000 ,1196.000000 ,1.000000
237.100000 ,3588.130000 ,1197.000000 ,1.000000
237.100000 ,3587.620000 ,1198.000000 ,1.000000
237.100000 ,3587.140000 ,1199.000000 ,1.000000
237.100000 ,3586.630000 ,1200.000000 ,1.000000
237.100000 ,3586.120000 ,1201.000000 ,1.000000
237.100000 ,3585.640000 ,1202.000000 ,1.000000
237.100000 ,3585.130000 ,1203.000000 ,1.000000
237.100000 ,3781.000000 ,1204.000000 ,0.000000
237.800000 ,3588.740000 ,1205.000000 ,1.000000
237.800000 ,3588.500000 ,1206.000000 ,1.000000
237.800000 ,3588.020000 ,1207.000000 ,1.000000
237.800000 ,3587.510000 ,1208.000000 ,1.000000
237.800000 ,3587.000000 ,1209.000000 ,1.000000
237.800000 ,3586.520000 ,1210.000000 ,1.000000
237.800000 ,3586.010000 ,1211.000000 ,1.000000
237.800000 ,3585.500000 ,1212.000000 ,1.000000
237.800000 ,3740.920000 ,1213.000000 ,0.000000
238.500000 ,3588.740000 ,1214.000000 ,1.000000
238.500000 ,3588.560000 ,1215.000000 ,1.000000
238.500000 ,3588.050000 ,1216.000000 ,1.000000
238.500000 ,3587.570000 ,1217.000000 ,1.000000
238.500000 ,3587.060000 ,1218.000000 ,1.000000
238.500000 ,3586.550000 ,1219.000000 ,1.000000
238.500000 ,3586.070000 ,1220.000000 ,1.000000
238.500000 ,3585.560000 ,1221.000000 ,1.000000
238.500000 ,3611.200000 ,1222.000000 ,0.000000
238.500000 ,3784.360000 ,1223.000000 ,0.000000
239.200000 ,3588.740000 ,1224.000000 ,1.000000
239.200000 ,3588.560000 ,1225.000000 ,1.000000
239.200000 ,3588.050000 ,1226.000000 ,1.000000
239.200000 ,3587.570000 ,1227.000000 ,1.000000
239.200000 ,3587.060000 ,1228.000000 ,1.000000
239.200000 ,3586.550000 ,1229.000000 ,1.000000
239.200000 ,3586.070000 ,1230.000000 ,1.000000
239.200000 ,3585.560000 ,1231.000000 ,1.000000
239.900000 ,3588.740000 ,1232.000000 ,1.000000
239.900000 ,3588.500000 ,1233.000000 ,1.000000
239.900000 ,3588.020000 ,1234.000000 ,1.000000
239.900000 ,3587.510000 ,1235.000000 ,1.000000
239.900000 ,3587.000000 ,1236.000000 ,1.000000
239.900000 ,3586.520000 ,1237.000000 ,1.000000
239.900000 ,3586.010000 ,1238.000000 ,1.000000
239.900000 ,3585.500000 ,1239.000000 ,1.000000
239.900000 ,3701.260000 ,1240.000000 ,0.000000
240.600000 ,3588.740000 ,1241.000000 ,1.000000
240.600000 ,3588.500000 ,1242.000000 ,1.000000
240.600000 ,3588.020000 ,1243.000000 ,1.000000
240.600000 ,3587.510000 ,1244.000000 ,1.000000
240.600000 ,3587.000000 ,1245.000000 ,1.000000
240.600000 ,3586.520000 ,1246.000000 ,1.000000
240.600000 ,3586.010000 ,1247.000000 ,1.000000
240.600000 ,3585.500000 ,1248.000000 ,1.000000
240.600000 ,3669.220000 ,1249.000000 ,0.000000
240.600000 ,3707.860000 ,1250.000000 ,0.000000
241.300000 ,3588.740000 ,1251.000000 ,1.000000
241.300000 ,3588.560000 ,1252.000000 ,1.000000
241.300000 ,3588.050000 ,1253.000000 ,1.000000
241.300000 ,3587.570000 ,1254.000000 ,1.000000
241.300000 ,3587.060000 ,1255.000000 ,1.000000
241.300000 ,3586.550000 ,1256.000000 ,1.000000
241.300000 ,3586.070000 ,1257.000000 ,1.000000
241.300000 ,3585.560000 ,1258.000000 ,1.000000
242.000000 ,3588.740000 ,1259.000000 ,1.000000
242.000000 ,3588.500000 ,1260.000000 ,1.000000
242.000000 ,3588.020000 ,1261.000000 ,1.000000
242.000000 ,3587.510000 ,1262.000000 ,1.000000
242.000000 ,3587.000000 ,1263.000000 ,1.000000
242.000000 ,3586.520000 ,1264.000000 ,1.000000
242.000000 ,3586.010000 ,1265.000000 ,1.000000
242.000000 ,3585.500000 ,1266.000000 ,1.000000
242.700000 ,3588.740000 ,1267.000000 ,1.000000
242.700000 ,3588.470000 ,1268.000000 ,1.000000
242.700000 ,3587.960000 ,1269.000000 ,1.000000
242.700000 ,3587.450000 ,1270.000000 ,1.000000
242.700000 ,3586.970000 ,1271.000000 ,1.000000
242.700000 ,3586.460000 ,1272.000000 ,1.000000
242.700000 ,3585.950000 ,1273.000000 ,1.000000
242.700000 ,3585.470000 ,1274.000000 ,1.000000
243.400000 ,3588.980000 ,1275.000000 ,1.000000
243.400000 ,3588.500000 ,1276.000000 ,1.000000
243.400000 ,3588.020000 ,1277.000000 ,1.000000
243.400000 ,3587.510000 ,1278.000000 ,1.000000
243.400000 ,3587.000000 ,1279.000000 ,1.000000
243.400000 ,3586.520000 ,1280.000000 ,1.000000
243.400000 ,3586.010000 ,1281.000000 ,1.000000
244.100000 ,3588.980000 ,1282.000000 ,1.000000
244.100000 ,3588.500000 ,1283.000000 ,1.000000
244.100000 ,3588.020000 ,1284.000000 ,1.000000
244.100000 ,3587.510000 ,1285.000000 ,1.000000
244.100000 ,3587.000000 ,1286.000000 ,1.000000
244.100000 ,3586.520000 ,1287.000000 ,1.000000
244.100000 ,3586.010000 ,1288.000000 ,1.000000
244.800000 ,3589.060000 ,1289.000000 ,1.000000
244.800000 ,3588.560000 ,1290.000000 ,1.000000
244.800000 ,3588.050000 ,1291.000000 ,1.000000
244.800000 ,3587.570000 ,1292.000000 ,1.000000
244.800000 ,3587.060000 ,1293.000000 ,1.000000
244.800000 ,3586.550000 ,1294.000000 ,1.000000
244.800000 ,3586.070000 ,1295.000000 ,1.000000
244.800000 ,3612.520000 ,1296.000000 ,0.000000
244.800000 ,3614.740000 ,1297.000000 ,0.000000
244.800000 ,3652.540000 ,1298.000000 ,0.000000
245.500000 ,3588.980000 ,1299.000000 ,1.000000
245.500000 ,3588.510000 ,1300.000000 ,1.000000
245.500000 ,3588.030000 ,1301.000000 ,1.000000
245.500000 ,3587.520000 ,1302.000000 ,1.000000
245.500000 ,3587.010000 ,1303.000000 ,1.000000
245.500000 ,3586.530000 ,1304.000000 ,1.000000
245.500000 ,3586.020000 ,1305.000000 ,1.000000
245.500000 ,3723.160000 ,1306.000000 ,0.000000
246.200000 ,3589.060000 ,1307.000000 ,1.000000
246.200000 ,3588.810000 ,1308.000000 ,1.000000
246.200000 ,3588.300000 ,1309.000000 ,1.000000
246.200000 ,3587.820000 ,1310.000000 ,1.000000
246.200000 ,3587.310000 ,1311.000000 ,1.000000
246.200000 ,3586.830000 ,1312.000000 ,1.000000
246.200000 ,3586.320000 ,1313.000000 ,1.000000
246.200000 ,3687.100000 ,1314.000000 ,0.000000
246.900000 ,3501.220000 ,1315.000000 ,0.000000
246.900000 ,3589.060000 ,1316.000000 ,1.000000
246.900000 ,3588.580000 ,1317.000000 ,1.000000
246.900000 ,3588.070000 ,1318.000000 ,1.000000
246.900000 ,3587.590000 ,1319.000000 ,1.000000
246.900000 ,3587.080000 ,1320.000000 ,1.000000
246.900000 ,3586.570000 ,1321.000000 ,1.000000
246.900000 ,3586.090000 ,1322.000000 ,1.000000
246.900000 ,3617.440000 ,1323.000000 ,0.000000
247.600000 ,3589.060000 ,1324.000000 ,1.000000
247.600000 ,3588.730000 ,1325.000000 ,1.000000
247.600000 ,3588.220000 ,1326.000000 ,1.000000
247.600000 ,3587.740000 ,1327.000000 ,1.000000
247.600000 ,3587.230000 ,1328.000000 ,1.000000
247.600000 ,3586.720000 ,1329.000000 ,1.000000
247.600000 ,3586.240000 ,1330.000000 ,1.000000
248.300000 ,3494.080000 ,1331.000000 ,0.000000
248.300000 ,3589.060000 ,1332.000000 ,1.000000
248.300000 ,3588.580000 ,1333.000000 ,1.000000
248.300000 ,3588.070000 ,1334.000000 ,1.000000
248.300000 ,3587.590000 ,1335.000000 ,1.000000
248.300000 ,3587.080000 ,1336.000000 ,1.000000
248.300000 ,3586.570000 ,1337.000000 ,1.000000
248.300000 ,3586.090000 ,1338.000000 ,1.000000
249.000000 ,3588.820000 ,1339.000000 ,1.000000
249.000000 ,3588.670000 ,1340.000000 ,1.000000
249.000000 ,3588.190000 ,1341.000000 ,1.000000
249.000000 ,3587.680000 ,1342.000000 ,1.000000
249.000000 ,3587.170000 ,1343.000000 ,1.000000
249.000000 ,3586.690000 ,1344.000000 ,1.000000
249.000000 ,3586.180000 ,1345.000000 ,1.000000
249.700000 ,3489.220000 ,1346.000000 ,0.000000
249.700000 ,3588.980000 ,1347.000000 ,1.000000
249.700000 ,3588.520000 ,1348.000000 ,1.000000
249.700000 ,3588.040000 ,1349.000000 ,1.000000
249.700000 ,3587.530000 ,1350.000000 ,1.000000
249.700000 ,3587.020000 ,1351.000000 ,1.000000
249.700000 ,3586.540000 ,1352.000000 ,1.000000
249.700000 ,3586.030000 ,1353.000000 ,1.000000
250.400000 ,3589.020000 ,1354.000000 ,1.000000
250.400000 ,3588.870000 ,1355.000000 ,1.000000
250.400000 ,3588.350000 ,1356.000000 ,1.000000
250.400000 ,3587.870000 ,1357.000000 ,1.000000
250.400000 ,3587.360000 ,1358.000000 ,1.000000
250.400000 ,3586.850000 ,1359.000000 ,1.000000
250.400000 ,3586.370000 ,1360.000000 ,1.000000
251.100000 ,3589.190000 ,1361.000000 ,1.000000
251.100000 ,3588.950000 ,1362.000000 ,1.000000
251.100000 ,3588.470000 ,1363.000000 ,1.000000
251.100000 ,3587.960000 ,1364.000000 ,1.000000
251.100000 ,3587.450000 ,1365.000000 ,1.000000
251.100000 ,3586.970000 ,1366.000000 ,1.000000
251.100000 ,3586.460000 ,1367.000000 ,1.000000
251.800000 ,3589.350000 ,1368.000000 ,1.000000
251.800000 ,3589.280000 ,1369.000000 ,1.000000
251.800000 ,3588.810000 ,1370.000000 ,1.000000
251.800000 ,3588.330000 ,1371.000000 ,1.000000
251.800000 ,3587.820000 ,1372.000000 ,1.000000
251.800000 ,3587.310000 ,1373.000000 ,1.000000
251.800000 ,3586.830000 ,1374.000000 ,1.000000
251.800000 ,3586.320000 ,1375.000000 ,1.000000
252.500000 ,3589.490000 ,1376.000000 ,1.000000
252.500000 ,3589.030000 ,1377.000000 ,1.000000
252.500000 ,3588.520000 ,1378.000000 ,1.000000
252.500000 ,3588.040000 ,1379.000000 ,1.000000
252.500000 ,3587.530000 ,1380.000000 ,1.000000
252.500000 ,3587.020000 ,1381.000000 ,1.000000
252.500000 ,3586.540000 ,1382.000000 ,1.000000
253.200000 ,3589.890000 ,1383.000000 ,1.000000
253.200000 ,3589.420000 ,1384.000000 ,1.000000
253.200000 ,3588.940000 ,1385.000000 ,1.000000
253.200000 ,3588.430000 ,1386.000000 ,1.000000
253.200000 ,3587.920000 ,1387.000000 ,1.000000
253.200000 ,3587.440000 ,1388.000000 ,1.000000
253.200000 ,3586.930000 ,1389.000000 ,1.000000
253.200000 ,3586.420000 ,1390.000000 ,1.000000
253.900000 ,3562.960000 ,1391.000000 ,0.000000
253.900000 ,3591.410000 ,1392.000000 ,1.000000
253.900000 ,3589.950000 ,1393.000000 ,1.000000
253.900000 ,3589.440000 ,1394.000000 ,1.000000
253.900000 ,3588.960000 ,1395.000000 ,1.000000
253.900000 ,3588.480000 ,1396.000000 ,1.000000
253.900000 ,3587.970000 ,1397.000000 ,1.000000
253.900000 ,3587.460000 ,1398.000000 ,1.000000
253.900000 ,3586.980000 ,1399.000000 ,1.000000
253.900000 ,3586.440000 ,1400.000000 ,1.000000
253.900000 ,3633.760000 ,1401.000000 ,0.000000
254.600000 ,3591.460000 ,1402.000000 ,1.000000
254.600000 ,3590.980000 ,1403.000000 ,1.000000
254.600000 ,3590.290000 ,1404.000000 ,1.000000
254.600000 ,3589.680000 ,1405.000000 ,1.000000
254.600000 ,3589.170000 ,1406.000000 ,1.000000
254.600000 ,3588.660000 ,1407.000000 ,1.000000
254.600000 ,3588.180000 ,1408.000000 ,1.000000
254.600000 ,3587.670000 ,1409.000000 ,1.000000
254.600000 ,3587.160000 ,1410.000000 ,1.000000
254.600000 ,3586.680000 ,1411.000000 ,1.000000
254.600000 ,3586.020000 ,1412.000000 ,1.000000
254.600000 ,3762.640000 ,1413.000000 ,0.000000
255.300000 ,3592.290000 ,1414.000000 ,1.000000
255.300000 ,3591.620000 ,1415.000000 ,1.000000
255.300000 ,3590.570000 ,1416.000000 ,1.000000
255.300000 ,3590.160000 ,1417.000000 ,1.000000
255.300000 ,3589.680000 ,1418.000000 ,1.000000
255.300000 ,3589.170000 ,1419.000000 ,1.000000
255.300000 ,3588.660000 ,1420.000000 ,1.000000
255.300000 ,3588.180000 ,1421.000000 ,1.000000
255.300000 ,3587.670000 ,1422.000000 ,1.000000
255.300000 ,3587.160000 ,1423.000000 ,1.000000
255.300000 ,3586.650000 ,1424.000000 ,1.000000
256.000000 ,3591.730000 ,1425.000000 ,1.000000
256.000000 ,3591.010000 ,1426.000000 ,1.000000
256.000000 ,3590.410000 ,1427.000000 ,1.000000
256.000000 ,3589.980000 ,1428.000000 ,1.000000
256.000000 ,3589.470000 ,1429.000000 ,1.000000
256.000000 ,3588.960000 ,1430.000000 ,1.000000
256.000000 ,3588.480000 ,1431.000000 ,1.000000
256.000000 ,3587.970000 ,1432.000000 ,1.000000
256.000000 ,3587.460000 ,1433.000000 ,1.000000
256.000000 ,3586.980000 ,1434.000000 ,1.000000
256.000000 ,3586.440000 ,1435.000000 ,1.000000
256.700000 ,3591.940000 ,1436.000000 ,1.000000
256.700000 ,3591.320000 ,1437.000000 ,1.000000
256.700000 ,3590.570000 ,1438.000000 ,1.000000
256.700000 ,3590.160000 ,1439.000000 ,1.000000
256.700000 ,3589.680000 ,1440.000000 ,1.000000
256.700000 ,3589.170000 ,1441.000000 ,1.000000
256.700000 ,3588.660000 ,1442.000000 ,1.000000
256.700000 ,3588.180000 ,1443.000000 ,1.000000
256.700000 ,3587.670000 ,1444.000000 ,1.000000
256.700000 ,3587.160000 ,1445.000000 ,1.000000
256.700000 ,3586.680000 ,1446.000000 ,1.000000
257.400000 ,3576.400000 ,1447.000000 ,0.000000
257.400000 ,3591.940000 ,1448.000000 ,1.000000
257.400000 ,3591.200000 ,1449.000000 ,1.000000
257.400000 ,3590.410000 ,1450.000000 ,1.000000
257.400000 ,3589.920000 ,1451.000000 ,1.000000
257.400000 ,3589.410000 ,1452.000000 ,1.000000
257.400000 ,3588.930000 ,1453.000000 ,1.000000
257.400000 ,3588.420000 ,1454.000000 ,1.000000
257.400000 ,3587.910000 ,1455.000000 ,1.000000
257.400000 ,3587.430000 ,1456.000000 ,1.000000
257.400000 ,3586.920000 ,1457.000000 ,1.000000
257.400000 ,3586.230000 ,1458.000000 ,1.000000
258.100000 ,3512.260000 ,1459.000000 ,0.000000
258.100000 ,3591.940000 ,1460.000000 ,1.000000
258.100000 ,3591.360000 ,1461.000000 ,1.000000
258.100000 ,3590.570000 ,1462.000000 ,1.000000
258.100000 ,3590.160000 ,1463.000000 ,1.000000
258.100000 ,3589.680000 ,1464.000000 ,1.000000
258.100000 ,3589.170000 ,1465.000000 ,1.000000
258.100000 ,3588.660000 ,1466.000000 ,1.000000
258.100000 ,3588.180000 ,1467.000000 ,1.000000
258.100000 ,3587.670000 ,1468.000000 ,1.000000
258.100000 ,3587.160000 ,1469.000000 ,1.000000
258.100000 ,3586.680000 ,1470.000000 ,1.000000
258.800000 ,3591.460000 ,1471.000000 ,1.000000
258.800000 ,3590.570000 ,1472.000000 ,1.000000
258.800000 ,3590.080000 ,1473.000000 ,1.000000
258.800000 ,3589.620000 ,1474.000000 ,1.000000
258.800000 ,3589.110000 ,1475.000000 ,1.000000
258.800000 ,3588.630000 ,1476.000000 ,1.000000
258.800000 ,3588.120000 ,1477.000000 ,1.000000
258.800000 ,3587.610000 ,1478.000000 ,1.000000
258.800000 ,3587.130000 ,1479.000000 ,1.000000
258.800000 ,3586.620000 ,1480.000000 ,1.000000
259.500000 ,3592.590000 ,1481.000000 ,1.000000
259.500000 ,3591.460000 ,1482.000000 ,1.000000
259.500000 ,3590.980000 ,1483.000000 ,1.000000
259.500000 ,3590.410000 ,1484.000000 ,1.000000
259.500000 ,3589.920000 ,1485.000000 ,1.000000
259.500000 ,3589.410000 ,1486.000000 ,1.000000
259.500000 ,3588.930000 ,1487.000000 ,1.000000
259.500000 ,3588.420000 ,1488.000000 ,1.000000
259.500000 ,3587.910000 ,1489.000000 ,1.000000
259.500000 ,3587.430000 ,1490.000000 ,1.000000
259.500000 ,3586.920000 ,1491.000000 ,1.000000
259.500000 ,3586.410000 ,1492.000000 ,1.000000
260.200000 ,3592.290000 ,1493.000000 ,1.000000
260.200000 ,3591.620000 ,1494.000000 ,1.000000
260.200000 ,3590.410000 ,1495.000000 ,1.000000
260.200000 ,3589.920000 ,1496.000000 ,1.000000
260.200000 ,3589.410000 ,1497.000000 ,1.000000
260.200000 ,3588.930000 ,1498.000000 ,1.000000
260.200000 ,3588.420000 ,1499.000000 ,1.000000
260.200000 ,3587.910000 ,1500.000000 ,1.000000
260.200000 ,3587.430000 ,1501.000000 ,1.000000
260.200000 ,3586.920000 ,1502.000000 ,1.000000
260.200000 ,3635.980000 ,1503.000000 ,0.000000
260.900000 ,3592.290000 ,1504.000000 ,1.000000
260.900000 ,3591.730000 ,1505.000000 ,1.000000
260.900000 ,3591.200000 ,1506.000000 ,1.000000
260.900000 ,3590.570000 ,1507.000000 ,1.000000
260.900000 ,3590.160000 ,1508.000000 ,1.000000
260.900000 ,3589.710000 ,1509.000000 ,1.000000
260.900000 ,3589.230000 ,1510.000000 ,1.000000
260.900000 ,3588.720000 ,1511.000000 ,1.000000
260.900000 ,3588.210000 ,1512.000000 ,1.000000
260.900000 ,3587.730000 ,1513.000000 ,1.000000
260.900000 ,3587.220000 ,1514.000000 ,1.000000
260.900000 ,3586.710000 ,1515.000000 ,1.000000
261.600000 ,3592.590000 ,1516.000000 ,1.000000
261.600000 ,3591.620000 ,1517.000000 ,1.000000
261.600000 ,3590.570000 ,1518.000000 ,1.000000
261.600000 ,3590.160000 ,1519.000000 ,1.000000
261.600000 ,3589.710000 ,1520.000000 ,1.000000
261.600000 ,3589.230000 ,1521.000000 ,1.000000
261.600000 ,3588.720000 ,1522.000000 ,1.000000
261.600000 ,3588.210000 ,1523.000000 ,1.000000
261.600000 ,3587.730000 ,1524.000000 ,1.000000
261.600000 ,3587.220000 ,1525.000000 ,1.000000
261.600000 ,3586.710000 ,1526.000000 ,1.000000
262.300000 ,3591.780000 ,1527.000000 ,1.000000
262.300000 ,3591.290000 ,1528.000000 ,1.000000
262.300000 ,3590.740000 ,1529.000000 ,1.000000
262.300000 ,3590.200000 ,1530.000000 ,1.000000
262.300000 ,3589.710000 ,1531.000000 ,1.000000
262.300000 ,3589.230000 ,1532.000000 ,1.000000
262.300000 ,3588.720000 ,1533.000000 ,1.000000
262.300000 ,3588.210000 ,1534.000000 ,1.000000
262.300000 ,3587.730000 ,1535.000000 ,1.000000
262.300000 ,3587.220000 ,1536.000000 ,1.000000
262.300000 ,3586.710000 ,1537.000000 ,1.000000
263.000000 ,3591.580000 ,1538.000000 ,1.000000
263.000000 ,3590.570000 ,1539.000000 ,1.000000
263.000000 ,3590.080000 ,1540.000000 ,1.000000
263.000000 ,3589.560000 ,1541.000000 ,1.000000
263.000000 ,3589.080000 ,1542.000000 ,1.000000
263.000000 ,3588.570000 ,1543.000000 ,1.000000
263.000000 ,3588.060000 ,1544.000000 ,1.000000
263.000000 ,3587.580000 ,1545.000000 ,1.000000
263.000000 ,3587.070000 ,1546.000000 ,1.000000
263.000000 ,3586.560000 ,1547.000000 ,1.000000
263.000000 ,3688.480000 ,1548.000000 ,0.000000
263.700000 ,3493.720000 ,1549.000000 ,0.000000
263.700000 ,3592.590000 ,1550.000000 ,1.000000
263.700000 ,3591.780000 ,1551.000000 ,1.000000
263.700000 ,3591.260000 ,1552.000000 ,1.000000
263.700000 ,3590.570000 ,1553.000000 ,1.000000
263.700000 ,3590.160000 ,1554.000000 ,1.000000
263.700000 ,3589.690000 ,1555.000000 ,1.000000
263.700000 ,3589.180000 ,1556.000000 ,1.000000
263.700000 ,3588.670000 ,1557.000000 ,1.000000
263.700000 ,3588.190000 ,1558.000000 ,1.000000
263.700000 ,3587.680000 ,1559.000000 ,1.000000
263.700000 ,3587.170000 ,1560.000000 ,1.000000
263.700000 ,3586.690000 ,1561.000000 ,1.000000
264.400000 ,3592.100000 ,1562.000000 ,1.000000
264.400000 ,3591.460000 ,1563.000000 ,1.000000
264.400000 ,3591.010000 ,1564.000000 ,1.000000
264.400000 ,3590.410000 ,1565.000000 ,1.000000
264.400000 ,3589.990000 ,1566.000000 ,1.000000
264.400000 ,3589.480000 ,1567.000000 ,1.000000
264.400000 ,3588.970000 ,1568.000000 ,1.000000
264.400000 ,3588.490000 ,1569.000000 ,1.000000
264.400000 ,3587.980000 ,1570.000000 ,1.000000
264.400000 ,3587.470000 ,1571.000000 ,1.000000
264.400000 ,3586.960000 ,1572.000000 ,1.000000
264.400000 ,3586.380000 ,1573.000000 ,1.000000
265.100000 ,3592.590000 ,1574.000000 ,1.000000
265.100000 ,3591.780000 ,1575.000000 ,1.000000
265.100000 ,3591.290000 ,1576.000000 ,1.000000
265.100000 ,3590.570000 ,1577.000000 ,1.000000
265.100000 ,3590.080000 ,1578.000000 ,1.000000
265.100000 ,3589.630000 ,1579.000000 ,1.000000
265.100000 ,3589.120000 ,1580.000000 ,1.000000
265.100000 ,3588.640000 ,1581.000000 ,1.000000
265.100000 ,3588.130000 ,1582.000000 ,1.000000
265.100000 ,3587.620000 ,1583.000000 ,1.000000
265.100000 ,3587.140000 ,1584.000000 ,1.000000
265.100000 ,3586.630000 ,1585.000000 ,1.000000
265.800000 ,3592.590000 ,1586.000000 ,1.000000
265.800000 ,3591.580000 ,1587.000000 ,1.000000
265.800000 ,3590.570000 ,1588.000000 ,1.000000
265.800000 ,3590.200000 ,1589.000000 ,1.000000
265.800000 ,3589.720000 ,1590.000000 ,1.000000
265.800000 ,3589.240000 ,1591.000000 ,1.000000
265.800000 ,3588.730000 ,1592.000000 ,1.000000
265.800000 ,3588.220000 ,1593.000000 ,1.000000
265.800000 ,3587.740000 ,1594.000000 ,1.000000
265.800000 ,3587.230000 ,1595.000000 ,1.000000
265.800000 ,3586.720000 ,1596.000000 ,1.000000
266.500000 ,3592.590000 ,1597.000000 ,1.000000
266.500000 ,3591.620000 ,1598.000000 ,1.000000
266.500000 ,3591.050000 ,1599.000000 ,1.000000
266.500000 ,3590.320000 ,1600.000000 ,1.000000
266.500000 ,3589.840000 ,1601.000000 ,1.000000
266.500000 ,3589.330000 ,1602.000000 ,1.000000
266.500000 ,3588.820000 ,1603.000000 ,1.000000
266.500000 ,3588.340000 ,1604.000000 ,1.000000
266.500000 ,3587.830000 ,1605.000000 ,1.000000
266.500000 ,3587.320000 ,1606.000000 ,1.000000
266.500000 ,3586.840000 ,1607.000000 ,1.000000
266.500000 ,3586.320000 ,1608.000000 ,1.000000
267.200000 ,3592.130000 ,1609.000000 ,1.000000
267.200000 ,3591.360000 ,1610.000000 ,1.000000
267.200000 ,3590.830000 ,1611.000000 ,1.000000
267.200000 ,3590.320000 ,1612.000000 ,1.000000
267.200000 ,3589.840000 ,1613.000000 ,1.000000
267.200000 ,3589.330000 ,1614.000000 ,1.000000
267.200000 ,3588.820000 ,1615.000000 ,1.000000
267.200000 ,3588.340000 ,1616.000000 ,1.000000
267.200000 ,3587.830000 ,1617.000000 ,1.000000
267.200000 ,3587.320000 ,1618.000000 ,1.000000
267.200000 ,3586.840000 ,1619.000000 ,1.000000
267.200000 ,3586.290000 ,1620.000000 ,1.000000
267.200000 ,3620.020000 ,1621.000000 ,0.000000
267.900000 ,3592.590000 ,1622.000000 ,1.000000
267.900000 ,3591.110000 ,1623.000000 ,1.000000
267.900000 ,3590.410000 ,1624.000000 ,1.000000
267.900000 ,3589.990000 ,1625.000000 ,1.000000
267.900000 ,3589.470000 ,1626.000000 ,1.000000
267.900000 ,3588.960000 ,1627.000000 ,1.000000
267.900000 ,3588.480000 ,1628.000000 ,1.000000
267.900000 ,3587.970000 ,1629.000000 ,1.000000
267.900000 ,3587.460000 ,1630.000000 ,1.000000
267.900000 ,3586.890000 ,1631.000000 ,1.000000
267.900000 ,3586.320000 ,1632.000000 ,1.000000
268.600000 ,3591.460000 ,1633.000000 ,1.000000
268.600000 ,3590.980000 ,1634.000000 ,1.000000
268.600000 ,3590.320000 ,1635.000000 ,1.000000
268.600000 ,3589.830000 ,1636.000000 ,1.000000
268.600000 ,3589.320000 ,1637.000000 ,1.000000
268.600000 ,3588.810000 ,1638.000000 ,1.000000
268.600000 ,3588.330000 ,1639.000000 ,1.000000
268.600000 ,3587.820000 ,1640.000000 ,1.000000
268.600000 ,3587.310000 ,1641.000000 ,1.000000
268.600000 ,3586.830000 ,1642.000000 ,1.000000
268.600000 ,3586.320000 ,1643.000000 ,1.000000
269.300000 ,3592.170000 ,1644.000000 ,1.000000
269.300000 ,3591.620000 ,1645.000000 ,1.000000
269.300000 ,3591.150000 ,1646.000000 ,1.000000
269.300000 ,3590.570000 ,1647.000000 ,1.000000
269.300000 ,3590.160000 ,1648.000000 ,1.000000
269.300000 ,3589.680000 ,1649.000000 ,1.000000
269.300000 ,3589.170000 ,1650.000000 ,1.000000
269.300000 ,3588.660000 ,1651.000000 ,1.000000
269.300000 ,3588.180000 ,1652.000000 ,1.000000
269.300000 ,3587.670000 ,1653.000000 ,1.000000
269.300000 ,3587.100000 ,1654.000000 ,1.000000
269.300000 ,3586.560000 ,1655.000000 ,1.000000
270.000000 ,3553.240000 ,1656.000000 ,0.000000
270.000000 ,3592.170000 ,1657.000000 ,1.000000
270.000000 ,3591.620000 ,1658.000000 ,1.000000
270.000000 ,3591.110000 ,1659.000000 ,1.000000
270.000000 ,3590.570000 ,1660.000000 ,1.000000
270.000000 ,3590.160000 ,1661.000000 ,1.000000
270.000000 ,3589.620000 ,1662.000000 ,1.000000
270.000000 ,3589.110000 ,1663.000000 ,1.000000
270.000000 ,3588.630000 ,1664.000000 ,1.000000
270.000000 ,3588.120000 ,1665.000000 ,1.000000
270.000000 ,3587.610000 ,1666.000000 ,1.000000
270.000000 ,3587.130000 ,1667.000000 ,1.000000
270.000000 ,3586.590000 ,1668.000000 ,1.000000
270.000000 ,3766.240000 ,1669.000000 ,0.000000
270.700000 ,3527.980000 ,1670.000000 ,0.000000
270.700000 ,3590.960000 ,1671.000000 ,1.000000
270.700000 ,3590.400000 ,1672.000000 ,1.000000
270.700000 ,3589.890000 ,1673.000000 ,1.000000
270.700000 ,3589.410000 ,1674.000000 ,1.000000
270.700000 ,3588.930000 ,1675.000000 ,1.000000
270.700000 ,3588.420000 ,1676.000000 ,1.000000
270.700000 ,3587.910000 ,1677.000000 ,1.000000
270.700000 ,3587.430000 ,1678.000000 ,1.000000
270.700000 ,3586.860000 ,1679.000000 ,1.000000
270.700000 ,3586.310000 ,1680.000000 ,1.000000
270.700000 ,3616.420000 ,1681.000000 ,0.000000
271.400000 ,3515.500000 ,1682.000000 ,0.000000
271.400000 ,3590.200000 ,1683.000000 ,1.000000
271.400000 ,3589.770000 ,1684.000000 ,1.000000
271.400000 ,3589.260000 ,1685.000000 ,1.000000
271.400000 ,3588.780000 ,1686.000000 ,1.000000
271.400000 ,3588.240000 ,1687.000000 ,1.000000
271.400000 ,3587.730000 ,1688.000000 ,1.000000
271.400000 ,3587.220000 ,1689.000000 ,1.000000
271.400000 ,3586.700000 ,1690.000000 ,1.000000
271.400000 ,3586.220000 ,1691.000000 ,1.000000
271.400000 ,3613.660000 ,1692.000000 ,0.000000
272.100000 ,3590.200000 ,1693.000000 ,1.000000
272.100000 ,3589.700000 ,1694.000000 ,1.000000
272.100000 ,3589.220000 ,1695.000000 ,1.000000
272.100000 ,3588.710000 ,1696.000000 ,1.000000
272.100000 ,3588.200000 ,1697.000000 ,1.000000
272.100000 ,3587.690000 ,1698.000000 ,1.000000
272.100000 ,3587.210000 ,1699.000000 ,1.000000
272.100000 ,3586.700000 ,1700.000000 ,1.000000
272.100000 ,3586.220000 ,1701.000000 ,1.000000
272.800000 ,3590.200000 ,1702.000000 ,1.000000
272.800000 ,3589.760000 ,1703.000000 ,1.000000
272.800000 ,3589.250000 ,1704.000000 ,1.000000
272.800000 ,3588.770000 ,1705.000000 ,1.000000
272.800000 ,3588.260000 ,1706.000000 ,1.000000
272.800000 ,3587.750000 ,1707.000000 ,1.000000
272.800000 ,3587.270000 ,1708.000000 ,1.000000
272.800000 ,3586.780000 ,1709.000000 ,1.000000
272.800000 ,3586.140000 ,1710.000000 ,1.000000
272.800000 ,3678.520000 ,1711.000000 ,0.000000
273.500000 ,3557.920000 ,1712.000000 ,0.000000
273.500000 ,3590.400000 ,1713.000000 ,1.000000
273.500000 ,3589.850000 ,1714.000000 ,1.000000
273.500000 ,3589.370000 ,1715.000000 ,1.000000
273.500000 ,3588.860000 ,1716.000000 ,1.000000
273.500000 ,3588.350000 ,1717.000000 ,1.000000
273.500000 ,3587.870000 ,1718.000000 ,1.000000
273.500000 ,3587.360000 ,1719.000000 ,1.000000
273.500000 ,3586.840000 ,1720.000000 ,1.000000
273.500000 ,3586.200000 ,1721.000000 ,1.000000
274.200000 ,3590.200000 ,1722.000000 ,1.000000
274.200000 ,3589.620000 ,1723.000000 ,1.000000
274.200000 ,3589.080000 ,1724.000000 ,1.000000
274.200000 ,3588.540000 ,1725.000000 ,1.000000
274.200000 ,3588.060000 ,1726.000000 ,1.000000
274.200000 ,3587.580000 ,1727.000000 ,1.000000
274.200000 ,3586.910000 ,1728.000000 ,1.000000
274.200000 ,3586.410000 ,1729.000000 ,1.000000
274.200000 ,3782.380000 ,1730.000000 ,0.000000
274.900000 ,3589.700000 ,1731.000000 ,1.000000
274.900000 ,3589.160000 ,1732.000000 ,1.000000
274.900000 ,3588.650000 ,1733.000000 ,1.000000
274.900000 ,3588.170000 ,1734.000000 ,1.000000
274.900000 ,3587.600000 ,1735.000000 ,1.000000
274.900000 ,3587.140000 ,1736.000000 ,1.000000
274.900000 ,3586.630000 ,1737.000000 ,1.000000
274.900000 ,3601.060000 ,1738.000000 ,0.000000
275.600000 ,3589.570000 ,1739.000000 ,1.000000
275.600000 ,3589.120000 ,1740.000000 ,1.000000
275.600000 ,3588.640000 ,1741.000000 ,1.000000
275.600000 ,3588.100000 ,1742.000000 ,1.000000
275.600000 ,3587.560000 ,1743.000000 ,1.000000
275.600000 ,3587.040000 ,1744.000000 ,1.000000
275.600000 ,3586.560000 ,1745.000000 ,1.000000
275.600000 ,3624.580000 ,1746.000000 ,0.000000
276.300000 ,3589.360000 ,1747.000000 ,1.000000
276.300000 ,3589.010000 ,1748.000000 ,1.000000
276.300000 ,3588.520000 ,1749.000000 ,1.000000
276.300000 ,3588.040000 ,1750.000000 ,1.000000
276.300000 ,3587.530000 ,1751.000000 ,1.000000
276.300000 ,3587.030000 ,1752.000000 ,1.000000
276.300000 ,3586.520000 ,1753.000000 ,1.000000
276.300000 ,3666.820000 ,1754.000000 ,0.000000
276.300000 ,3713.440000 ,1755.000000 ,0.000000
277.000000 ,3589.330000 ,1756.000000 ,1.000000
277.000000 ,3589.060000 ,1757.000000 ,1.000000
277.000000 ,3588.530000 ,1758.000000 ,1.000000
277.000000 ,3588.050000 ,1759.000000 ,1.000000
277.000000 ,3587.570000 ,1760.000000 ,1.000000
277.000000 ,3587.030000 ,1761.000000 ,1.000000
277.000000 ,3586.520000 ,1762.000000 ,1.000000
277.000000 ,3658.360000 ,1763.000000 ,0.000000
277.700000 ,3531.760000 ,1764.000000 ,0.000000
277.700000 ,3589.330000 ,1765.000000 ,1.000000
277.700000 ,3588.970000 ,1766.000000 ,1.000000
277.700000 ,3588.410000 ,1767.000000 ,1.000000
277.700000 ,3587.650000 ,1768.000000 ,1.000000
277.700000 ,3587.170000 ,1769.000000 ,1.000000
277.700000 ,3586.670000 ,1770.000000 ,1.000000
278.400000 ,3546.760000 ,1771.000000 ,0.000000
278.400000 ,3548.260000 ,1772.000000 ,0.000000
278.400000 ,3589.170000 ,1773.000000 ,1.000000
278.400000 ,3588.270000 ,1774.000000 ,1.000000
278.400000 ,3587.600000 ,1775.000000 ,1.000000
278.400000 ,3586.940000 ,1776.000000 ,1.000000
279.100000 ,3589.170000 ,1777.000000 ,1.000000
279.100000 ,3588.540000 ,1778.000000 ,1.000000
279.100000 ,3587.550000 ,1779.000000 ,1.000000
279.100000 ,3587.030000 ,1780.000000 ,1.000000
279.100000 ,3646.120000 ,1781.000000 ,0.000000
