574.250000,338.999200,147449.000000,0.000000
574.260000,569.996800,147545.000000,0.000000
574.270000,431.556200,147490.000000,0.000000
574.270000,866.110400,147689.000000,0.000000
574.280000,491.328400,147523.000000,0.000000
574.280000,23.034700,147314.000000,0.000000
574.290000,721.244200,147616.000000,0.000000
574.290000,184.210000,147384.000000,0.000000
574.290000,754.749800,147631.000000,0.000000
574.290000,451.180300,147508.000000,0.000000
574.300000,412.759300,147491.000000,0.000000
574.320000,201.787300,147401.000000,0.000000
574.320000,-167.451600,147254.000000,0.000000
574.320000,35.310030,147329.000000,0.000000
574.330000,798.901900,147674.000000,0.000000
574.330000,296.550000,147450.000000,0.000000
574.330000,-3.085377,147315.000000,0.000000
574.340000,661.394500,147601.000000,0.000000
574.340000,192.818300,147400.000000,0.000000
574.350000,621.326100,147588.000000,0.000000
574.350000,823.405500,147691.000000,0.000000
574.350000,891.822300,147717.000000,0.000000
574.360000,448.510100,147524.000000,0.000000
574.370000,-89.978120,147285.000000,0.000000
574.370000,812.030200,147690.000000,0.000000
574.390000,701.002000,147632.000000,0.000000
574.390000,670.034300,147617.000000,0.000000
574.390000,569.378700,147574.000000,0.000000
574.400000,24.599660,147342.000000,0.000000
574.400000,161.007200,147402.000000,0.000000
574.400000,865.883900,147718.000000,0.000000
574.400000,93.485050,147365.000000,0.000000
574.400000,224.782700,147426.000000,0.000000
574.410000,825.952900,147702.000000,0.000000
574.410000,-111.260500,147286.000000,0.000000
574.410000,726.590200,147654.000000,0.000000
574.410000,322.910700,147474.000000,0.000000
574.410000,723.532200,147655.000000,0.000000
574.410000,258.036900,147451.000000,0.000000
574.430000,379.711400,147509.000000,0.000000
574.430000,715.927500,147653.000000,0.000000
574.430000,44.730840,147358.000000,0.000000
574.430000,611.960400,147602.000000,0.000000
574.440000,541.082200,147575.000000,0.000000
574.450000,637.181100,147618.000000,0.000000
574.450000,68.304850,147366.000000,0.000000
574.450000,-100.939000,147301.000000,0.000000
574.450000,-67.938060,147316.000000,0.000000
574.450000,-33.415110,147330.000000,0.000000
574.450000,268.954000,147463.000000,0.000000
574.460000,160.634500,147411.000000,0.000000
574.460000,734.378100,147675.000000,0.000000
574.470000,694.094400,147656.000000,0.000000
574.470000,493.248100,147558.000000,0.000000
574.470000,392.446900,147525.000000,0.000000
574.470000,-145.519000,147287.000000,0.000000
574.480000,788.315300,147703.000000,0.000000
574.480000,217.872700,147452.000000,0.000000
574.480000,521.297100,147576.000000,0.000000
574.480000,858.808300,147735.000000,0.000000
574.490000,345.540800,147510.000000,0.000000
574.500000,141.885500,147410.000000,0.000000
574.500000,646.740800,147633.000000,0.000000
574.510000,-167.628900,147288.000000,0.000000
574.520000,832.682700,147736.000000,0.000000
574.520000,365.283300,147526.000000,1.000000
574.520000,-38.959190,147343.000000,0.000000
574.520000,131.343800,147413.000000,0.000000
574.520000,667.265000,147657.000000,0.000000
574.520000,599.677900,147619.000000,0.000000
574.520000,32.018030,147367.000000,0.000000
574.520000,567.107000,147604.000000,0.000000
574.530000,228.277500,147464.000000,0.000000
574.530000,661.643400,147658.000000,0.000000
574.530000,60.235010,147385.000000,0.000000
574.530000,828.115400,147737.000000,0.000000
574.540000,523.371200,147589.000000,0.000000
574.540000,118.472600,147412.000000,0.000000
574.540000,556.851900,147603.000000,0.000000
574.540000,156.552000,147427.000000,0.000000
574.550000,584.137100,147620.000000,0.000000
574.560000,513.449300,147590.000000,0.000000
574.560000,-156.661900,147302.000000,0.000000
574.560000,446.673100,147559.000000,0.000000
574.580000,734.448500,147706.000000,0.000000
574.580000,737.123000,147704.000000,0.000000
574.580000,636.608300,147659.000000,0.000000
574.580000,134.578600,147428.000000,0.000000
574.580000,133.056700,147429.000000,0.000000
574.590000,729.019500,147705.000000,0.000000
574.600000,761.630000,147719.000000,0.000000
574.600000,494.036300,147591.000000,0.000000
574.610000,284.737000,147511.000000,0.000000
574.610000,81.941430,147414.000000,0.000000
574.630000,809.507000,147750.000000,0.000000
574.630000,4.470760,147386.000000,0.000000
574.640000,906.495500,147796.000000,0.000000
574.640000,168.906400,147465.000000,0.000000
574.640000,237.147900,147492.000000,0.000000
574.640000,470.534400,147592.000000,0.000000
574.650000,433.258500,147577.000000,0.000000
574.650000,835.289900,147766.000000,0.000000
574.660000,731.024800,147721.000000,0.000000
574.660000,659.326100,147692.000000,0.000000
574.660000,593.168400,147661.000000,0.000000
574.670000,-115.011900,147344.000000,0.000000
574.690000,212.259000,147493.000000,0.000000
574.690000,713.940200,147720.000000,0.000000
574.690000,75.409000,147430.000000,0.000000
574.690000,546.654200,147634.000000,0.000000
574.710000,704.123100,147723.000000,0.000000
574.710000,534.315900,147635.000000,0.000000
574.710000,570.171200,147660.000000,0.000000
574.710000,599.532400,147676.000000,0.000000
574.710000,400.206500,147578.000000,0.000000
574.720000,359.964700,147560.000000,1.000000
574.730000,891.907700,147817.000000,0.000000
574.730000,689.511200,147722.000000,0.000000
574.740000,519.050200,147636.000000,0.000000
574.740000,-148.746600,147345.000000,0.000000
574.750000,111.088200,147466.000000,0.000000
574.760000,138.951700,147475.000000,0.000000
574.760000,338.268100,147561.000000,0.000000
574.760000,-63.135110,147387.000000,0.000000
574.760000,175.777200,147494.000000,0.000000
574.770000,232.607400,147527.000000,0.000000
574.770000,-99.748240,147368.000000,0.000000
574.770000,-31.548520,147403.000000,0.000000
574.770000,737.680500,147751.000000,0.000000
574.780000,600.042400,147693.000000,0.000000
574.780000,-170.311400,147346.000000,0.000000
574.790000,797.233300,147781.000000,0.000000
574.790000,758.856800,147767.000000,0.000000
574.800000,119.551000,147476.000000,0.000000
574.810000,481.588500,147637.000000,0.000000
574.810000,47.992100,147453.000000,0.000000
574.810000,417.136700,147605.000000,0.000000
574.810000,818.873000,147798.000000,0.000000
574.820000,810.862300,147797.000000,0.000000
574.820000,512.345900,147662.000000,0.000000
574.830000,102.624200,147477.000000,0.000000
574.830000,137.633400,147495.000000,0.000000
574.830000,537.300500,147677.000000,0.000000
574.830000,303.896000,147562.000000,0.000000
574.840000,901.255000,147848.000000,0.000000
574.850000,-139.787000,147369.000000,0.000000
574.850000,494.395800,147664.000000,0.000000
574.860000,458.330200,147638.000000,0.000000
574.860000,489.161300,147663.000000,0.000000
574.870000,819.973300,147818.000000,0.000000
574.880000,10.632910,147454.000000,0.000000
574.880000,45.349440,147467.000000,0.000000
574.880000,-125.590400,147388.000000,0.000000
574.890000,-60.942270,147415.000000,0.000000
574.890000,541.275300,147694.000000,0.000000
574.890000,739.869300,147782.000000,0.000000
574.900000,603.488800,147724.000000,0.000000
574.900000,670.897600,147753.000000,0.000000
574.900000,-31.987530,147431.000000,0.000000
574.910000,365.002000,147607.000000,1.000000
574.910000,62.758240,147478.000000,0.000000
574.910000,664.404400,147754.000000,0.000000
574.910000,666.966500,147752.000000,0.000000
574.920000,158.224700,147528.000000,0.000000
574.920000,123.613400,147513.000000,0.000000
574.920000,623.964600,147738.000000,0.000000
574.920000,356.518200,147606.000000,1.000000
574.930000,117.915000,147512.000000,0.000000
574.930000,756.195400,147800.000000,0.000000
574.930000,-13.490990,147455.000000,0.000000
574.940000,213.086000,147547.000000,0.000000
574.940000,380.274200,147622.000000,0.000000
574.940000,616.203400,147739.000000,0.000000
574.940000,-56.562840,147433.000000,0.000000
574.940000,-54.518280,147432.000000,0.000000
574.940000,-54.203740,147434.000000,0.000000
574.940000,748.963900,147799.000000,0.000000
574.950000,608.021200,147740.000000,0.000000
574.950000,275.745900,147579.000000,0.000000
574.950000,377.754900,147621.000000,0.000000
574.970000,-35.435230,147456.000000,0.000000
574.970000,333.848800,147608.000000,0.000000
574.980000,-111.094900,147416.000000,0.000000
574.980000,256.916600,147580.000000,0.000000
574.980000,22.683430,147479.000000,0.000000
574.980000,126.206700,147529.000000,0.000000
574.990000,55.481400,147496.000000,0.000000
574.990000,186.885900,147548.000000,0.000000
574.990000,55.409990,147497.000000,0.000000
575.010000,476.814000,147695.000000,0.000000
575.020000,707.743300,147801.000000,0.000000
575.030000,-0.916676,147480.000000,0.000000
575.040000,397.411200,147665.000000,0.000000
575.040000,-139.746800,147417.000000,0.000000
575.040000,-105.410800,147435.000000,0.000000
575.060000,217.222700,147581.000000,0.000000
575.060000,821.719100,147866.000000,0.000000
575.070000,549.885500,147741.000000,0.000000
575.070000,343.844500,147639.000000,0.000000
575.070000,10.489530,147498.000000,0.000000
575.080000,75.548930,147530.000000,0.000000
575.080000,209.635100,147582.000000,0.000000
575.080000,74.366780,147531.000000,0.000000
575.080000,443.973600,147696.000000,0.000000
575.090000,333.480700,147640.000000,0.000000
575.100000,364.877900,147666.000000,1.000000
575.100000,131.538400,147549.000000,0.000000
575.100000,130.887600,147550.000000,0.000000
575.110000,-43.416240,147481.000000,0.000000
575.110000,729.109200,147834.000000,0.000000
575.120000,-14.178360,147499.000000,0.000000
575.130000,783.803200,147867.000000,0.000000
575.130000,283.384000,147623.000000,0.000000
575.140000,311.483600,147641.000000,0.000000
575.160000,666.173200,147819.000000,0.000000
575.160000,801.695700,147872.000000,0.000000
575.170000,-76.811780,147482.000000,0.000000
575.170000,895.686300,147925.000000,0.000000
575.180000,122.622200,147563.000000,0.000000
575.180000,190.080800,147593.000000,0.000000
575.190000,249.966100,147624.000000,0.000000
575.200000,347.016500,147679.000000,0.000000
575.210000,745.176100,147868.000000,0.000000
575.210000,6.005088,147532.000000,0.000000
575.210000,776.484700,147873.000000,0.000000
575.210000,338.489300,147678.000000,0.000000
575.220000,504.769800,147755.000000,0.000000
575.220000,266.292200,147642.000000,0.000000
575.230000,865.139600,147926.000000,0.000000
575.230000,-6.432173,147533.000000,0.000000
575.230000,-140.174000,147468.000000,0.000000
575.230000,698.882100,147849.000000,0.000000
575.230000,663.853300,147835.000000,0.000000
575.230000,-40.645590,147514.000000,0.000000
575.240000,191.145500,147609.000000,0.000000
575.250000,149.430600,147594.000000,0.000000
575.260000,550.269100,147783.000000,0.000000
575.260000,446.917600,147742.000000,0.000000
575.260000,516.915600,147769.000000,0.000000
575.280000,302.133700,147680.000000,0.000000
575.280000,607.364900,147820.000000,0.000000
575.290000,365.010500,147707.000000,1.000000
575.290000,901.443700,147957.000000,0.000000
575.290000,499.107800,147768.000000,0.000000
575.290000,-5.599727,147537.000000,0.000000
575.300000,529.257500,147784.000000,0.000000
575.300000,160.294900,147610.000000,0.000000
575.310000,658.309900,147851.000000,0.000000
575.320000,450.765900,147756.000000,0.000000
575.330000,646.386200,147850.000000,0.000000
575.330000,615.419200,147837.000000,0.000000
575.330000,-160.314900,147484.000000,0.000000
575.340000,807.709500,147927.000000,0.000000
575.340000,607.027800,147836.000000,0.000000
575.340000,538.177000,147802.000000,0.000000
575.340000,740.944800,147890.000000,0.000000
575.340000,-62.509460,147534.000000,0.000000
575.340000,877.227800,147958.000000,0.000000
575.350000,-167.119300,147483.000000,0.000000
575.350000,302.620900,147698.000000,0.000000
575.350000,366.052800,147725.000000,1.000000
575.360000,-8.200257,147552.000000,0.000000
575.360000,260.522300,147681.000000,0.000000
575.360000,632.242200,147852.000000,0.000000
575.370000,324.128600,147709.000000,0.000000
575.380000,685.440600,147875.000000,0.000000
575.380000,283.645000,147697.000000,0.000000
575.380000,-115.484600,147515.000000,0.000000
575.380000,555.093400,147821.000000,0.000000
575.380000,316.923400,147708.000000,0.000000
575.390000,748.049000,147908.000000,0.000000
575.390000,9.451954,147564.000000,0.000000
575.390000,111.969800,147611.000000,0.000000
575.390000,617.133300,147853.000000,0.000000
575.400000,-28.475780,147551.000000,0.000000
575.410000,33.944680,147583.000000,0.000000
575.410000,670.598100,147874.000000,0.000000
575.420000,330.708100,147726.000000,0.000000
575.420000,230.894500,147682.000000,0.000000
575.430000,626.029200,147869.000000,0.000000
575.430000,730.563900,147910.000000,0.000000
575.440000,755.217700,147928.000000,0.000000
575.440000,758.964400,147929.000000,0.000000
575.450000,850.861300,147978.000000,0.000000
575.450000,314.606800,147727.000000,0.000000
575.450000,447.879100,147786.000000,0.000000
575.450000,717.419600,147909.000000,0.000000
575.460000,513.506600,147822.000000,0.000000
575.460000,279.104800,147710.000000,0.000000
575.470000,-61.979640,147553.000000,0.000000
575.470000,807.819000,147960.000000,0.000000
575.470000,337.821000,147743.000000,0.000000
575.480000,768.090000,147945.000000,0.000000
575.480000,-104.471300,147539.000000,0.000000
575.480000,297.664200,147728.000000,0.000000
575.480000,802.221600,147959.000000,0.000000
575.480000,398.984700,147770.000000,0.000000
575.490000,427.434500,147785.000000,0.000000
575.490000,764.860700,147944.000000,0.000000
575.490000,228.882100,147699.000000,0.000000
575.490000,125.838400,147643.000000,0.000000
575.510000,-120.316500,147538.000000,0.000000
575.510000,16.585770,147595.000000,0.000000
575.510000,687.902800,147911.000000,0.000000
575.510000,49.773920,147612.000000,0.000000
575.510000,-18.593500,147584.000000,0.000000
575.520000,244.566000,147711.000000,0.000000
575.520000,348.239100,147757.000000,0.000000
575.520000,714.002500,147930.000000,0.000000
575.530000,-60.055600,147566.000000,0.000000
575.530000,407.917800,147787.000000,0.000000
575.560000,-77.761550,147565.000000,0.000000
575.570000,-147.310200,147540.000000,0.000000
575.580000,212.778400,147712.000000,0.000000
575.580000,81.545290,147644.000000,0.000000
575.590000,207.734000,147713.000000,0.000000
575.590000,342.577000,147772.000000,0.000000
575.590000,613.298800,147891.000000,0.000000
575.590000,781.491300,147979.000000,0.000000
575.590000,8.170729,147613.000000,0.000000
575.600000,36.795830,147625.000000,0.000000
575.600000,473.629300,147838.000000,0.000000
575.610000,64.803610,147646.000000,0.000000
575.610000,332.052200,147771.000000,0.000000
575.610000,-103.602800,147567.000000,0.000000
575.620000,360.030500,147788.000000,1.000000
575.630000,53.334060,147645.000000,0.000000
575.630000,-79.107440,147585.000000,0.000000
575.640000,-50.241060,147597.000000,0.000000
575.640000,-53.160830,147596.000000,0.000000
575.640000,349.813800,147789.000000,0.000000
575.650000,310.110100,147773.000000,0.000000
575.650000,479.344100,147854.000000,0.000000
575.650000,7.743165,147626.000000,0.000000
575.650000,108.958500,147683.000000,0.000000
575.650000,881.522000,148045.000000,0.000000
575.650000,9.730949,147627.000000,0.000000
575.660000,71.837290,147667.000000,0.000000
575.670000,68.997800,147668.000000,0.000000
575.670000,467.173400,147855.000000,0.000000
575.670000,267.189700,147758.000000,0.000000
575.680000,700.825100,147961.000000,0.000000
575.680000,327.063700,147790.000000,0.000000
575.680000,27.320090,147647.000000,0.000000
575.690000,124.662600,147700.000000,0.000000
575.690000,791.307600,148013.000000,0.000000
575.690000,357.030500,147803.000000,1.000000
575.690000,358.909200,147804.000000,1.000000
575.700000,551.518400,147892.000000,0.000000
575.700000,453.617600,147856.000000,0.000000
575.710000,76.864330,147684.000000,0.000000
575.710000,448.328400,147858.000000,0.000000
575.710000,143.948900,147714.000000,0.000000
575.720000,441.045800,147857.000000,0.000000
575.730000,405.277500,147839.000000,0.000000
575.730000,168.951400,147729.000000,0.000000
575.730000,805.703400,148030.000000,0.000000
575.740000,836.673300,148046.000000,0.000000
575.740000,533.081500,147893.000000,0.000000
575.740000,398.396600,147840.000000,0.000000
575.740000,363.956400,147823.000000,1.000000
575.760000,624.418900,147946.000000,0.000000
575.770000,-54.845020,147628.000000,0.000000
575.770000,651.757100,147962.000000,0.000000
575.770000,821.455000,148047.000000,0.000000
575.780000,510.191400,147894.000000,0.000000
575.780000,174.897700,147744.000000,0.000000
575.790000,406.386400,147859.000000,0.000000
575.790000,239.137400,147774.000000,0.000000
575.790000,639.663400,147963.000000,0.000000
575.790000,3.612478,147669.000000,0.000000
575.800000,299.429000,147805.000000,0.000000
575.800000,869.670000,148065.000000,0.000000
575.800000,200.703400,147759.000000,0.000000
575.810000,798.486700,148048.000000,0.000000
575.810000,628.073100,147964.000000,0.000000
575.820000,556.776100,147931.000000,0.000000
575.830000,285.330000,147806.000000,0.000000
575.830000,-49.499180,147648.000000,0.000000
575.830000,684.503400,147997.000000,0.000000
575.830000,349.687400,147841.000000,0.000000
575.830000,687.283400,147999.000000,0.000000
575.840000,847.159700,148066.000000,0.000000
575.840000,818.209000,148055.000000,0.000000
575.840000,279.505100,147807.000000,0.000000
575.850000,444.119100,147877.000000,0.000000
575.850000,206.578200,147775.000000,0.000000
575.850000,410.119800,147870.000000,0.000000
575.850000,-94.269290,147629.000000,0.000000
575.860000,871.643400,148075.000000,0.000000
575.860000,434.150500,147876.000000,0.000000
575.860000,-101.861400,147630.000000,0.000000
575.870000,734.204700,148031.000000,0.000000
575.870000,365.374200,147860.000000,1.000000
575.870000,-5.955177,147686.000000,0.000000
575.870000,666.795300,147998.000000,0.000000
575.870000,769.204200,148049.000000,0.000000
575.870000,-140.581000,147614.000000,0.000000
575.880000,695.619300,148014.000000,0.000000
575.880000,593.189200,147965.000000,0.000000
575.880000,828.507800,148067.000000,0.000000
575.880000,897.340100,148088.000000,0.000000
575.890000,-13.211660,147687.000000,0.000000
575.890000,419.045300,147878.000000,0.000000
575.890000,53.210170,147715.000000,0.000000
575.890000,-13.542600,147685.000000,0.000000
575.910000,208.544600,147791.000000,0.000000
575.920000,270.211200,147824.000000,0.000000
575.920000,-95.472860,147649.000000,0.000000
575.920000,135.128500,147760.000000,0.000000
575.920000,673.714800,148015.000000,0.000000
575.920000,772.708400,148056.000000,0.000000
575.920000,538.924600,147947.000000,0.000000
575.930000,400.521800,147880.000000,0.000000
575.930000,301.674600,147842.000000,0.000000
575.940000,-10.017570,147701.000000,0.000000
575.940000,729.729000,148050.000000,0.000000
575.950000,-81.195550,147670.000000,0.000000
575.950000,555.107500,147966.000000,0.000000
575.950000,255.030200,147825.000000,0.000000
575.950000,321.850700,147861.000000,0.000000
575.950000,388.834500,147879.000000,0.000000
575.960000,452.499000,147912.000000,0.000000
575.960000,183.850400,147792.000000,0.000000
575.960000,453.343800,147913.000000,0.000000
575.970000,210.099300,147808.000000,0.000000
575.980000,375.379800,147882.000000,0.000000
575.990000,234.028900,147827.000000,0.000000
575.990000,200.794300,147809.000000,0.000000
575.990000,134.225100,147777.000000,0.000000
576.000000,431.278100,147914.000000,0.000000
576.000000,428.302200,147915.000000,0.000000
576.010000,-108.645000,147671.000000,0.000000
576.010000,124.771200,147776.000000,0.000000
576.010000,793.330400,148076.000000,0.000000
576.010000,829.339200,148089.000000,0.000000
576.010000,356.032500,147881.000000,1.000000
576.010000,594.839500,148000.000000,0.000000
576.020000,221.374400,147826.000000,0.000000
576.030000,414.152000,147916.000000,0.000000
576.030000,513.784700,147967.000000,0.000000
576.030000,482.606100,147948.000000,0.000000
576.040000,611.535500,148016.000000,0.000000
576.040000,779.438500,148077.000000,0.000000
576.050000,337.318800,147883.000000,0.000000
576.050000,236.634300,147843.000000,0.000000
576.050000,806.526100,148090.000000,0.000000
576.050000,536.358500,147980.000000,0.000000
576.050000,-0.424362,147730.000000,0.000000
576.050000,640.291200,148032.000000,0.000000
576.060000,700.267800,148057.000000,0.000000
576.060000,-104.107100,147688.000000,0.000000
576.060000,566.306500,148001.000000,0.000000
576.060000,63.836540,147761.000000,0.000000
576.070000,697.459800,148058.000000,0.000000
576.070000,193.421100,147828.000000,0.000000
576.070000,895.538000,148131.000000,0.000000
576.080000,155.241000,147810.000000,0.000000
576.090000,818.651100,148106.000000,0.000000
576.090000,251.423000,147862.000000,0.000000
576.100000,781.379100,148091.000000,0.000000
576.110000,5.410754,147745.000000,0.000000
576.110000,-29.035830,147731.000000,0.000000
576.120000,905.457900,148151.000000,0.000000
576.120000,-168.120600,147672.000000,0.000000
576.120000,500.336400,147981.000000,0.000000
576.130000,162.627800,147829.000000,0.000000
576.140000,323.335200,147895.000000,0.000000
576.150000,421.379200,147949.000000,0.000000
576.150000,149.955700,147830.000000,0.000000
576.160000,277.843200,147884.000000,0.000000
576.160000,583.707500,148033.000000,0.000000
576.170000,475.440800,147982.000000,0.000000
576.170000,-26.020200,147746.000000,0.000000
576.170000,39.812470,147778.000000,0.000000
576.180000,837.827800,148133.000000,0.000000
576.190000,800.132000,148117.000000,0.000000
576.190000,-71.104030,147732.000000,0.000000
576.190000,834.372600,148132.000000,0.000000
576.190000,733.679100,148092.000000,0.000000
576.200000,896.510000,148167.000000,0.000000
576.210000,252.429000,147885.000000,0.000000
576.220000,13.804180,147779.000000,0.000000
576.220000,-17.265350,147762.000000,0.000000
576.230000,-89.326900,147734.000000,0.000000
576.230000,581.080100,148051.000000,0.000000
576.240000,775.339200,148118.000000,0.000000
576.240000,372.934100,147950.000000,0.000000
576.240000,708.407100,148093.000000,0.000000
576.250000,535.540900,148034.000000,0.000000
576.250000,-101.529400,147733.000000,0.000000
576.250000,867.953000,148168.000000,0.000000
576.250000,30.202800,147793.000000,0.000000
576.260000,327.544100,147932.000000,0.000000
576.260000,596.535200,148059.000000,0.000000
576.270000,857.585000,148169.000000,0.000000
576.270000,-14.308310,147780.000000,0.000000
576.270000,88.486180,147832.000000,0.000000
576.280000,248.684800,147896.000000,0.000000
576.280000,417.600300,147983.000000,0.000000
576.280000,49.377160,147811.000000,0.000000
576.280000,-81.939940,147748.000000,0.000000
576.280000,216.906000,147886.000000,0.000000
576.290000,246.121900,147897.000000,0.000000
576.290000,412.959200,147984.000000,0.000000
576.300000,-94.615720,147747.000000,0.000000
576.310000,-165.780300,147716.000000,0.000000
576.310000,233.182400,147898.000000,0.000000
576.310000,68.996490,147831.000000,0.000000
576.310000,368.102400,147968.000000,1.000000
576.310000,-0.087515,147795.000000,0.000000
576.320000,-3.992955,147794.000000,0.000000
576.320000,801.780600,148152.000000,0.000000
576.320000,262.845400,147917.000000,0.000000
576.320000,765.725600,148134.000000,0.000000
576.330000,393.339200,147985.000000,0.000000
576.330000,23.953340,147812.000000,0.000000
576.340000,419.722300,148002.000000,0.000000
576.350000,112.534800,147863.000000,0.000000
576.350000,15.466500,147813.000000,0.000000
576.370000,539.475200,148060.000000,0.000000
576.370000,674.040700,148107.000000,0.000000
576.380000,569.505100,148068.000000,0.000000
576.390000,896.097800,148208.000000,0.000000
576.390000,865.820500,148195.000000,0.000000
576.400000,-149.600200,147749.000000,0.000000
576.410000,-119.495800,147763.000000,0.000000
576.410000,452.705200,148035.000000,0.000000
576.420000,444.210900,148036.000000,0.000000
576.420000,244.019500,147933.000000,0.000000
576.430000,440.085800,148037.000000,0.000000
576.440000,907.153600,148218.000000,0.000000
576.450000,231.427600,147934.000000,0.000000
576.450000,261.185300,147951.000000,0.000000
576.450000,528.170200,148069.000000,0.000000
576.450000,296.429200,147969.000000,0.000000
576.450000,566.189400,148080.000000,0.000000
576.460000,-145.558500,147764.000000,0.000000
576.460000,558.675000,148079.000000,0.000000
576.460000,593.509700,148094.000000,0.000000
576.470000,-50.937000,147814.000000,0.000000
576.480000,550.267100,148078.000000,0.000000
576.480000,512.636500,148070.000000,0.000000
576.480000,279.968000,147970.000000,0.000000
576.480000,816.249800,148196.000000,0.000000
576.490000,308.788000,147986.000000,0.000000
576.490000,-162.400100,147765.000000,0.000000
576.490000,711.715500,148153.000000,0.000000
576.500000,741.774700,148170.000000,0.000000
576.510000,-2.990784,147844.000000,0.000000
576.510000,-72.448190,147815.000000,0.000000
576.520000,192.769000,147935.000000,0.000000
576.520000,359.940600,148017.000000,1.000000
576.530000,119.826000,147899.000000,0.000000
576.530000,826.188600,148209.000000,0.000000
576.540000,583.598600,148108.000000,0.000000
576.540000,416.727100,148052.000000,0.000000
576.560000,840.213400,148219.000000,0.000000
576.560000,542.378100,148095.000000,0.000000
576.570000,600.986500,148119.000000,0.000000
576.570000,-103.307700,147816.000000,0.000000
576.570000,604.759500,148120.000000,0.000000
576.580000,93.708170,147900.000000,0.000000
576.580000,293.411900,148003.000000,0.000000
576.590000,690.325700,148171.000000,0.000000
576.600000,517.286400,148096.000000,0.000000
576.600000,216.610600,147971.000000,0.000000
576.600000,820.397800,148221.000000,0.000000
576.600000,819.845500,148220.000000,0.000000
576.600000,-14.410560,147864.000000,0.000000
576.620000,845.250000,148234.000000,0.000000
576.620000,880.230500,148247.000000,0.000000
576.620000,339.903900,148038.000000,0.000000
576.630000,805.746500,148222.000000,0.000000
576.630000,602.181000,148135.000000,0.000000
576.630000,-67.619730,147845.000000,0.000000
576.640000,229.432200,147987.000000,0.000000
576.640000,61.544500,147901.000000,0.000000
576.640000,297.063200,148018.000000,0.000000
576.640000,328.489000,148039.000000,0.000000
576.650000,293.972800,148019.000000,0.000000
576.660000,-80.263450,147846.000000,0.000000
576.670000,80.262050,147918.000000,0.000000
576.680000,111.129600,147938.000000,0.000000
576.680000,208.010800,147988.000000,0.000000
576.690000,405.201400,148071.000000,0.000000
576.700000,96.329220,147937.000000,0.000000
576.700000,134.213900,147952.000000,0.000000
576.700000,738.152900,148210.000000,0.000000
576.700000,-0.244299,147887.000000,0.000000
576.700000,100.080200,147936.000000,0.000000
576.720000,51.807580,147919.000000,0.000000
576.720000,-144.727300,147833.000000,0.000000
576.720000,860.909700,148260.000000,0.000000
576.730000,185.695400,147990.000000,0.000000
576.730000,219.101000,148004.000000,0.000000
576.730000,185.219600,147992.000000,0.000000
576.740000,581.561900,148154.000000,0.000000
576.740000,11.269940,147904.000000,0.000000
576.740000,76.692180,147939.000000,0.000000
576.740000,9.899576,147902.000000,0.000000
576.740000,815.085100,148248.000000,0.000000
576.750000,505.786000,148121.000000,0.000000
576.750000,170.632500,147989.000000,0.000000
576.750000,140.966500,147972.000000,0.000000
576.750000,273.594600,148040.000000,0.000000
576.750000,-128.694000,147847.000000,0.000000
576.760000,-1.075400,147903.000000,0.000000
576.760000,603.346200,148172.000000,0.000000
576.760000,-64.531420,147871.000000,0.000000
576.770000,900.298000,148286.000000,0.000000
576.770000,162.193700,147991.000000,0.000000
576.780000,523.401400,148136.000000,0.000000
576.780000,594.404700,148173.000000,0.000000
576.790000,319.773300,148061.000000,0.000000
576.790000,85.842370,147953.000000,0.000000
576.800000,480.408600,148122.000000,0.000000
576.810000,409.947700,148097.000000,0.000000
576.810000,-126.110700,147865.000000,0.000000
576.810000,846.330400,148271.000000,0.000000
576.810000,41.476350,147940.000000,0.000000
576.810000,612.175500,148182.000000,0.000000
576.820000,536.433000,148155.000000,0.000000
576.830000,364.465100,148081.000000,1.000000
576.840000,593.264500,148181.000000,0.000000
576.840000,91.167340,147973.000000,0.000000
576.850000,789.237900,148261.000000,0.000000
576.860000,-83.674110,147888.000000,0.000000
576.860000,452.559300,148123.000000,0.000000
576.860000,180.464000,148021.000000,0.000000
576.870000,174.526800,148020.000000,0.000000
576.880000,810.803000,148272.000000,0.000000
576.880000,37.157460,147954.000000,0.000000
576.880000,707.437400,148235.000000,0.000000
576.880000,609.206700,148197.000000,0.000000
576.880000,575.512000,148183.000000,0.000000
576.880000,239.678400,148053.000000,0.000000
576.890000,-0.231791,147941.000000,0.000000
576.890000,-35.369850,147920.000000,0.000000
576.900000,393.628200,148110.000000,0.000000
576.900000,632.568500,148211.000000,0.000000
576.900000,696.569800,148237.000000,0.000000
576.900000,663.359700,148224.000000,0.000000
576.900000,698.533800,148236.000000,0.000000
576.900000,363.632800,148098.000000,1.000000
576.920000,653.874100,148223.000000,0.000000
576.920000,184.535600,148041.000000,0.000000
576.920000,387.864300,148109.000000,0.000000
576.930000,583.984300,148198.000000,0.000000
576.940000,375.565500,148111.000000,0.000000
576.940000,-92.884220,147905.000000,0.000000
576.950000,-32.577100,147942.000000,0.000000
576.950000,-64.464220,147921.000000,0.000000
576.950000,707.021500,148249.000000,0.000000
576.950000,-67.073380,147922.000000,0.000000
576.960000,131.066500,148022.000000,0.000000
576.960000,-103.407100,147907.000000,0.000000
576.970000,864.518200,148319.000000,0.000000
576.980000,-112.615600,147906.000000,0.000000
576.980000,789.708000,148287.000000,0.000000
576.980000,658.236100,148238.000000,0.000000
576.990000,313.411300,148099.000000,0.000000
576.990000,350.607000,148112.000000,0.000000
576.990000,316.508600,148100.000000,0.000000
577.000000,243.242800,148072.000000,0.000000
577.000000,-159.699800,147889.000000,0.000000
577.000000,409.212600,148137.000000,0.000000
577.010000,-98.726430,147923.000000,0.000000
577.020000,602.980300,148225.000000,0.000000
577.020000,871.862100,148332.000000,0.000000
577.030000,58.196270,148006.000000,0.000000
577.030000,260.109400,148082.000000,0.000000
577.040000,55.704190,148005.000000,0.000000
577.060000,-125.416800,147924.000000,0.000000
577.060000,281.336700,148102.000000,0.000000
577.060000,516.340500,148200.000000,0.000000
577.060000,883.346700,148343.000000,0.000000
577.070000,40.082690,148007.000000,0.000000
577.070000,273.179000,148101.000000,0.000000
577.080000,-0.665253,147993.000000,0.000000
577.080000,500.794700,148199.000000,0.000000
577.080000,-69.173280,147956.000000,0.000000
577.090000,-71.097530,147955.000000,0.000000
577.090000,398.089400,148156.000000,0.000000
577.090000,465.623700,148184.000000,0.000000
577.090000,331.974600,148124.000000,0.000000
577.090000,230.515400,148083.000000,0.000000
577.100000,324.555300,148126.000000,0.000000
577.110000,53.414880,148023.000000,0.000000
577.110000,790.618800,148320.000000,0.000000
577.110000,456.427300,148185.000000,0.000000
577.110000,321.006000,148125.000000,0.000000
577.130000,-27.984030,147994.000000,0.000000
577.130000,-60.624080,147974.000000,0.000000
577.130000,-128.258200,147943.000000,0.000000
577.140000,270.611300,148113.000000,0.000000
577.140000,71.428090,148042.000000,0.000000
577.140000,739.854800,148308.000000,0.000000
577.140000,373.539600,148158.000000,0.000000
577.140000,741.938700,148307.000000,0.000000
577.160000,363.277000,148157.000000,1.000000
577.160000,865.914700,148356.000000,0.000000
577.160000,60.331010,148043.000000,0.000000
577.160000,832.520300,148344.000000,0.000000
577.170000,425.241100,148186.000000,0.000000
577.170000,890.250400,148375.000000,0.000000
577.170000,320.112000,148138.000000,0.000000
577.180000,-84.614810,147975.000000,0.000000
577.190000,347.264600,148159.000000,0.000000
577.190000,12.427190,148025.000000,0.000000
577.190000,679.876200,148288.000000,0.000000
577.200000,439.351100,148201.000000,0.000000
577.200000,172.561300,148084.000000,0.000000
577.210000,303.640100,148139.000000,0.000000
577.210000,803.488300,148345.000000,0.000000
577.210000,-101.779900,147976.000000,0.000000
577.210000,1.226673,148024.000000,0.000000
577.220000,-70.462100,147995.000000,0.000000
577.220000,901.369500,148386.000000,0.000000
577.230000,87.233850,148063.000000,0.000000
577.230000,89.463390,148062.000000,0.000000
577.230000,255.213800,148127.000000,0.000000
577.240000,-49.057140,148008.000000,0.000000
577.240000,-14.529580,148026.000000,0.000000
577.240000,588.933000,148262.000000,0.000000
577.250000,-54.851360,148009.000000,0.000000
577.260000,411.381200,148202.000000,0.000000
577.270000,-98.740260,147996.000000,0.000000
577.280000,635.234300,148289.000000,0.000000
577.280000,61.294330,148064.000000,0.000000
577.300000,253.040300,148140.000000,0.000000
577.300000,-48.474760,148027.000000,0.000000
577.300000,588.587900,148273.000000,0.000000
577.310000,-155.180200,147977.000000,0.000000
577.310000,381.559100,148203.000000,0.000000
577.310000,615.662000,148290.000000,0.000000
577.310000,282.300900,148160.000000,0.000000
577.320000,175.752400,148114.000000,0.000000
577.320000,478.568900,148239.000000,0.000000
577.330000,-28.484930,148044.000000,0.000000
577.330000,875.941200,148400.000000,0.000000
577.330000,775.989500,148357.000000,0.000000
577.340000,-67.889560,148028.000000,0.000000
577.360000,223.973900,148141.000000,0.000000
577.360000,91.154780,148085.000000,0.000000
577.370000,85.101780,148086.000000,0.000000
577.380000,815.246600,148387.000000,0.000000
577.380000,579.023100,148291.000000,0.000000
577.390000,-96.891800,148029.000000,0.000000
577.390000,746.138100,148359.000000,0.000000
577.400000,167.002100,148128.000000,0.000000
577.400000,737.888500,148358.000000,0.000000
577.410000,834.515200,148402.000000,0.000000
577.410000,834.896800,148401.000000,0.000000
577.410000,363.124200,148212.000000,1.000000
577.420000,730.177000,148360.000000,0.000000
577.420000,692.611100,148347.000000,0.000000
577.430000,689.964800,148346.000000,0.000000
577.430000,-149.304200,148010.000000,0.000000
577.430000,624.596000,148321.000000,0.000000
577.430000,51.706770,148087.000000,0.000000
577.440000,-154.236000,148012.000000,0.000000
577.460000,-163.068300,148011.000000,0.000000
577.480000,291.782000,148204.000000,0.000000
577.490000,156.457000,148142.000000,0.000000
577.490000,622.401700,148333.000000,0.000000
577.490000,423.304000,148250.000000,0.000000
577.490000,118.970200,148129.000000,0.000000
577.510000,545.384500,148309.000000,0.000000
577.510000,512.758400,148292.000000,0.000000
577.510000,514.636400,148293.000000,0.000000
577.520000,338.632200,148226.000000,0.000000
577.530000,235.558200,148187.000000,0.000000
577.530000,838.851300,148430.000000,0.000000
577.540000,-37.151440,148073.000000,0.000000
577.540000,667.498000,148361.000000,0.000000
577.550000,125.225900,148143.000000,0.000000
577.560000,553.983500,148322.000000,0.000000
577.560000,724.355100,148388.000000,0.000000
577.570000,178.049100,148174.000000,0.000000
577.570000,647.609100,148362.000000,0.000000
577.570000,719.388400,148389.000000,0.000000
577.580000,411.263500,148263.000000,0.000000
577.580000,744.609500,148403.000000,0.000000
577.590000,167.488500,148175.000000,0.000000
577.590000,705.074500,148390.000000,0.000000
577.610000,362.369900,148251.000000,1.000000
577.610000,427.545400,148274.000000,0.000000
577.610000,696.129800,148391.000000,0.000000
577.610000,362.446600,148252.000000,1.000000
577.620000,223.492500,148205.000000,0.000000
577.620000,324.001900,148240.000000,0.000000
577.620000,654.749900,148376.000000,0.000000
577.630000,-86.966610,148074.000000,0.000000
577.630000,147.350300,148176.000000,0.000000
577.640000,682.555200,148393.000000,0.000000
577.640000,577.482100,148348.000000,0.000000
577.650000,305.285000,148241.000000,0.000000
577.650000,508.786300,148323.000000,0.000000
577.650000,-160.800300,148054.000000,0.000000
577.660000,98.513110,148161.000000,0.000000
577.660000,836.193400,148453.000000,0.000000
577.660000,804.310800,148438.000000,0.000000
577.660000,669.058600,148392.000000,0.000000
577.670000,901.946100,148482.000000,0.000000
577.670000,665.510700,148394.000000,0.000000
577.690000,48.262940,148144.000000,0.000000
577.700000,-57.591180,148103.000000,0.000000
577.700000,212.064800,148213.000000,0.000000
577.710000,141.950400,148188.000000,0.000000
577.720000,201.611200,148214.000000,0.000000
577.720000,203.593000,148215.000000,0.000000
577.720000,838.468000,148467.000000,0.000000
577.720000,807.709700,148454.000000,0.000000
577.730000,-69.194010,148104.000000,0.000000
577.740000,729.913600,148431.000000,0.000000
577.740000,22.878450,148145.000000,0.000000
577.740000,528.223300,148349.000000,0.000000
577.750000,118.428800,148189.000000,0.000000
577.750000,621.410100,148395.000000,0.000000
577.750000,-82.581310,148105.000000,0.000000
577.760000,484.421100,148334.000000,0.000000
577.760000,852.556100,148484.000000,0.000000
577.780000,-65.628160,148115.000000,0.000000
577.780000,774.053500,148455.000000,0.000000
577.780000,844.482400,148483.000000,0.000000
577.780000,609.340200,148396.000000,0.000000
577.780000,841.854600,148485.000000,0.000000
577.790000,670.487500,148415.000000,0.000000
577.790000,903.992000,148522.000000,0.000000
577.790000,31.555960,148162.000000,0.000000
577.810000,-78.604400,148116.000000,0.000000
577.810000,356.659200,148294.000000,1.000000
577.810000,-14.536720,148146.000000,0.000000
577.820000,452.683600,148335.000000,0.000000
577.830000,850.783600,148498.000000,0.000000
577.830000,445.891300,148337.000000,0.000000
577.840000,373.516200,148310.000000,0.000000
577.840000,443.676100,148336.000000,0.000000
577.840000,712.537300,148439.000000,0.000000
577.840000,775.527500,148468.000000,0.000000
577.860000,27.003930,148177.000000,0.000000
577.860000,831.627500,148499.000000,0.000000
577.860000,499.448600,148363.000000,0.000000
577.870000,257.761900,148264.000000,0.000000
577.870000,222.824300,148253.000000,0.000000
577.880000,-13.122850,148163.000000,0.000000
577.880000,587.866300,148404.000000,0.000000
577.900000,277.771500,148275.000000,0.000000
577.910000,369.624400,148324.000000,0.000000
577.910000,37.328040,148190.000000,0.000000
577.910000,302.159900,148295.000000,0.000000
577.920000,200.466000,148254.000000,0.000000
577.920000,467.780000,148364.000000,0.000000
577.930000,-39.331630,148164.000000,0.000000
577.940000,826.447200,148523.000000,0.000000
577.950000,787.971800,148500.000000,0.000000
577.960000,145.748500,148242.000000,0.000000
577.960000,-122.158400,148130.000000,0.000000
577.960000,578.779400,148416.000000,0.000000
577.970000,271.750800,148296.000000,0.000000
577.970000,877.799800,148545.000000,0.000000
577.970000,272.260600,148297.000000,0.000000
577.970000,610.265700,148432.000000,0.000000
577.970000,-28.851640,148178.000000,0.000000
577.980000,68.712370,148216.000000,0.000000
577.980000,-98.805280,148147.000000,0.000000
577.990000,868.954500,148546.000000,0.000000
577.990000,633.945200,148440.000000,0.000000
577.990000,161.058700,148255.000000,0.000000
578.000000,389.834400,148350.000000,0.000000
578.000000,594.372500,148433.000000,0.000000
578.000000,859.780300,148544.000000,0.000000
578.010000,-117.367600,148148.000000,0.000000
578.010000,217.290200,148277.000000,0.000000
578.010000,450.894000,148377.000000,0.000000
578.020000,181.551600,148265.000000,0.000000
578.020000,211.798400,148278.000000,0.000000
578.020000,211.238900,148276.000000,0.000000
578.020000,78.753910,148227.000000,0.000000
578.040000,-129.863900,148150.000000,0.000000
578.040000,70.541950,148228.000000,0.000000
578.050000,-139.953900,148149.000000,0.000000
578.050000,-104.954900,148165.000000,0.000000
578.060000,563.272000,148434.000000,0.000000
578.060000,260.672600,148311.000000,0.000000
578.060000,726.924500,148501.000000,0.000000
578.070000,50.629760,148229.000000,0.000000
578.070000,587.321900,148441.000000,0.000000
578.070000,-79.364490,148179.000000,0.000000
578.070000,355.001700,148351.000000,1.000000
578.070000,288.578700,148325.000000,0.000000
578.070000,-15.300360,148206.000000,0.000000
578.070000,625.974400,148456.000000,0.000000
578.080000,-50.790900,148191.000000,0.000000
578.090000,-57.295200,148192.000000,0.000000
578.090000,110.998900,148256.000000,0.000000
578.090000,849.907500,148561.000000,0.000000
578.110000,702.758200,148502.000000,0.000000
578.110000,537.055500,148435.000000,0.000000
578.120000,797.957500,148548.000000,0.000000
578.120000,362.365800,148365.000000,1.000000
578.120000,830.126400,148562.000000,0.000000
578.140000,790.316700,148547.000000,0.000000
578.140000,454.456800,148405.000000,0.000000
578.150000,313.607000,148352.000000,0.000000
578.150000,180.423100,148299.000000,0.000000
578.150000,78.937760,148257.000000,0.000000
578.150000,245.629600,148326.000000,0.000000
578.160000,475.761500,148417.000000,0.000000
578.170000,-164.925000,148166.000000,0.000000
578.170000,468.607600,148420.000000,0.000000
578.170000,-101.382900,148193.000000,0.000000
578.180000,96.721050,148266.000000,0.000000
578.180000,463.034100,148418.000000,0.000000
578.180000,632.191700,148486.000000,0.000000
578.180000,164.704000,148298.000000,0.000000
578.180000,362.519000,148379.000000,1.000000
578.180000,263.434300,148338.000000,0.000000
578.180000,196.311000,148312.000000,0.000000
578.180000,363.093800,148378.000000,1.000000
578.190000,462.305800,148419.000000,0.000000
578.190000,-110.728100,148194.000000,0.000000
578.200000,590.436400,148470.000000,0.000000
578.200000,-80.815350,148207.000000,0.000000
578.200000,151.706600,148300.000000,0.000000
578.210000,-19.461240,148230.000000,0.000000
578.210000,11.593660,148243.000000,0.000000
578.210000,-153.161200,148180.000000,0.000000
578.210000,617.831200,148487.000000,0.000000
578.230000,102.073400,148279.000000,0.000000
578.230000,571.709500,148469.000000,0.000000
578.230000,168.944700,148313.000000,0.000000
578.230000,404.751900,148406.000000,0.000000
578.240000,197.356400,148327.000000,0.000000
578.240000,332.273300,148380.000000,0.000000
578.250000,57.510790,148267.000000,0.000000
578.260000,693.261800,148527.000000,0.000000
578.260000,389.056100,148408.000000,0.000000
578.260000,119.053400,148301.000000,0.000000
578.260000,390.414000,148407.000000,0.000000
578.290000,108.520600,148302.000000,0.000000
578.290000,5.350303,148258.000000,0.000000
578.300000,65.877890,148280.000000,0.000000
578.310000,732.280800,148563.000000,0.000000
578.310000,362.205000,148409.000000,1.000000
578.310000,61.579280,148281.000000,0.000000
578.310000,563.171000,148488.000000,0.000000
578.320000,558.507200,148489.000000,0.000000
578.320000,25.266770,148268.000000,0.000000
578.330000,251.729500,148368.000000,0.000000
578.330000,250.533300,148367.000000,0.000000
578.340000,647.982500,148528.000000,0.000000
578.340000,-87.174370,148231.000000,0.000000
578.350000,-62.063360,148244.000000,0.000000
578.350000,-94.119000,148232.000000,0.000000
578.360000,239.065200,148366.000000,0.000000
578.370000,-137.157300,148217.000000,0.000000
578.380000,361.809900,148421.000000,1.000000
578.380000,562.239700,148503.000000,0.000000
578.380000,-77.584260,148245.000000,0.000000
578.390000,152.547800,148339.000000,0.000000
578.390000,319.536500,148410.000000,0.000000
578.400000,317.326800,148411.000000,0.000000
578.400000,349.455200,148422.000000,0.000000
578.420000,439.864600,148457.000000,0.000000
578.420000,73.176050,148314.000000,0.000000
578.440000,60.784500,148315.000000,0.000000
578.440000,-141.823600,148233.000000,0.000000
578.450000,-78.356090,148259.000000,0.000000
578.460000,-15.703540,148282.000000,0.000000
578.460000,622.814600,148549.000000,0.000000
578.470000,613.169600,148552.000000,0.000000
578.480000,109.820300,148341.000000,0.000000
578.480000,106.081500,148340.000000,0.000000
578.480000,-60.526100,148269.000000,0.000000
578.480000,373.467800,148443.000000,0.000000
578.490000,369.443500,148442.000000,0.000000
578.490000,435.614200,148471.000000,0.000000
578.490000,166.687200,148369.000000,0.000000
578.490000,603.240600,148550.000000,0.000000
578.500000,601.103800,148551.000000,0.000000
578.500000,564.160800,148529.000000,0.000000
578.500000,232.387500,148397.000000,0.000000
578.510000,628.371800,148564.000000,0.000000
578.520000,455.316200,148490.000000,0.000000
578.530000,-16.884320,148303.000000,0.000000
578.530000,-155.268900,148246.000000,0.000000
578.540000,75.587430,148342.000000,0.000000
578.550000,173.896700,148381.000000,0.000000
578.550000,136.915600,148370.000000,0.000000
578.560000,334.859600,148444.000000,0.000000
578.560000,368.241200,148459.000000,0.000000
578.570000,361.864000,148458.000000,1.000000
578.570000,91.558940,148353.000000,0.000000
578.590000,349.682900,148460.000000,0.000000
578.590000,250.621900,148423.000000,0.000000
578.590000,587.398100,148565.000000,0.000000
578.590000,283.632900,148436.000000,0.000000
578.600000,-24.059800,148316.000000,0.000000
578.600000,547.098600,148553.000000,0.000000
578.610000,-93.692280,148283.000000,0.000000
578.620000,100.801000,148371.000000,0.000000
578.620000,-68.399080,148305.000000,0.000000
578.620000,-65.165880,148304.000000,0.000000
578.630000,362.966600,148472.000000,1.000000
578.630000,-138.973600,148270.000000,0.000000
578.650000,83.361850,148372.000000,0.000000
578.650000,419.850800,148504.000000,0.000000
578.650000,251.192900,148437.000000,0.000000
578.650000,150.274400,148398.000000,0.000000
578.660000,-22.511390,148329.000000,0.000000
578.660000,484.686400,148530.000000,0.000000
578.670000,-24.030120,148330.000000,0.000000
578.670000,-94.045730,148306.000000,0.000000
578.680000,-29.062290,148328.000000,0.000000
578.700000,194.082700,148424.000000,0.000000
578.700000,161.510400,148412.000000,0.000000
578.710000,455.549100,148531.000000,0.000000
578.710000,-149.042300,148284.000000,0.000000
578.720000,483.156500,148554.000000,0.000000
578.720000,-86.957390,148317.000000,0.000000
578.730000,-159.745100,148285.000000,0.000000
578.740000,473.954300,148555.000000,0.000000
578.740000,70.292340,148382.000000,0.000000
578.750000,400.070200,148524.000000,0.000000
578.760000,-5.977835,148354.000000,0.000000
578.760000,294.378300,148473.000000,0.000000
578.770000,-79.400430,148331.000000,0.000000
578.780000,52.205450,148384.000000,0.000000
578.790000,-122.672300,148318.000000,0.000000
578.790000,45.783720,148383.000000,0.000000
578.790000,211.761200,148445.000000,0.000000
578.790000,11.861900,148373.000000,0.000000
578.800000,407.819600,148533.000000,0.000000
578.810000,402.792400,148532.000000,0.000000
578.810000,268.350400,148474.000000,0.000000
578.820000,200.162100,148446.000000,0.000000
578.870000,441.458800,148566.000000,0.000000
578.890000,396.748200,148556.000000,0.000000
578.910000,351.763300,148534.000000,0.000000
578.940000,268.259400,148505.000000,0.000000
578.940000,169.416500,148461.000000,0.000000
578.950000,195.814300,148475.000000,0.000000
578.960000,-7.838387,148399.000000,0.000000
578.980000,213.337000,148491.000000,0.000000
578.980000,315.121000,148535.000000,0.000000
578.980000,-86.458600,148374.000000,0.000000
578.990000,-125.784700,148355.000000,0.000000
578.990000,244.722200,148508.000000,0.000000
578.990000,242.221500,148507.000000,0.000000
579.000000,238.775300,148506.000000,0.000000
579.000000,-61.777770,148385.000000,0.000000
579.010000,164.014500,148476.000000,0.000000
579.020000,362.785300,148567.000000,1.000000
579.030000,124.009000,148462.000000,0.000000
579.030000,289.327200,148536.000000,0.000000
579.060000,273.700100,148537.000000,0.000000
579.070000,267.347200,148538.000000,0.000000
579.070000,203.815200,148510.000000,0.000000
579.070000,-34.987020,148414.000000,0.000000
579.090000,191.263400,148509.000000,0.000000
579.090000,-42.288080,148413.000000,0.000000
579.110000,278.992900,148558.000000,0.000000
579.120000,206.948300,148525.000000,0.000000
579.120000,277.099300,148557.000000,0.000000
579.130000,168.476700,148511.000000,0.000000
579.160000,155.445600,148512.000000,0.000000
579.180000,243.788500,148559.000000,0.000000
579.180000,111.244500,148492.000000,0.000000
579.190000,70.875640,148477.000000,0.000000
579.190000,136.255500,148513.000000,0.000000
579.190000,205.809500,148539.000000,0.000000
579.210000,95.719350,148493.000000,0.000000
579.220000,21.127930,148463.000000,0.000000
579.230000,-82.401470,148425.000000,0.000000
579.270000,-102.697500,148426.000000,0.000000
579.290000,221.324500,148568.000000,0.000000
579.300000,-120.554500,148427.000000,0.000000
579.330000,-68.335260,148448.000000,0.000000
579.340000,-72.850450,148447.000000,0.000000
579.340000,-142.831300,148428.000000,0.000000
579.350000,55.194450,148514.000000,0.000000
579.380000,-92.361410,148449.000000,0.000000
579.380000,38.616350,148516.000000,0.000000
579.380000,-163.037800,148429.000000,0.000000
579.390000,34.096540,148515.000000,0.000000
579.390000,-97.070270,148452.000000,0.000000
579.390000,-101.253800,148450.000000,0.000000
579.390000,-101.792800,148451.000000,0.000000
579.410000,-11.293790,148494.000000,0.000000
579.410000,-40.555110,148478.000000,0.000000
579.410000,-76.033520,148464.000000,0.000000
579.430000,145.848100,148569.000000,0.000000
579.440000,77.657810,148540.000000,0.000000
579.460000,-104.393000,148466.000000,0.000000
579.460000,-69.583430,148479.000000,0.000000
579.480000,54.924810,148541.000000,0.000000
579.490000,-119.041900,148465.000000,0.000000
579.490000,-18.267260,148517.000000,0.000000
579.490000,16.295120,148526.000000,0.000000
579.510000,-96.791510,148480.000000,0.000000
579.550000,-83.557300,148495.000000,0.000000
579.550000,18.310430,148542.000000,0.000000
579.560000,-119.382200,148481.000000,0.000000
579.610000,-78.905630,148520.000000,0.000000
579.610000,-80.318120,148519.000000,0.000000
579.610000,-113.214900,148496.000000,0.000000
579.640000,-96.158410,148518.000000,0.000000
579.680000,-151.834700,148497.000000,0.000000
579.730000,-41.016230,148560.000000,0.000000
579.780000,-168.744200,148521.000000,0.000000
579.840000,-66.901980,148570.000000,0.000000
579.870000,-147.478600,148543.000000,0.000000
579.890000,-93.209540,148571.000000,0.000000
579.930000,-114.288000,148572.000000,0.000000
