1001.900000,90.092570,49153.000000,0.000000
1001.920000,180.437800,49156.000000,0.000000
1001.920000,185.566100,49155.000000,0.000000
1001.920000,186.066500,49154.000000,0.000000
1001.980000,182.650200,49157.000000,0.000000
1002.050000,171.320600,49159.000000,1.000000
1002.050000,178.384300,49158.000000,0.000000
1002.050000,181.897400,49160.000000,0.000000
1002.050000,181.681100,49161.000000,0.000000
1002.080000,112.240300,49162.000000,0.000000
1002.090000,98.803060,49163.000000,0.000000
1002.110000,170.617900,49164.000000,1.000000
1002.160000,70.893390,49165.000000,0.000000
1002.200000,255.803500,49168.000000,0.000000
1002.210000,101.570200,49166.000000,0.000000
1002.230000,63.039730,49167.000000,0.000000
1002.250000,159.040700,49169.000000,0.000000
1002.250000,161.281700,49170.000000,0.000000
1002.270000,257.425300,49172.000000,0.000000
1002.280000,97.225590,49171.000000,0.000000
1002.330000,250.112500,49173.000000,0.000000
1002.370000,173.978400,49174.000000,0.000000
1002.410000,99.297950,49175.000000,0.000000
1002.420000,203.631900,49177.000000,0.000000
1002.430000,186.349900,49176.000000,0.000000
1002.430000,171.240200,49178.000000,1.000000
1002.460000,117.550600,49179.000000,0.000000
1002.460000,248.778500,49181.000000,0.000000
1002.470000,231.871100,49180.000000,0.000000
1002.480000,204.100100,49182.000000,0.000000
1002.500000,173.449100,49183.000000,0.000000
1002.500000,178.229900,49184.000000,0.000000
1002.530000,237.215500,49185.000000,0.000000
1002.550000,197.627300,49186.000000,0.000000
1002.550000,203.809900,49187.000000,0.000000
1002.610000,211.734400,49188.000000,0.000000
1002.610000,197.496100,49189.000000,0.000000
1002.640000,283.894700,49190.000000,0.000000
1002.660000,229.896900,49191.000000,0.000000
1002.690000,176.630300,49192.000000,0.000000
1002.700000,281.462300,49194.000000,0.000000
1002.710000,121.947600,49193.000000,0.000000
1002.720000,233.429500,49195.000000,0.000000
1002.750000,178.199500,49198.000000,0.000000
1002.750000,187.350300,49196.000000,0.000000
1002.760000,153.200700,49199.000000,0.000000
1002.760000,158.667900,49197.000000,0.000000
1002.780000,111.486700,49200.000000,0.000000
1002.790000,98.447480,49201.000000,0.000000
1002.790000,239.405700,49202.000000,0.000000
1002.790000,226.247000,49203.000000,0.000000
1002.810000,182.159000,49204.000000,0.000000
1002.820000,171.894100,49205.000000,0.000000
1002.850000,111.263700,49206.000000,0.000000
1002.900000,278.093000,49207.000000,0.000000
1002.940000,189.483500,49209.000000,0.000000
1002.940000,182.230800,49208.000000,0.000000
1002.950000,170.700000,49210.000000,1.000000
1003.000000,191.088100,49211.000000,0.000000
1003.040000,236.016600,49212.000000,0.000000
1003.050000,216.851600,49213.000000,0.000000
1003.070000,185.583800,49214.000000,0.000000
1003.070000,177.013200,49216.000000,1.000000
1003.080000,170.663100,49215.000000,1.000000
1003.090000,142.518600,49217.000000,0.000000
1003.100000,117.368000,49218.000000,0.000000
1003.100000,243.439600,49219.000000,0.000000
1003.120000,211.743400,49220.000000,0.000000
1003.130000,195.483700,49221.000000,0.000000
1003.150000,285.803500,49222.000000,0.000000
1003.170000,241.005600,49223.000000,0.000000
1003.200000,182.779800,49224.000000,0.000000
1003.220000,133.283800,49225.000000,0.000000
1003.230000,117.158500,49226.000000,0.000000
1003.240000,102.632300,49227.000000,0.000000
1003.320000,183.465800,49229.000000,0.000000
1003.320000,183.436600,49228.000000,0.000000
1003.330000,175.317000,49231.000000,1.000000
1003.330000,180.034300,49230.000000,0.000000
1003.340000,275.129600,49234.000000,0.000000
1003.350000,129.692200,49232.000000,0.000000
1003.350000,255.146800,49233.000000,0.000000
1003.380000,204.354800,49235.000000,0.000000
1003.400000,151.322500,49237.000000,0.000000
1003.410000,149.146400,49236.000000,0.000000
1003.410000,273.838800,49238.000000,0.000000
1003.440000,202.128100,49240.000000,0.000000
1003.450000,187.680900,49239.000000,0.000000
1003.460000,177.736100,49242.000000,1.000000
1003.460000,163.459000,49241.000000,0.000000
1003.490000,238.737700,49243.000000,0.000000
1003.500000,214.398300,49244.000000,0.000000
1003.540000,130.449800,49245.000000,0.000000
1003.580000,179.780400,49246.000000,0.000000
1003.610000,263.179700,49247.000000,0.000000
1003.650000,177.806500,49249.000000,1.000000
1003.660000,157.032500,49248.000000,0.000000
1003.700000,191.141300,49250.000000,0.000000
1003.710000,177.962700,49251.000000,1.000000
1003.740000,254.696900,49252.000000,0.000000
1003.770000,178.781400,49253.000000,1.000000
1003.800000,265.541700,49254.000000,0.000000
1003.870000,252.680100,49257.000000,0.000000
1003.870000,241.280000,49258.000000,0.000000
1003.880000,83.454990,49256.000000,0.000000
1003.880000,91.904660,49255.000000,0.000000
1003.890000,208.879000,49259.000000,0.000000
1003.900000,178.116100,49260.000000,1.000000
1003.920000,131.220200,49261.000000,0.000000
1003.920000,264.037100,49263.000000,0.000000
1003.950000,82.011380,49262.000000,0.000000
1003.970000,174.901000,49264.000000,1.000000
1003.970000,177.273600,49265.000000,1.000000
1004.100000,175.207700,49266.000000,1.000000
1004.110000,139.066900,49267.000000,0.000000
1004.120000,132.191600,49268.000000,0.000000
1004.140000,92.436680,49269.000000,0.000000
1004.140000,83.842430,49270.000000,0.000000
1004.150000,204.511800,49272.000000,0.000000
1004.150000,186.407400,49271.000000,0.000000
1004.180000,266.382900,49275.000000,0.000000
1004.180000,131.651000,49273.000000,0.000000
1004.190000,106.251700,49274.000000,0.000000
1004.190000,243.210100,49276.000000,0.000000
1004.200000,217.765200,49277.000000,0.000000
1004.220000,174.360700,49278.000000,1.000000
1004.220000,174.552700,49279.000000,1.000000
1004.220000,179.344400,49280.000000,0.000000
1004.240000,274.355900,49281.000000,0.000000
1004.260000,231.123800,49282.000000,0.000000
1004.330000,93.015240,49283.000000,0.000000
1004.350000,174.269100,49284.000000,1.000000
1004.370000,125.868000,49285.000000,0.000000
1004.380000,241.694700,49289.000000,0.000000
1004.380000,116.534200,49286.000000,0.000000
1004.390000,100.759200,49287.000000,0.000000
1004.390000,221.247100,49290.000000,0.000000
1004.400000,83.657920,49288.000000,0.000000
1004.430000,141.855800,49291.000000,0.000000
1004.500000,125.496300,49292.000000,0.000000
1004.500000,271.641700,49293.000000,0.000000
1004.530000,208.772900,49294.000000,0.000000
1004.540000,174.954600,49295.000000,1.000000
1004.560000,132.925500,49296.000000,0.000000
1004.560000,267.561100,49297.000000,0.000000
1004.610000,174.031800,49300.000000,1.000000
1004.610000,174.182800,49299.000000,1.000000
1004.610000,163.903100,49298.000000,0.000000
1004.670000,179.930300,49302.000000,0.000000
1004.680000,158.913500,49301.000000,0.000000
1004.680000,163.923700,49303.000000,0.000000
1004.680000,157.299400,49304.000000,0.000000
1004.710000,87.287720,49305.000000,0.000000
1004.710000,219.973700,49306.000000,0.000000
1004.730000,174.148500,49308.000000,1.000000
1004.730000,174.325100,49310.000000,1.000000
1004.730000,184.805200,49307.000000,0.000000
1004.730000,173.960400,49309.000000,1.000000
1004.770000,230.317200,49311.000000,0.000000
1004.770000,237.647600,49312.000000,0.000000
1004.770000,233.488900,49313.000000,0.000000
1004.790000,181.493500,49314.000000,0.000000
1004.800000,174.156600,49315.000000,1.000000
1004.800000,171.959200,49318.000000,0.000000
1004.800000,174.130200,49317.000000,1.000000
1004.800000,174.212800,49316.000000,1.000000
1004.810000,275.369600,49321.000000,0.000000
1004.820000,121.061200,49319.000000,0.000000
1004.830000,249.012700,49322.000000,0.000000
1004.840000,96.039420,49320.000000,0.000000
1004.860000,170.328100,49323.000000,0.000000
1004.900000,87.391720,49324.000000,0.000000
1004.930000,174.185400,49325.000000,1.000000
1004.930000,166.512200,49326.000000,0.000000
1004.990000,174.211400,49327.000000,1.000000
1004.990000,174.346400,49328.000000,1.000000
1005.000000,275.386600,49330.000000,0.000000
1005.010000,141.424900,49329.000000,0.000000
1005.050000,177.252500,49331.000000,1.000000
1005.080000,247.108500,49333.000000,0.000000
1005.090000,105.103200,49332.000000,0.000000
1005.120000,174.140400,49334.000000,1.000000
1005.120000,174.268100,49335.000000,1.000000
1005.130000,284.346400,49337.000000,0.000000
1005.150000,239.388800,49339.000000,0.000000
1005.150000,240.210300,49338.000000,0.000000
1005.160000,84.949780,49336.000000,0.000000
1005.200000,271.824200,49343.000000,0.000000
1005.200000,133.577700,49340.000000,0.000000
1005.220000,95.763030,49341.000000,0.000000
1005.220000,100.074900,49342.000000,0.000000
1005.220000,231.090800,49344.000000,0.000000
1005.230000,204.173500,49345.000000,0.000000
1005.280000,93.030770,49346.000000,0.000000
1005.300000,191.516200,49347.000000,0.000000
1005.330000,131.120400,49348.000000,0.000000
1005.360000,201.312500,49349.000000,0.000000
1005.370000,176.093000,49351.000000,1.000000
1005.370000,178.851700,49350.000000,0.000000
1005.400000,119.877400,49352.000000,0.000000
1005.420000,205.901400,49353.000000,0.000000
1005.430000,178.322700,49354.000000,1.000000
1005.480000,207.666500,49355.000000,0.000000
1005.540000,228.467600,49356.000000,0.000000
1005.560000,186.569700,49357.000000,0.000000
1005.580000,268.093800,49358.000000,0.000000
1005.660000,247.089300,49359.000000,0.000000
1005.710000,276.585000,49361.000000,0.000000
1005.730000,231.783300,49362.000000,0.000000
1005.730000,229.556300,49365.000000,0.000000
1005.730000,220.249600,49364.000000,0.000000
1005.740000,81.535110,49360.000000,0.000000
1005.740000,213.069300,49363.000000,0.000000
1005.790000,96.927660,49366.000000,0.000000
1005.810000,187.204700,49368.000000,0.000000
1005.810000,185.823400,49367.000000,0.000000
1005.820000,174.615400,49369.000000,1.000000
1005.880000,174.429400,49370.000000,1.000000
1005.900000,136.261200,49371.000000,0.000000
1005.910000,253.412000,49373.000000,0.000000
1005.910000,110.777100,49372.000000,0.000000
1005.930000,206.221400,49374.000000,0.000000
1005.950000,171.040600,49375.000000,0.000000
1005.970000,130.991900,49377.000000,0.000000
1005.980000,111.531800,49376.000000,0.000000
1006.050000,228.576200,49379.000000,0.000000
1006.050000,99.053380,49378.000000,0.000000
1006.060000,199.521900,49380.000000,0.000000
1006.110000,224.737400,49381.000000,0.000000
1006.140000,181.335300,49382.000000,0.000000
1006.160000,140.372300,49383.000000,0.000000
1006.160000,267.757900,49384.000000,0.000000
1006.230000,111.513300,49385.000000,0.000000
1006.250000,203.363300,49387.000000,0.000000
1006.260000,196.742200,49386.000000,0.000000
1006.270000,177.232000,49388.000000,1.000000
1006.270000,176.912400,49389.000000,1.000000
1006.350000,266.469200,49390.000000,0.000000
1006.390000,178.028300,49391.000000,1.000000
1006.420000,126.107100,49392.000000,0.000000
1006.430000,242.451100,49393.000000,0.000000
1006.440000,208.963000,49394.000000,0.000000
1006.480000,137.515200,49395.000000,0.000000
1006.500000,97.687550,49396.000000,0.000000
1006.500000,96.661680,49397.000000,0.000000
1006.540000,142.620500,49398.000000,0.000000
1006.550000,111.809100,49399.000000,0.000000
1006.570000,81.055050,49400.000000,0.000000
1006.600000,139.364400,49401.000000,0.000000
1006.620000,103.144900,49402.000000,0.000000
1006.630000,218.724600,49403.000000,0.000000
1006.640000,188.177100,49404.000000,1.000000
1006.650000,178.013000,49405.000000,1.000000
1006.700000,203.073300,49406.000000,0.000000
1006.710000,180.404000,49407.000000,0.000000
1006.710000,178.312600,49408.000000,1.000000
1006.760000,212.047900,49409.000000,0.000000
1006.770000,180.756300,49411.000000,0.000000
1006.780000,166.941900,49410.000000,0.000000
1006.780000,174.515200,49413.000000,0.000000
1006.780000,159.497100,49412.000000,0.000000
1006.790000,149.036800,49415.000000,0.000000
1006.790000,138.549100,49416.000000,0.000000
1006.800000,135.662800,49414.000000,0.000000
1006.830000,190.083700,49417.000000,0.000000
1006.930000,128.682200,49418.000000,0.000000
1006.970000,178.133000,49419.000000,1.000000
1006.970000,179.498600,49420.000000,1.000000
1006.980000,280.621600,49422.000000,0.000000
1007.010000,82.465530,49421.000000,0.000000
1007.020000,204.555800,49424.000000,0.000000
1007.020000,202.963300,49423.000000,0.000000
1007.050000,138.568600,49425.000000,0.000000
1007.090000,178.518400,49427.000000,1.000000
1007.100000,167.552600,49428.000000,0.000000
1007.100000,174.159000,49426.000000,0.000000
1007.110000,156.740700,49429.000000,0.000000
1007.120000,122.422000,49432.000000,0.000000
1007.120000,128.036500,49431.000000,0.000000
1007.130000,112.336300,49430.000000,0.000000
1007.200000,231.824400,49433.000000,0.000000
1007.210000,195.877300,49434.000000,0.000000
1007.220000,180.563700,49437.000000,0.000000
1007.220000,178.129600,49436.000000,1.000000
1007.220000,192.621500,49435.000000,0.000000
1007.290000,180.158500,49438.000000,1.000000
1007.350000,188.783700,49439.000000,1.000000
1007.360000,161.407200,49440.000000,0.000000
1007.370000,264.325300,49441.000000,0.000000
1007.380000,240.741700,49442.000000,0.000000
1007.390000,231.809100,49443.000000,0.000000
1007.410000,191.288200,49444.000000,0.000000
1007.430000,139.546700,49445.000000,0.000000
1007.440000,115.587400,49446.000000,0.000000
1007.450000,100.813500,49447.000000,0.000000
1007.460000,206.582800,49448.000000,0.000000
1007.510000,246.960100,49450.000000,0.000000
1007.520000,91.333400,49449.000000,0.000000
1007.580000,97.701860,49451.000000,0.000000
1007.590000,208.461300,49452.000000,0.000000
1007.590000,203.667300,49454.000000,0.000000
1007.600000,180.342700,49456.000000,1.000000
1007.600000,180.489100,49455.000000,1.000000
1007.600000,196.282700,49453.000000,0.000000
1007.640000,236.741200,49457.000000,0.000000
1007.650000,222.171300,49458.000000,0.000000
1007.660000,188.876800,49459.000000,1.000000
1007.670000,174.835600,49460.000000,0.000000
1007.780000,205.341600,49461.000000,0.000000
1007.810000,142.213700,49462.000000,0.000000
1007.860000,171.873000,49463.000000,0.000000
1007.890000,251.513100,49465.000000,0.000000
1007.890000,255.481700,49464.000000,0.000000
1007.900000,236.038700,49466.000000,0.000000
1007.920000,180.311800,49467.000000,1.000000
1007.980000,189.278900,49468.000000,1.000000
1008.000000,146.885100,49469.000000,0.000000
1008.020000,238.563200,49471.000000,0.000000
1008.020000,247.475900,49472.000000,0.000000
1008.020000,108.463000,49470.000000,0.000000
1008.050000,189.453300,49473.000000,1.000000
1008.060000,285.513900,49476.000000,0.000000
1008.090000,91.205640,49474.000000,0.000000
1008.090000,97.492620,49475.000000,0.000000
1008.110000,189.152200,49477.000000,1.000000
1008.120000,175.763000,49478.000000,0.000000
1008.170000,189.299700,49479.000000,1.000000
1008.180000,180.454300,49480.000000,1.000000
1008.200000,278.593000,49482.000000,0.000000
1008.210000,244.250900,49484.000000,0.000000
1008.210000,250.841900,49485.000000,0.000000
1008.210000,256.068500,49483.000000,0.000000
1008.210000,110.741500,49481.000000,0.000000
1008.240000,185.190100,49486.000000,0.000000
1008.260000,277.489000,49487.000000,0.000000
1008.260000,276.870900,49488.000000,0.000000
1008.310000,182.940200,49489.000000,0.000000
1008.310000,180.473500,49490.000000,1.000000
1008.340000,247.569500,49492.000000,0.000000
1008.350000,223.031800,49493.000000,0.000000
1008.350000,83.415880,49491.000000,0.000000
1008.360000,192.866300,49494.000000,0.000000
1008.370000,180.370400,49496.000000,1.000000
1008.370000,180.518800,49495.000000,1.000000
1008.390000,141.932400,49497.000000,0.000000
1008.410000,103.508000,49498.000000,0.000000
1008.430000,180.566000,49499.000000,1.000000
1008.460000,263.393500,49500.000000,0.000000
1008.470000,245.989400,49501.000000,0.000000
1008.490000,199.574400,49502.000000,0.000000
1008.500000,180.426000,49503.000000,1.000000
1008.520000,260.468000,49507.000000,0.000000
1008.520000,138.260900,49505.000000,0.000000
1008.520000,141.381200,49504.000000,0.000000
1008.540000,99.526920,49506.000000,0.000000
1008.560000,180.676700,49508.000000,1.000000
1008.590000,120.125700,49509.000000,0.000000
1008.620000,185.037400,49510.000000,0.000000
1008.630000,180.527100,49511.000000,1.000000
1008.640000,157.259300,49512.000000,0.000000
1008.650000,269.189700,49513.000000,0.000000
1008.680000,208.393000,49514.000000,0.000000
1008.680000,209.846200,49515.000000,0.000000
1008.680000,191.382000,49516.000000,0.000000
1008.690000,180.513200,49518.000000,1.000000
1008.690000,180.606900,49517.000000,1.000000
1008.700000,288.749600,49521.000000,0.000000
1008.710000,279.357100,49522.000000,0.000000
1008.710000,149.193700,49519.000000,0.000000
1008.720000,126.057000,49520.000000,0.000000
1008.750000,178.739700,49523.000000,0.000000
1008.770000,139.796100,49524.000000,0.000000
1008.770000,274.894700,49529.000000,0.000000
1008.770000,148.934400,49525.000000,0.000000
1008.780000,116.960100,49527.000000,0.000000
1008.780000,132.107700,49526.000000,0.000000
1008.800000,80.921540,49528.000000,0.000000
1008.810000,187.172000,49530.000000,1.000000
1008.880000,180.571600,49531.000000,1.000000
1008.880000,180.695100,49532.000000,1.000000
1008.930000,212.812500,49533.000000,0.000000
1008.940000,189.478300,49534.000000,1.000000
1008.940000,199.550800,49535.000000,0.000000
1008.950000,177.708100,49537.000000,0.000000
1008.960000,159.119500,49536.000000,0.000000
1008.960000,286.381800,49539.000000,0.000000
1008.980000,250.862300,49540.000000,0.000000
1008.990000,95.728530,49538.000000,0.000000
1009.010000,180.747600,49542.000000,1.000000
1009.010000,180.279200,49543.000000,1.000000
1009.010000,180.520800,49541.000000,1.000000
1009.030000,271.235300,49545.000000,0.000000
1009.040000,122.384400,49544.000000,0.000000
1009.070000,190.080500,49546.000000,1.000000
1009.100000,129.748400,49547.000000,0.000000
1009.120000,85.915370,49548.000000,0.000000
1009.150000,155.865200,49549.000000,0.000000
1009.160000,129.067100,49550.000000,0.000000
1009.180000,231.166200,49551.000000,0.000000
1009.180000,219.904300,49552.000000,0.000000
1009.180000,217.767800,49553.000000,0.000000
1009.200000,181.284500,49556.000000,1.000000
1009.200000,180.634700,49554.000000,1.000000
1009.200000,180.514300,49558.000000,1.000000
1009.200000,180.649500,49557.000000,1.000000
1009.210000,158.588400,49555.000000,0.000000
1009.220000,135.094300,49559.000000,0.000000
1009.260000,180.482000,49561.000000,1.000000
1009.260000,180.731600,49560.000000,1.000000
1009.280000,149.259100,49563.000000,0.000000
1009.290000,138.095000,49562.000000,0.000000
1009.290000,123.187300,49564.000000,0.000000
1009.310000,211.779300,49566.000000,0.000000
1009.320000,206.522200,49565.000000,0.000000
1009.320000,192.520100,49567.000000,0.000000
1009.330000,180.720800,49568.000000,1.000000
1009.330000,180.641400,49569.000000,1.000000
1009.350000,143.100900,49570.000000,0.000000
1009.350000,259.574000,49571.000000,0.000000
1009.360000,242.843900,49572.000000,0.000000
1009.390000,189.265900,49573.000000,1.000000
1009.390000,180.692000,49574.000000,1.000000
1009.440000,210.764600,49575.000000,0.000000
1009.460000,178.193700,49576.000000,1.000000
1009.470000,282.473000,49579.000000,0.000000
1009.480000,258.654800,49580.000000,0.000000
1009.490000,103.055800,49578.000000,0.000000
1009.500000,94.057790,49577.000000,0.000000
1009.520000,180.711000,49581.000000,1.000000
1009.600000,138.152300,49583.000000,0.000000
1009.600000,157.266200,49582.000000,0.000000
1009.630000,228.095900,49585.000000,0.000000
1009.630000,78.473490,49584.000000,0.000000
1009.670000,126.488500,49586.000000,0.000000
1009.710000,189.167500,49587.000000,1.000000
1009.730000,140.892900,49588.000000,0.000000
1009.740000,129.481000,49589.000000,0.000000
1009.740000,245.146700,49590.000000,0.000000
1009.770000,196.212800,49591.000000,0.000000
1009.790000,157.060700,49592.000000,0.000000
1009.800000,128.220700,49593.000000,0.000000
1009.820000,213.015300,49594.000000,0.000000
1009.860000,141.359400,49595.000000,0.000000
1009.870000,118.822700,49596.000000,0.000000
1009.930000,260.385500,49599.000000,0.000000
1009.940000,104.246200,49597.000000,0.000000
1009.940000,107.299500,49598.000000,0.000000
1009.940000,244.712600,49600.000000,0.000000
1009.970000,180.061100,49601.000000,1.000000
1009.970000,180.617400,49603.000000,1.000000
1009.970000,171.448800,49602.000000,0.000000
1010.000000,248.029700,49604.000000,0.000000
1010.030000,188.673800,49605.000000,1.000000
1010.030000,178.800100,49606.000000,1.000000
1010.100000,178.034300,49608.000000,1.000000
1010.100000,176.360800,49607.000000,0.000000
1010.150000,189.325700,49609.000000,1.000000
1010.160000,178.529400,49611.000000,1.000000
1010.160000,188.858100,49610.000000,1.000000
1010.200000,224.265500,49612.000000,0.000000
1010.290000,179.220700,49613.000000,1.000000
1010.310000,272.912100,49614.000000,0.000000
1010.320000,247.944500,49616.000000,0.000000
1010.330000,233.314100,49615.000000,0.000000
1010.350000,188.877300,49617.000000,1.000000
1010.350000,178.630500,49618.000000,1.000000
1010.360000,155.491700,49619.000000,0.000000
1010.370000,140.257400,49620.000000,0.000000
1010.370000,147.267800,49621.000000,0.000000
1010.370000,264.243200,49623.000000,0.000000
1010.380000,260.117000,49624.000000,0.000000
1010.400000,85.232330,49622.000000,0.000000
1010.410000,189.076800,49626.000000,1.000000
1010.410000,189.228300,49625.000000,1.000000
1010.430000,148.426400,49627.000000,0.000000
1010.440000,128.266900,49628.000000,0.000000
1010.470000,189.191400,49629.000000,1.000000
1010.480000,178.612800,49631.000000,1.000000
1010.480000,178.993200,49630.000000,1.000000
1010.490000,152.616400,49632.000000,0.000000
1010.500000,131.320600,49633.000000,0.000000
1010.520000,104.240700,49634.000000,0.000000
1010.530000,81.436650,49635.000000,0.000000
1010.540000,178.386800,49638.000000,1.000000
1010.540000,178.342900,49637.000000,1.000000
1010.540000,188.980800,49636.000000,1.000000
1010.580000,231.805300,49639.000000,0.000000
1010.600000,189.172900,49642.000000,1.000000
1010.600000,189.241100,49643.000000,1.000000
1010.600000,189.217700,49644.000000,1.000000
1010.600000,189.268300,49641.000000,1.000000
1010.600000,189.166800,49640.000000,1.000000
1010.640000,249.416300,49647.000000,0.000000
1010.650000,219.371600,49648.000000,0.000000
1010.650000,97.110350,49645.000000,0.000000
1010.650000,81.821880,49646.000000,0.000000
1010.660000,196.208400,49649.000000,0.000000
1010.670000,189.197600,49650.000000,1.000000
1010.670000,189.201200,49651.000000,1.000000
1010.680000,152.932400,49652.000000,0.000000
1010.690000,131.164900,49653.000000,0.000000
1010.730000,181.453900,49659.000000,1.000000
1010.730000,189.045900,49658.000000,1.000000
1010.730000,189.232700,49657.000000,1.000000
1010.730000,189.085100,49656.000000,1.000000
1010.730000,189.228900,49654.000000,1.000000
1010.730000,189.254700,49655.000000,1.000000
1010.730000,180.677400,49660.000000,1.000000
1010.780000,210.493600,49661.000000,0.000000
1010.790000,189.213800,49662.000000,1.000000
1010.860000,188.013100,49663.000000,1.000000
1010.860000,178.712300,49665.000000,1.000000
1010.860000,178.421700,49664.000000,1.000000
1010.900000,101.665000,49666.000000,0.000000
1010.900000,105.571700,49667.000000,0.000000
1010.920000,189.412400,49668.000000,1.000000
1010.990000,189.179000,49670.000000,1.000000
1010.990000,178.691100,49675.000000,1.000000
1010.990000,188.927300,49674.000000,1.000000
1010.990000,189.216900,49669.000000,1.000000
1010.990000,188.784500,49671.000000,1.000000
1010.990000,189.291700,49673.000000,1.000000
1010.990000,189.295000,49672.000000,1.000000
1011.030000,91.885860,49676.000000,0.000000
1011.040000,206.533500,49677.000000,0.000000
1011.050000,189.178300,49678.000000,1.000000
1011.050000,189.319700,49679.000000,1.000000
1011.050000,189.296800,49680.000000,1.000000
1011.050000,189.393500,49682.000000,1.000000
1011.050000,189.154100,49681.000000,1.000000
1011.060000,176.207500,49683.000000,0.000000
1011.080000,260.590000,49684.000000,0.000000
1011.110000,192.624500,49687.000000,0.000000
1011.110000,190.490700,49685.000000,0.000000
1011.110000,189.260700,49686.000000,1.000000
1011.140000,262.762800,49690.000000,0.000000
1011.140000,272.136600,49691.000000,0.000000
1011.150000,249.432900,49692.000000,0.000000
1011.150000,117.308900,49688.000000,0.000000
1011.160000,90.759570,49689.000000,0.000000
1011.200000,273.318800,49694.000000,0.000000
1011.220000,102.767300,49693.000000,0.000000
1011.230000,220.676700,49695.000000,0.000000
1011.240000,189.229000,49696.000000,1.000000
1011.300000,203.249300,49697.000000,0.000000
1011.300000,192.751600,49698.000000,0.000000
1011.310000,189.160600,49699.000000,1.000000
1011.370000,189.130200,49700.000000,1.000000
1011.410000,103.737400,49701.000000,0.000000
1011.480000,100.346000,49702.000000,0.000000
1011.500000,189.240800,49703.000000,1.000000
1011.500000,180.712300,49704.000000,1.000000
1011.570000,181.042200,49705.000000,1.000000
1011.580000,148.948700,49706.000000,0.000000
1011.600000,116.915100,49707.000000,0.000000
1011.620000,189.317000,49708.000000,1.000000
1011.640000,163.192900,49709.000000,0.000000
1011.670000,98.886300,49710.000000,0.000000
1011.690000,180.418200,49711.000000,1.000000
1011.710000,152.489600,49712.000000,0.000000
1011.750000,205.058100,49713.000000,0.000000
1011.760000,170.695200,49715.000000,0.000000
1011.760000,180.676000,49714.000000,1.000000
1011.820000,174.281400,49716.000000,0.000000
1011.840000,149.878300,49717.000000,0.000000
1011.840000,277.936600,49719.000000,0.000000
1011.850000,125.439500,49718.000000,0.000000
1011.910000,268.955400,49720.000000,0.000000
1011.950000,180.490900,49721.000000,1.000000
1011.990000,99.098170,49722.000000,0.000000
1012.000000,77.970310,49723.000000,0.000000
1012.010000,189.232300,49724.000000,1.000000
1012.010000,180.735400,49726.000000,1.000000
1012.010000,181.538700,49725.000000,1.000000
1012.030000,137.022100,49728.000000,0.000000
1012.030000,154.422300,49727.000000,0.000000
1012.070000,189.128100,49729.000000,1.000000
1012.080000,181.450500,49730.000000,1.000000
1012.090000,162.800600,49731.000000,0.000000
1012.100000,132.562500,49732.000000,0.000000
1012.140000,178.401500,49734.000000,0.000000
1012.140000,180.846800,49733.000000,1.000000
1012.150000,286.702500,49736.000000,0.000000
1012.170000,261.308100,49737.000000,0.000000
1012.170000,246.670400,49738.000000,0.000000
1012.190000,84.154050,49735.000000,0.000000
1012.200000,180.666200,49739.000000,1.000000
1012.200000,180.790400,49740.000000,1.000000
1012.220000,140.722200,49741.000000,0.000000
1012.240000,235.133200,49743.000000,0.000000
1012.250000,87.285640,49742.000000,0.000000
1012.260000,189.064800,49744.000000,1.000000
1012.270000,176.669300,49745.000000,0.000000
1012.280000,156.836800,49746.000000,0.000000
1012.300000,116.839800,49747.000000,0.000000
1012.310000,97.963330,49748.000000,0.000000
1012.350000,152.924900,49749.000000,0.000000
1012.400000,183.166900,49750.000000,0.000000
1012.400000,180.928200,49751.000000,1.000000
1012.480000,279.378500,49752.000000,0.000000
1012.480000,274.190900,49753.000000,0.000000
1012.490000,243.989000,49755.000000,0.000000
1012.490000,256.347700,49754.000000,0.000000
1012.510000,205.873700,49756.000000,0.000000
1012.540000,157.873600,49757.000000,0.000000
1012.580000,188.808300,49758.000000,1.000000
1012.610000,273.804300,49761.000000,0.000000
1012.620000,105.524900,49759.000000,0.000000
1012.640000,202.382100,49762.000000,0.000000
1012.640000,77.609870,49760.000000,0.000000
1012.650000,180.602200,49764.000000,1.000000
1012.650000,191.207700,49763.000000,0.000000
1012.680000,258.451100,49765.000000,0.000000
1012.690000,236.550000,49766.000000,0.000000
1012.730000,287.961700,49767.000000,0.000000
1012.750000,253.243400,49768.000000,0.000000
1012.820000,236.038200,49769.000000,0.000000
1012.820000,229.288800,49771.000000,0.000000
1012.820000,241.574700,49770.000000,0.000000
1012.840000,180.751500,49772.000000,1.000000
1012.900000,194.079300,49773.000000,0.000000
1012.920000,166.581600,49774.000000,0.000000
1012.940000,110.822000,49775.000000,0.000000
1013.000000,114.166300,49776.000000,0.000000
1013.010000,245.485700,49777.000000,0.000000
1013.010000,225.304500,49778.000000,0.000000
1013.030000,189.736000,49779.000000,1.000000
1013.070000,251.882900,49781.000000,0.000000
1013.080000,100.374300,49780.000000,0.000000
1013.130000,114.624200,49782.000000,0.000000
1013.190000,268.988700,49784.000000,0.000000
1013.190000,252.454400,49785.000000,0.000000
1013.210000,89.329910,49783.000000,0.000000
1013.220000,189.967400,49786.000000,0.000000
1013.290000,180.616100,49787.000000,1.000000
1013.370000,152.600300,49788.000000,0.000000
1013.410000,210.113700,49789.000000,0.000000
1013.420000,189.312900,49790.000000,1.000000
1013.420000,177.525200,49791.000000,0.000000
1013.430000,158.943100,49792.000000,0.000000
1013.440000,144.045600,49794.000000,0.000000
1013.440000,138.195200,49793.000000,0.000000
1013.450000,113.482700,49796.000000,0.000000
1013.450000,121.954600,49795.000000,0.000000
1013.450000,109.450000,49797.000000,0.000000
1013.450000,257.792100,49799.000000,0.000000
1013.460000,240.191800,49800.000000,0.000000
1013.470000,84.219570,49798.000000,0.000000
1013.470000,201.784200,49802.000000,0.000000
1013.480000,189.516900,49801.000000,1.000000
1013.490000,170.759900,49803.000000,0.000000
1013.490000,179.257000,49804.000000,0.000000
1013.530000,85.758490,49805.000000,0.000000
1013.530000,78.052780,49806.000000,0.000000
1013.570000,274.672500,49807.000000,0.000000
1013.590000,223.609600,49809.000000,0.000000
1013.600000,209.610800,49808.000000,0.000000
1013.610000,179.051100,49810.000000,0.000000
1013.630000,150.196200,49811.000000,0.000000
1013.640000,124.503700,49812.000000,0.000000
1013.640000,249.470500,49816.000000,0.000000
1013.650000,241.476500,49814.000000,0.000000
1013.650000,229.536600,49815.000000,0.000000
1013.660000,79.409290,49813.000000,0.000000
1013.680000,176.461500,49818.000000,0.000000
1013.680000,173.766700,49817.000000,0.000000
1013.730000,203.977500,49820.000000,0.000000
1013.740000,191.859400,49819.000000,0.000000
1013.770000,110.846700,49821.000000,0.000000
1013.780000,104.021700,49822.000000,0.000000
1013.820000,159.213900,49823.000000,0.000000
1013.830000,130.927400,49824.000000,0.000000
1013.870000,182.580700,49825.000000,1.000000
1013.910000,234.093500,49826.000000,0.000000
1013.930000,188.703100,49827.000000,0.000000
1013.960000,128.573900,49828.000000,0.000000
1013.970000,240.562300,49829.000000,0.000000
1013.980000,223.989200,49830.000000,0.000000
1014.020000,128.544100,49831.000000,0.000000
1014.030000,101.972700,49832.000000,0.000000
1014.040000,222.005400,49833.000000,0.000000
1014.110000,219.830700,49834.000000,0.000000
1014.120000,180.752000,49835.000000,1.000000
1014.160000,111.978700,49836.000000,0.000000
1014.160000,244.384000,49838.000000,0.000000
1014.170000,86.615550,49837.000000,0.000000
1014.180000,201.733600,49839.000000,0.000000
1014.220000,244.397200,49841.000000,0.000000
1014.230000,102.665400,49840.000000,0.000000
1014.250000,180.809600,49842.000000,1.000000
1014.290000,94.126690,49844.000000,0.000000
1014.290000,96.531490,49843.000000,0.000000
1014.320000,183.235700,49845.000000,1.000000
1014.330000,283.140900,49846.000000,0.000000
1014.350000,236.994800,49847.000000,0.000000
1014.380000,182.060300,49848.000000,1.000000
1014.380000,180.771300,49849.000000,1.000000
1014.400000,144.596900,49850.000000,0.000000
1014.420000,106.497000,49851.000000,0.000000
1014.420000,228.455600,49853.000000,0.000000
1014.420000,242.437500,49852.000000,0.000000
1014.460000,277.000200,49855.000000,0.000000
1014.460000,142.998400,49854.000000,0.000000
1014.540000,257.574000,49856.000000,0.000000
1014.560000,200.645700,49857.000000,0.000000
1014.600000,253.320500,49860.000000,0.000000
1014.600000,123.595300,49859.000000,0.000000
1014.610000,247.467000,49861.000000,0.000000
1014.610000,112.129100,49858.000000,0.000000
1014.630000,188.369600,49862.000000,0.000000
1014.660000,274.609500,49866.000000,0.000000
1014.660000,140.279600,49863.000000,0.000000
1014.670000,112.512000,49864.000000,0.000000
1014.670000,107.621100,49865.000000,0.000000
1014.720000,270.735200,49868.000000,0.000000
1014.740000,90.906510,49867.000000,0.000000
1014.770000,179.016000,49869.000000,0.000000
1014.770000,180.553700,49870.000000,1.000000
1014.780000,153.679700,49871.000000,0.000000
1014.790000,124.723600,49872.000000,0.000000
1014.830000,180.889100,49873.000000,1.000000
1014.830000,180.748000,49874.000000,1.000000
1014.880000,217.589800,49875.000000,0.000000
1014.910000,141.949400,49876.000000,0.000000
1014.930000,107.674900,49877.000000,0.000000
1014.960000,172.473100,49878.000000,0.000000
1015.000000,86.897640,49879.000000,0.000000
1015.010000,199.509400,49880.000000,0.000000
1015.130000,87.880690,49881.000000,0.000000
1015.140000,194.711600,49882.000000,0.000000
1015.160000,163.384600,49883.000000,0.000000
1015.170000,269.099300,49884.000000,0.000000
1015.250000,236.835500,49885.000000,0.000000
1015.280000,183.052700,49886.000000,1.000000
1015.300000,270.255500,49888.000000,0.000000
1015.320000,230.231400,49889.000000,0.000000
1015.330000,205.414800,49890.000000,0.000000
1015.330000,81.860730,49887.000000,0.000000
1015.350000,163.368400,49891.000000,0.000000
1015.430000,128.008100,49893.000000,0.000000
1015.430000,135.841000,49892.000000,0.000000
1015.450000,215.378000,49895.000000,0.000000
1015.450000,219.884800,49894.000000,0.000000
1015.470000,183.097000,49896.000000,1.000000
1015.480000,162.135300,49898.000000,0.000000
1015.480000,160.567600,49897.000000,0.000000
1015.490000,148.297300,49899.000000,0.000000
1015.500000,242.854300,49900.000000,0.000000
1015.520000,215.274000,49901.000000,0.000000
1015.530000,182.865200,49902.000000,1.000000
1015.560000,136.016300,49903.000000,0.000000
1015.600000,185.551400,49904.000000,0.000000
1015.620000,136.402700,49905.000000,0.000000
1015.630000,237.704500,49908.000000,0.000000
1015.640000,98.797840,49906.000000,0.000000
1015.640000,218.586200,49909.000000,0.000000
1015.650000,77.519330,49907.000000,0.000000
1015.670000,171.117200,49910.000000,0.000000
1015.680000,282.604800,49911.000000,0.000000
1015.680000,267.042900,49912.000000,0.000000
1015.810000,273.177000,49914.000000,0.000000
1015.820000,114.896600,49913.000000,0.000000
1015.830000,237.854300,49915.000000,0.000000
1015.850000,182.593700,49917.000000,1.000000
1015.850000,180.851600,49918.000000,1.000000
1015.850000,183.205700,49916.000000,1.000000
1015.870000,274.595200,49920.000000,0.000000
1015.880000,263.938800,49919.000000,0.000000
1015.880000,253.406800,49921.000000,0.000000
1015.880000,253.087700,49922.000000,0.000000
1015.900000,223.443800,49923.000000,0.000000
1015.950000,249.256200,49924.000000,0.000000
1016.000000,154.283300,49925.000000,0.000000
1016.010000,261.657200,49926.000000,0.000000
1016.080000,246.640700,49929.000000,0.000000
1016.090000,99.364150,49927.000000,0.000000
1016.100000,76.842170,49928.000000,0.000000
1016.110000,179.055100,49931.000000,1.000000
1016.110000,180.899900,49930.000000,1.000000
1016.150000,224.099300,49932.000000,0.000000
1016.180000,180.894900,49933.000000,1.000000
1016.210000,114.486500,49934.000000,0.000000
1016.230000,73.266910,49935.000000,0.000000
1016.240000,180.768800,49936.000000,1.000000
1016.270000,119.358300,49937.000000,0.000000
1016.280000,238.266700,49938.000000,0.000000
1016.300000,180.762100,49939.000000,1.000000
1016.320000,154.813400,49941.000000,0.000000
1016.330000,133.439100,49940.000000,0.000000
1016.360000,73.670910,49942.000000,0.000000
1016.370000,167.877600,49943.000000,0.000000
1016.370000,180.919500,49944.000000,1.000000
1016.390000,128.314700,49945.000000,0.000000
1016.420000,80.117000,49946.000000,0.000000
1016.430000,177.993100,49947.000000,0.000000
1016.440000,163.815000,49948.000000,0.000000
1016.470000,93.933680,49949.000000,0.000000
1016.480000,214.573500,49950.000000,0.000000
1016.560000,180.827100,49951.000000,1.000000
1016.590000,127.046500,49952.000000,0.000000
1016.600000,97.750560,49953.000000,0.000000
1016.620000,181.901700,49955.000000,1.000000
1016.620000,190.434700,49954.000000,0.000000
1016.620000,193.872800,49956.000000,0.000000
1016.660000,101.267600,49958.000000,0.000000
1016.670000,94.763300,49957.000000,0.000000
1016.680000,71.247110,49959.000000,0.000000
1016.690000,182.721600,49960.000000,0.000000
1016.690000,181.076300,49962.000000,1.000000
1016.700000,163.879800,49961.000000,0.000000
1016.710000,281.497500,49963.000000,0.000000
1016.720000,256.800300,49964.000000,0.000000
1016.780000,129.351400,49965.000000,0.000000
1016.800000,224.755700,49966.000000,0.000000
1016.820000,180.969400,49967.000000,1.000000
1016.820000,180.745600,49968.000000,1.000000
1016.840000,278.264000,49970.000000,0.000000
1016.840000,262.537300,49971.000000,0.000000
1016.870000,71.726500,49969.000000,0.000000
1016.880000,180.879000,49972.000000,1.000000
1016.890000,160.682400,49973.000000,0.000000
1016.910000,261.652600,49974.000000,0.000000
1016.930000,225.262200,49975.000000,0.000000
1016.950000,180.913200,49976.000000,1.000000
1016.960000,148.031100,49977.000000,0.000000
1016.980000,102.646300,49978.000000,0.000000
1017.020000,163.224300,49979.000000,0.000000
1017.050000,95.163020,49980.000000,0.000000
1017.050000,223.335300,49981.000000,0.000000
1017.200000,197.314400,49982.000000,0.000000
1017.220000,283.009600,49985.000000,0.000000
1017.220000,143.023800,49983.000000,0.000000
1017.240000,103.316600,49984.000000,0.000000
1017.270000,181.217900,49986.000000,1.000000
1017.280000,280.303600,49987.000000,0.000000
1017.330000,180.702600,49988.000000,1.000000
1017.340000,169.363000,49989.000000,0.000000
1017.350000,149.962400,49991.000000,0.000000
1017.350000,143.677800,49990.000000,0.000000
1017.350000,146.417600,49992.000000,0.000000
1017.390000,189.305100,49993.000000,0.000000
1017.400000,180.862600,49995.000000,1.000000
1017.400000,174.054900,49994.000000,0.000000
1017.440000,218.993900,49996.000000,0.000000
1017.480000,134.900400,49997.000000,0.000000
1017.500000,105.969100,49998.000000,0.000000
1017.570000,89.044280,49999.000000,0.000000
1017.570000,225.223900,50000.000000,0.000000
1017.570000,229.218100,50002.000000,0.000000
1017.580000,209.139400,50001.000000,0.000000
1017.580000,193.924700,50003.000000,0.000000
1017.590000,178.886200,50004.000000,0.000000
1017.630000,92.846340,50005.000000,0.000000
1017.640000,80.837350,50006.000000,0.000000
1017.650000,189.519100,50007.000000,0.000000
1017.650000,180.868200,50009.000000,1.000000
1017.650000,195.106200,50008.000000,0.000000
1017.720000,179.220600,50011.000000,1.000000
1017.720000,180.849700,50010.000000,1.000000
1017.790000,174.304700,50012.000000,0.000000
1017.810000,263.097000,50013.000000,0.000000
1017.870000,268.200700,50015.000000,0.000000
1017.880000,106.383300,50014.000000,0.000000
1017.890000,219.075400,50016.000000,0.000000
1017.910000,180.828700,50018.000000,1.000000
1017.910000,181.014700,50017.000000,1.000000
1017.930000,282.493000,50019.000000,0.000000
1017.980000,181.030400,50022.000000,1.000000
1017.980000,166.438900,50020.000000,0.000000
1017.980000,181.004800,50021.000000,1.000000
1018.010000,239.409200,50023.000000,0.000000
1018.020000,221.215400,50024.000000,0.000000
1018.030000,208.723300,50025.000000,0.000000
1018.040000,180.801900,50026.000000,1.000000
1018.050000,169.456300,50027.000000,0.000000
1018.070000,120.977400,50028.000000,0.000000
1018.090000,81.190120,50029.000000,0.000000
1018.100000,179.880000,50030.000000,1.000000
1018.140000,236.459600,50032.000000,0.000000
1018.140000,101.380700,50031.000000,0.000000
1018.150000,222.349600,50033.000000,0.000000
1018.160000,194.985000,50034.000000,0.000000
1018.160000,189.397100,50035.000000,0.000000
1018.190000,269.314200,50037.000000,0.000000
1018.210000,91.475650,50036.000000,0.000000
1018.250000,151.459700,50038.000000,0.000000
1018.260000,257.738400,50039.000000,0.000000
1018.280000,227.065800,50040.000000,0.000000
1018.280000,226.009400,50041.000000,0.000000
1018.300000,169.550900,50042.000000,0.000000
1018.300000,180.956900,50044.000000,1.000000
1018.300000,180.827200,50043.000000,1.000000
1018.340000,220.720600,50045.000000,0.000000
1018.360000,180.867100,50046.000000,1.000000
1018.450000,139.245100,50047.000000,0.000000
1018.460000,251.936800,50048.000000,0.000000
1018.490000,184.908400,50049.000000,0.000000
1018.520000,116.064600,50050.000000,0.000000
1018.550000,180.967400,50052.000000,1.000000
1018.550000,193.254600,50051.000000,0.000000
1018.580000,138.959100,50053.000000,0.000000
1018.640000,263.515400,50055.000000,0.000000
1018.660000,238.482500,50057.000000,0.000000
1018.660000,95.947110,50054.000000,0.000000
1018.660000,236.673800,50056.000000,0.000000
1018.690000,158.959200,50058.000000,0.000000
1018.710000,121.209600,50059.000000,0.000000
1018.710000,119.079500,50060.000000,0.000000
1018.730000,89.988510,50061.000000,0.000000
1018.730000,86.764350,50062.000000,0.000000
1018.750000,176.544600,50063.000000,0.000000
1018.790000,98.044990,50064.000000,0.000000
1018.810000,180.834700,50065.000000,1.000000
1018.840000,120.535700,50066.000000,0.000000
1018.870000,187.915400,50067.000000,0.000000
1018.920000,230.120700,50068.000000,0.000000
1018.930000,200.366500,50069.000000,0.000000
1018.940000,180.785500,50070.000000,1.000000
1018.980000,93.843100,50071.000000,0.000000
1019.040000,233.278900,50072.000000,0.000000
1019.100000,251.220100,50074.000000,0.000000
1019.110000,91.770850,50073.000000,0.000000
1019.120000,218.379600,50075.000000,0.000000
1019.180000,211.578700,50076.000000,0.000000
1019.250000,216.895600,50077.000000,0.000000
1019.260000,181.059200,50078.000000,1.000000
1019.300000,113.624000,50079.000000,0.000000
1019.310000,90.393300,50080.000000,0.000000
1019.310000,79.687680,50082.000000,0.000000
1019.320000,71.091720,50081.000000,0.000000
1019.350000,139.492800,50083.000000,0.000000
1019.360000,118.081100,50084.000000,0.000000
1019.410000,146.474000,50086.000000,0.000000
1019.410000,152.040400,50085.000000,0.000000
1019.430000,95.154790,50087.000000,0.000000
1019.430000,240.487500,50088.000000,0.000000
1019.460000,181.071800,50090.000000,1.000000
1019.470000,160.339500,50089.000000,0.000000
1019.480000,125.263900,50091.000000,0.000000
1019.480000,261.171800,50093.000000,0.000000
1019.480000,269.603200,50092.000000,0.000000
1019.500000,233.129600,50094.000000,0.000000
1019.510000,208.149300,50095.000000,0.000000
1019.530000,164.367800,50096.000000,0.000000
1019.540000,137.224100,50097.000000,0.000000
1019.580000,200.830600,50098.000000,0.000000
1019.610000,253.369500,50099.000000,0.000000
1019.650000,177.690500,50100.000000,0.000000
1019.650000,180.942400,50101.000000,1.000000
1019.670000,274.878400,50105.000000,0.000000
1019.670000,271.992800,50104.000000,0.000000
1019.670000,147.813800,50102.000000,0.000000
1019.680000,252.446300,50106.000000,0.000000
1019.690000,89.717450,50103.000000,0.000000
1019.690000,225.513900,50107.000000,0.000000
1019.740000,128.822100,50108.000000,0.000000
1019.750000,106.219100,50109.000000,0.000000
1019.780000,183.756400,50110.000000,0.000000
1019.780000,180.855400,50112.000000,1.000000
1019.790000,161.292700,50111.000000,0.000000
1019.800000,145.111600,50113.000000,0.000000
1019.810000,254.494500,50114.000000,0.000000
1019.840000,180.934500,50115.000000,1.000000
1019.870000,259.449800,50116.000000,0.000000
1019.910000,181.042400,50117.000000,1.000000
1019.930000,133.609800,50118.000000,0.000000
1019.930000,272.562600,50122.000000,0.000000
1019.930000,256.299000,50120.000000,0.000000
1019.930000,267.040000,50121.000000,0.000000
1019.950000,89.105490,50119.000000,0.000000
1020.000000,245.615100,50123.000000,0.000000
1020.030000,183.132800,50124.000000,0.000000
1020.100000,180.793900,50125.000000,1.000000
1020.130000,248.738800,50126.000000,0.000000
1020.170000,169.802600,50128.000000,0.000000
1020.170000,171.014900,50127.000000,0.000000
1020.190000,261.165700,50130.000000,0.000000
1020.220000,75.081020,50129.000000,0.000000
1020.290000,178.916800,50131.000000,0.000000
1020.300000,171.460700,50132.000000,0.000000
1020.310000,282.704600,50135.000000,0.000000
1020.330000,109.905500,50133.000000,0.000000
1020.340000,80.428730,50134.000000,0.000000
1020.360000,180.893000,50136.000000,1.000000
1020.360000,174.284100,50137.000000,0.000000
1020.400000,90.502100,50138.000000,0.000000
1020.450000,114.143400,50139.000000,0.000000
1020.460000,100.214100,50140.000000,0.000000
1020.460000,244.719200,50141.000000,0.000000
1020.490000,180.812000,50143.000000,1.000000
1020.500000,144.069900,50144.000000,0.000000
1020.500000,162.782700,50142.000000,0.000000
1020.510000,274.559300,50145.000000,0.000000
1020.550000,181.046300,50146.000000,1.000000
1020.550000,179.300600,50148.000000,0.000000
1020.550000,180.975000,50147.000000,1.000000
1020.570000,272.817500,50151.000000,0.000000
1020.580000,122.137200,50149.000000,0.000000
1020.600000,85.321010,50150.000000,0.000000
1020.610000,190.749600,50152.000000,0.000000
1020.660000,96.733060,50153.000000,0.000000
1020.660000,219.135600,50155.000000,0.000000
1020.670000,77.247880,50154.000000,0.000000
1020.680000,187.705300,50156.000000,0.000000
1020.680000,180.932000,50157.000000,1.000000
1020.830000,135.346300,50159.000000,0.000000
1020.830000,137.194900,50158.000000,0.000000
1020.840000,249.817000,50160.000000,0.000000
1020.840000,245.316500,50161.000000,0.000000
1020.860000,206.026900,50162.000000,0.000000
1020.870000,180.986600,50163.000000,1.000000
1020.870000,180.776100,50164.000000,1.000000
1020.890000,280.056300,50166.000000,0.000000
1020.920000,78.860490,50165.000000,0.000000
1020.990000,75.137470,50167.000000,0.000000
1021.030000,253.418200,50169.000000,0.000000
1021.030000,127.021100,50168.000000,0.000000
1021.050000,213.889900,50170.000000,0.000000
1021.070000,176.788200,50172.000000,0.000000
1021.070000,181.021600,50171.000000,1.000000
1021.100000,114.075000,50173.000000,0.000000
1021.140000,166.659400,50174.000000,0.000000
1021.170000,100.325300,50175.000000,0.000000
1021.170000,242.677300,50176.000000,0.000000
1021.230000,105.429000,50177.000000,0.000000
1021.230000,233.337300,50179.000000,0.000000
1021.230000,240.923600,50178.000000,0.000000
1021.260000,180.971500,50180.000000,1.000000
1021.300000,234.502000,50181.000000,0.000000
1021.380000,72.205600,50182.000000,0.000000
1021.470000,147.454600,50183.000000,0.000000
1021.480000,120.215200,50184.000000,0.000000
1021.480000,132.740100,50185.000000,0.000000
1021.490000,246.583400,50186.000000,0.000000
1021.500000,210.274500,50187.000000,0.000000
1021.520000,180.887700,50190.000000,1.000000
1021.520000,183.799100,50188.000000,0.000000
1021.530000,160.468900,50189.000000,0.000000
1021.630000,205.891900,50192.000000,0.000000
1021.630000,224.725000,50191.000000,0.000000
1021.650000,180.887100,50193.000000,1.000000
1021.680000,238.165700,50194.000000,0.000000
1021.710000,180.810400,50195.000000,1.000000
1021.730000,274.866900,50196.000000,0.000000
1021.760000,214.859500,50197.000000,0.000000
1021.790000,153.341100,50198.000000,0.000000
1021.810000,107.827900,50199.000000,0.000000
1021.820000,78.294590,50200.000000,0.000000
1021.840000,180.711900,50201.000000,1.000000
1021.880000,94.249200,50202.000000,0.000000
1021.900000,179.704100,50203.000000,1.000000
1021.900000,180.854600,50205.000000,1.000000
1021.910000,173.898600,50204.000000,0.000000
1021.970000,182.881000,50206.000000,0.000000
1022.020000,202.375300,50208.000000,0.000000
1022.030000,191.290200,50207.000000,0.000000
1022.050000,153.576400,50209.000000,0.000000
1022.070000,241.580900,50210.000000,0.000000
1022.100000,180.937000,50211.000000,1.000000
1022.150000,204.982600,50212.000000,0.000000
1022.160000,178.211000,50214.000000,0.000000
1022.170000,165.058500,50213.000000,0.000000
1022.210000,81.225080,50215.000000,0.000000
1022.250000,125.273800,50217.000000,0.000000
1022.250000,135.436900,50216.000000,0.000000
1022.270000,214.347700,50218.000000,0.000000
1022.280000,195.194300,50219.000000,0.000000
1022.370000,154.033000,50220.000000,0.000000
1022.370000,283.453800,50221.000000,0.000000
1022.410000,197.196900,50222.000000,0.000000
1022.430000,170.274100,50223.000000,0.000000
1022.440000,130.685400,50225.000000,0.000000
1022.440000,141.235400,50224.000000,0.000000
1022.450000,112.992100,50226.000000,0.000000
1022.500000,141.505000,50227.000000,0.000000
1022.580000,109.142600,50228.000000,0.000000
1022.610000,181.042900,50230.000000,1.000000
1022.610000,194.979000,50229.000000,0.000000
1022.630000,270.502500,50231.000000,0.000000
1022.720000,223.134400,50232.000000,0.000000
1022.750000,170.298600,50233.000000,0.000000
1022.760000,149.594300,50234.000000,0.000000
1022.770000,124.228400,50235.000000,0.000000
1022.810000,180.717000,50236.000000,1.000000
1022.840000,111.310000,50237.000000,0.000000
1022.840000,108.916600,50238.000000,0.000000
1022.850000,101.033900,50239.000000,0.000000
1022.850000,82.865610,50240.000000,0.000000
1022.870000,180.677700,50241.000000,1.000000
1022.930000,202.439200,50242.000000,0.000000
1022.940000,180.843700,50244.000000,1.000000
1022.940000,181.021900,50243.000000,1.000000
1022.970000,245.913800,50245.000000,0.000000
1022.990000,200.025700,50246.000000,0.000000
1023.000000,180.803000,50247.000000,1.000000
1023.060000,188.561600,50248.000000,0.000000
1023.090000,124.915500,50249.000000,0.000000
1023.130000,185.660200,50250.000000,0.000000
1023.130000,180.589400,50251.000000,1.000000
1023.170000,102.403400,50253.000000,0.000000
1023.170000,88.127490,50252.000000,0.000000
1023.190000,193.011900,50254.000000,0.000000
1023.190000,180.877700,50256.000000,1.000000
1023.190000,180.552300,50255.000000,1.000000
1023.260000,178.857800,50258.000000,0.000000
1023.260000,180.748500,50257.000000,1.000000
1023.270000,153.523100,50259.000000,0.000000
1023.280000,127.705100,50260.000000,0.000000
1023.290000,251.201400,50261.000000,0.000000
1023.310000,210.523900,50262.000000,0.000000
1023.320000,177.182500,50264.000000,0.000000
1023.330000,164.490800,50263.000000,0.000000
1023.370000,78.865460,50265.000000,0.000000
1023.390000,182.867800,50266.000000,0.000000
1023.410000,256.421400,50268.000000,0.000000
1023.410000,128.478300,50267.000000,0.000000
1023.420000,245.644400,50270.000000,0.000000
1023.420000,238.407700,50269.000000,0.000000
1023.450000,176.956700,50272.000000,0.000000
1023.450000,180.842600,50271.000000,1.000000
1023.470000,278.263200,50275.000000,0.000000
1023.480000,117.561200,50273.000000,0.000000
1023.490000,226.268500,50276.000000,0.000000
1023.500000,80.741070,50274.000000,0.000000
1023.520000,180.883200,50277.000000,1.000000
1023.520000,180.410500,50279.000000,1.000000
1023.520000,180.716800,50278.000000,1.000000
1023.530000,283.528900,50280.000000,0.000000
1023.550000,239.608300,50281.000000,0.000000
1023.570000,193.823400,50282.000000,0.000000
1023.610000,255.565400,50283.000000,0.000000
1023.670000,268.305100,50284.000000,0.000000
1023.670000,257.862000,50285.000000,0.000000
1023.710000,182.635400,50286.000000,0.000000
1023.750000,104.909900,50287.000000,0.000000
1023.770000,180.790000,50288.000000,1.000000
1023.850000,165.234400,50289.000000,0.000000
1023.850000,152.683500,50290.000000,0.000000
1023.850000,150.286500,50291.000000,0.000000
1023.870000,249.149200,50292.000000,0.000000
1023.900000,180.832600,50293.000000,1.000000
1023.930000,260.853300,50294.000000,0.000000
1024.000000,240.688800,50296.000000,0.000000
1024.010000,101.217800,50295.000000,0.000000
1024.030000,180.770500,50297.000000,1.000000
1024.080000,216.198300,50298.000000,0.000000
1024.080000,218.799000,50299.000000,0.000000
1024.090000,191.947200,50300.000000,0.000000
1024.100000,180.691400,50301.000000,1.000000
1024.150000,197.703600,50302.000000,0.000000
1024.150000,195.964400,50303.000000,0.000000
1024.160000,180.904800,50304.000000,1.000000
1024.170000,163.467400,50305.000000,0.000000
1024.180000,142.746100,50306.000000,0.000000
1024.230000,180.960300,50307.000000,1.000000
1024.250000,259.111600,50309.000000,0.000000
1024.260000,100.743700,50308.000000,0.000000
1024.310000,141.357700,50310.000000,0.000000
1024.360000,161.021700,50311.000000,0.000000
1024.370000,273.663300,50312.000000,0.000000
1024.390000,247.681800,50313.000000,0.000000
1024.420000,180.806800,50314.000000,1.000000
1024.520000,102.322400,50315.000000,0.000000
1024.550000,184.058900,50316.000000,0.000000
1024.550000,180.725600,50318.000000,1.000000
1024.550000,180.798000,50317.000000,1.000000
1024.560000,153.547600,50319.000000,0.000000
1024.610000,188.794300,50320.000000,0.000000
1024.610000,180.506400,50321.000000,1.000000
1024.630000,145.382300,50322.000000,0.000000
1024.650000,100.153600,50323.000000,0.000000
1024.670000,194.564200,50324.000000,0.000000
1024.700000,131.329500,50326.000000,0.000000
1024.700000,135.621100,50325.000000,0.000000
1024.700000,272.343900,50327.000000,0.000000
1024.740000,180.801600,50328.000000,1.000000
1024.890000,145.607300,50329.000000,0.000000
1024.930000,180.698200,50330.000000,1.000000
1025.020000,274.724600,50331.000000,0.000000
1025.090000,262.635300,50332.000000,0.000000
1025.090000,262.175800,50333.000000,0.000000
1025.160000,116.346800,50334.000000,0.000000
1025.170000,86.619600,50335.000000,0.000000
1025.190000,187.661500,50336.000000,0.000000
1025.190000,180.227800,50337.000000,1.000000
1025.220000,262.521600,50339.000000,0.000000
1025.230000,111.592100,50338.000000,0.000000
1025.240000,225.858600,50340.000000,0.000000
1025.250000,198.517700,50341.000000,0.000000
1025.260000,180.942500,50343.000000,1.000000
1025.270000,159.725700,50342.000000,0.000000
1025.270000,149.164200,50344.000000,0.000000
1025.280000,259.262800,50345.000000,0.000000
1025.390000,182.681700,50346.000000,0.000000
1025.390000,178.197200,50347.000000,0.000000
1025.410000,267.660900,50348.000000,0.000000
1025.480000,248.563600,50349.000000,0.000000
1025.500000,210.451400,50350.000000,0.000000
1025.520000,180.397100,50351.000000,1.000000
1025.550000,115.010900,50352.000000,0.000000
1025.590000,149.552200,50353.000000,0.000000
1025.670000,119.127700,50354.000000,0.000000
1025.670000,260.661700,50355.000000,0.000000
1025.710000,179.126600,50356.000000,0.000000
1025.750000,93.792590,50357.000000,0.000000
1025.770000,192.991900,50358.000000,0.000000
1025.780000,173.557600,50359.000000,0.000000
1025.780000,172.713100,50360.000000,0.000000
1025.800000,256.398000,50362.000000,0.000000
1025.810000,110.270800,50361.000000,0.000000
1025.820000,217.486600,50363.000000,0.000000
1025.870000,111.057600,50364.000000,0.000000
1025.880000,98.121410,50365.000000,0.000000
1025.900000,186.334400,50366.000000,0.000000
1025.930000,130.837200,50368.000000,0.000000
1025.930000,126.553500,50367.000000,0.000000
1025.940000,99.770480,50369.000000,0.000000
1025.940000,241.288300,50370.000000,0.000000
1025.980000,158.039600,50371.000000,0.000000
1026.000000,100.943700,50372.000000,0.000000
1026.000000,243.815000,50373.000000,0.000000
1026.070000,239.712500,50374.000000,0.000000
1026.090000,186.286700,50375.000000,0.000000
1026.100000,172.087600,50376.000000,0.000000
1026.160000,182.343000,50377.000000,0.000000
1026.220000,189.172300,50378.000000,0.000000
1026.230000,168.366100,50379.000000,1.000000
1026.240000,138.396500,50380.000000,0.000000
1026.270000,220.354500,50381.000000,0.000000
1026.330000,92.642930,50382.000000,0.000000
1026.370000,273.138900,50384.000000,0.000000
1026.390000,101.387400,50383.000000,0.000000
1026.420000,185.605400,50385.000000,0.000000
1026.490000,168.485900,50386.000000,1.000000
1026.510000,261.875200,50388.000000,0.000000
1026.520000,108.666200,50387.000000,0.000000
1026.540000,186.343000,50389.000000,0.000000
1026.570000,136.962200,50390.000000,0.000000
1026.670000,184.479000,50391.000000,0.000000
1026.680000,177.657900,50392.000000,0.000000
1026.740000,180.553100,50393.000000,0.000000
1026.750000,168.425000,50394.000000,1.000000
1026.770000,112.817200,50395.000000,0.000000
1026.780000,222.676000,50396.000000,0.000000
1026.840000,116.062100,50397.000000,0.000000
1026.840000,243.727600,50399.000000,0.000000
1026.840000,248.572600,50398.000000,0.000000
1026.860000,204.478300,50400.000000,0.000000
1026.910000,97.286420,50401.000000,0.000000
1026.930000,187.261200,50402.000000,0.000000
1026.940000,168.218200,50403.000000,1.000000
1026.980000,87.165020,50404.000000,0.000000
1027.000000,172.746900,50406.000000,0.000000
1027.000000,168.306400,50405.000000,1.000000
1027.040000,229.283600,50407.000000,0.000000
1027.050000,197.191200,50408.000000,0.000000
1027.070000,168.167100,50409.000000,1.000000
1027.150000,131.150400,50410.000000,0.000000
1027.150000,127.700700,50411.000000,0.000000
1027.180000,199.410000,50412.000000,0.000000
1027.200000,169.896800,50413.000000,0.000000
1027.230000,227.391600,50415.000000,0.000000
1027.230000,103.934600,50414.000000,0.000000
1027.330000,168.474500,50416.000000,1.000000
1027.370000,220.621900,50417.000000,0.000000
1027.450000,169.846200,50419.000000,0.000000
1027.460000,168.290200,50418.000000,1.000000
1027.470000,280.321300,50420.000000,0.000000
1027.530000,146.933900,50421.000000,0.000000
1027.540000,133.034600,50422.000000,0.000000
1027.560000,85.774410,50423.000000,0.000000
1027.560000,220.146100,50424.000000,0.000000
1027.580000,167.974000,50425.000000,1.000000
1027.600000,270.846600,50427.000000,0.000000
1027.630000,72.488660,50426.000000,0.000000
1027.650000,174.951600,50428.000000,0.000000
1027.670000,262.958600,50429.000000,0.000000
1027.700000,199.284600,50430.000000,0.000000
1027.730000,262.048900,50432.000000,0.000000
1027.760000,74.349030,50431.000000,0.000000
1027.770000,179.102100,50434.000000,0.000000
1027.770000,194.037000,50433.000000,0.000000
1027.780000,172.197000,50435.000000,0.000000
1027.830000,202.273900,50436.000000,0.000000
1027.840000,174.715100,50437.000000,0.000000
1027.840000,174.902300,50438.000000,0.000000
1027.910000,165.977400,50439.000000,1.000000
1027.920000,281.557300,50441.000000,0.000000
1027.920000,146.746800,50440.000000,0.000000
