1021.600000,665.475300,180216.000000,0.000000
1021.610000,813.333100,180227.000000,0.000000
1021.620000,957.169200,180237.000000,0.000000
1021.620000,970.968600,180236.000000,0.000000
1021.620000,606.903300,180217.000000,0.000000
1021.630000,567.225300,180218.000000,0.000000
1021.630000,1316.112000,180256.000000,0.000000
1021.640000,1276.528000,180257.000000,0.000000
1021.680000,785.498900,180239.000000,0.000000
1021.680000,616.981300,180229.000000,0.000000
1021.680000,612.313800,180228.000000,0.000000
1021.680000,429.155900,180219.000000,0.000000
1021.680000,419.733600,180220.000000,0.000000
1021.680000,807.637800,180238.000000,0.000000
1021.690000,959.218700,180250.000000,0.000000
1021.690000,767.087200,180240.000000,0.000000
1021.700000,741.263900,180241.000000,0.000000
1021.700000,1101.514000,180258.000000,0.000000
1021.710000,355.386800,180221.000000,0.000000
1021.710000,1077.897000,180259.000000,0.000000
1021.710000,525.556700,180230.000000,0.000000
1021.720000,490.879300,180231.000000,0.000000
1021.730000,844.280600,180251.000000,0.000000
1021.740000,985.111800,180260.000000,0.000000
1021.750000,424.874300,180232.000000,0.000000
1021.750000,608.385700,180242.000000,0.000000
1021.750000,1332.844000,180278.000000,0.000000
1021.750000,594.649600,180243.000000,0.000000
1021.770000,1260.995000,180279.000000,0.000000
1021.770000,546.150300,180244.000000,0.000000
1021.780000,331.929300,180233.000000,0.000000
1021.790000,1220.718000,180280.000000,0.000000
1021.790000,490.116500,180245.000000,0.000000
1021.790000,834.073400,180261.000000,0.000000
1021.800000,630.904900,180252.000000,0.000000
1021.800000,1187.368000,180281.000000,0.000000
1021.810000,419.697600,180246.000000,0.000000
1021.820000,406.737900,180247.000000,0.000000
1021.820000,1319.142000,180290.000000,0.000000
1021.830000,744.528800,180262.000000,0.000000
1021.830000,1087.812000,180282.000000,0.000000
1021.840000,1242.031000,180291.000000,0.000000
1021.840000,885.324200,180268.000000,0.000000
1021.850000,1036.893000,180284.000000,0.000000
1021.850000,502.728400,180253.000000,0.000000
1021.860000,830.493800,180269.000000,1.000000
1021.860000,1208.392000,180292.000000,0.000000
1021.860000,457.174100,180254.000000,0.000000
1021.860000,1023.774000,180283.000000,0.000000
1021.870000,622.824600,180264.000000,0.000000
1021.870000,437.679500,180255.000000,0.000000
1021.870000,610.457400,180263.000000,0.000000
1021.870000,1166.109000,180293.000000,0.000000
1021.900000,1069.563000,180294.000000,0.000000
1021.910000,679.846400,180271.000000,0.000000
1021.910000,682.502500,180270.000000,0.000000
1021.910000,1059.824000,180295.000000,0.000000
1021.920000,831.369100,180285.000000,0.000000
1021.920000,1221.925000,180309.000000,0.000000
1021.920000,1214.344000,180308.000000,0.000000
1021.920000,659.268600,180273.000000,0.000000
1021.920000,659.947400,180272.000000,0.000000
1021.920000,483.563000,180265.000000,0.000000
1021.930000,449.001800,180266.000000,0.000000
1021.930000,1006.859000,180296.000000,0.000000
1021.930000,998.338900,180297.000000,0.000000
1021.930000,638.209400,180274.000000,0.000000
1021.940000,1164.831000,180311.000000,0.000000
1021.940000,1163.907000,180310.000000,0.000000
1021.940000,783.852000,180286.000000,0.000000
1021.940000,592.880400,180275.000000,0.000000
1021.950000,589.012600,180276.000000,0.000000
1021.950000,947.870400,180298.000000,0.000000
1021.970000,348.266600,180267.000000,0.000000
1021.970000,527.282000,180277.000000,0.000000
1021.980000,845.429600,180299.000000,0.000000
1021.980000,848.039200,180300.000000,0.000000
1021.980000,1212.595000,180316.000000,0.000000
1021.990000,830.051500,180302.000000,1.000000
1021.990000,830.280600,180301.000000,1.000000
1021.990000,839.723000,180303.000000,0.000000
1022.000000,797.849800,180304.000000,0.000000
1022.000000,1339.818000,180331.000000,0.000000
1022.010000,1147.047000,180317.000000,0.000000
1022.010000,940.045000,180312.000000,0.000000
1022.020000,1107.503000,180318.000000,0.000000
1022.020000,1303.690000,180332.000000,0.000000
1022.030000,530.126800,180287.000000,0.000000
1022.040000,1235.971000,180333.000000,0.000000
1022.050000,655.968500,180305.000000,0.000000
1022.050000,1026.378000,180319.000000,0.000000
1022.060000,993.186800,180320.000000,0.000000
1022.070000,1138.616000,180334.000000,0.000000
1022.080000,390.283700,180288.000000,0.000000
1022.080000,1292.224000,180346.000000,0.000000
1022.080000,400.289800,180289.000000,0.000000
1022.080000,1123.045000,180335.000000,0.000000
1022.090000,1286.966000,180347.000000,0.000000
1022.090000,718.435500,180313.000000,0.000000
1022.090000,1081.715000,180336.000000,0.000000
1022.100000,1051.709000,180337.000000,0.000000
1022.100000,522.245400,180306.000000,0.000000
1022.120000,1193.357000,180348.000000,0.000000
1022.120000,823.043800,180321.000000,1.000000
1022.130000,808.426000,180322.000000,0.000000
1022.130000,437.459200,180307.000000,0.000000
1022.150000,727.362900,180323.000000,0.000000
1022.180000,1198.219000,180358.000000,0.000000
1022.200000,1338.604000,180368.000000,0.000000
1022.200000,419.200300,180314.000000,0.000000
1022.200000,1339.876000,180369.000000,0.000000
1022.210000,570.496500,180324.000000,0.000000
1022.210000,1105.308000,180359.000000,0.000000
1022.220000,897.783800,180349.000000,0.000000
1022.230000,328.845000,180315.000000,0.000000
1022.230000,880.672700,180350.000000,0.000000
1022.240000,470.958700,180325.000000,0.000000
1022.250000,439.494300,180326.000000,0.000000
1022.250000,806.990600,180351.000000,0.000000
1022.260000,605.772200,180338.000000,0.000000
1022.260000,605.683800,180339.000000,0.000000
1022.260000,421.232800,180327.000000,0.000000
1022.260000,428.234000,180328.000000,0.000000
1022.270000,762.362200,180352.000000,0.000000
1022.280000,381.568800,180329.000000,0.000000
1022.290000,510.989300,180340.000000,0.000000
1022.290000,341.561500,180330.000000,0.000000
1022.290000,1070.992000,180370.000000,0.000000
1022.300000,1225.879000,180379.000000,0.000000
1022.300000,500.261500,180341.000000,0.000000
1022.300000,1233.907000,180378.000000,0.000000
1022.310000,653.800900,180353.000000,0.000000
1022.310000,1015.919000,180371.000000,0.000000
1022.320000,427.941300,180342.000000,0.000000
1022.320000,998.857400,180372.000000,0.000000
1022.320000,438.230900,180343.000000,0.000000
1022.320000,805.612800,180360.000000,0.000000
1022.340000,1105.168000,180380.000000,0.000000
1022.340000,378.610700,180345.000000,0.000000
1022.340000,369.165300,180344.000000,0.000000
1022.350000,533.997900,180354.000000,0.000000
1022.350000,899.534500,180373.000000,0.000000
1022.350000,714.509200,180362.000000,0.000000
1022.350000,705.490500,180361.000000,0.000000
1022.360000,867.927600,180374.000000,0.000000
1022.360000,1234.022000,180385.000000,0.000000
1022.360000,512.174800,180355.000000,0.000000
1022.360000,508.241200,180356.000000,0.000000
1022.370000,1205.307000,180386.000000,0.000000
1022.390000,1163.802000,180387.000000,0.000000
1022.390000,409.321600,180357.000000,0.000000
1022.400000,1125.559000,180388.000000,0.000000
1022.400000,1310.062000,180395.000000,0.000000
1022.410000,549.505800,180363.000000,0.000000
1022.410000,1272.111000,180396.000000,0.000000
1022.410000,729.189000,180375.000000,0.000000
1022.420000,517.924100,180364.000000,0.000000
1022.440000,819.874500,180382.000000,1.000000
1022.440000,839.477200,180381.000000,0.000000
1022.450000,968.215500,180389.000000,0.000000
1022.460000,600.049100,180376.000000,0.000000
1022.460000,762.324600,180383.000000,0.000000
1022.460000,416.420400,180365.000000,0.000000
1022.470000,1286.658000,180405.000000,0.000000
1022.480000,1092.942000,180397.000000,0.000000
1022.490000,1231.506000,180406.000000,0.000000
1022.490000,326.735200,180367.000000,0.000000
1022.490000,325.873900,180366.000000,0.000000
1022.500000,1029.335000,180398.000000,0.000000
1022.520000,407.878900,180377.000000,0.000000
1022.520000,960.134600,180399.000000,0.000000
1022.530000,764.702800,180390.000000,0.000000
1022.550000,1236.277000,180412.000000,0.000000
1022.560000,1024.407000,180408.000000,0.000000
1022.560000,1034.768000,180407.000000,0.000000
1022.560000,471.833200,180384.000000,0.000000
1022.560000,677.684300,180391.000000,0.000000
1022.580000,798.349100,180400.000000,0.000000
1022.590000,579.440800,180392.000000,0.000000
1022.590000,1306.425000,180421.000000,0.000000
1022.620000,1229.536000,180422.000000,0.000000
1022.630000,481.051300,180393.000000,0.000000
1022.640000,432.216400,180394.000000,0.000000
1022.640000,991.278300,180413.000000,0.000000
1022.640000,810.458400,180409.000000,0.000000
1022.640000,1171.225000,180423.000000,0.000000
1022.650000,770.567900,180410.000000,0.000000
1022.650000,593.390400,180401.000000,0.000000
1022.660000,571.751000,180402.000000,0.000000
1022.660000,1101.617000,180424.000000,0.000000
1022.660000,1299.302000,180433.000000,0.000000
1022.690000,657.491000,180411.000000,0.000000
1022.700000,1015.229000,180425.000000,0.000000
1022.700000,829.465900,180414.000000,1.000000
1022.710000,791.563200,180415.000000,0.000000
1022.710000,1160.188000,180434.000000,0.000000
1022.710000,963.241100,180426.000000,0.000000
1022.720000,756.434000,180417.000000,0.000000
1022.720000,405.546900,180403.000000,0.000000
1022.720000,773.183700,180416.000000,0.000000
1022.730000,1099.774000,180435.000000,0.000000
1022.730000,1274.748000,180444.000000,0.000000
1022.740000,1069.582000,180436.000000,0.000000
1022.740000,1060.363000,180437.000000,0.000000
1022.740000,349.738300,180404.000000,0.000000
1022.750000,1028.135000,180438.000000,0.000000
1022.760000,649.403600,180418.000000,0.000000
1022.760000,834.176600,180427.000000,0.000000
1022.780000,1311.663000,180450.000000,0.000000
1022.780000,1327.286000,180449.000000,0.000000
1022.790000,1099.455000,180447.000000,0.000000
1022.790000,563.428000,180419.000000,0.000000
1022.790000,1120.116000,180445.000000,0.000000
1022.790000,933.304100,180439.000000,0.000000
1022.790000,759.165500,180428.000000,0.000000
1022.790000,731.179100,180429.000000,0.000000
1022.800000,723.054500,180430.000000,0.000000
1022.800000,1090.309000,180446.000000,0.000000
1022.810000,1060.758000,180448.000000,0.000000
1022.810000,507.195000,180420.000000,0.000000
1022.850000,750.727900,180440.000000,0.000000
1022.860000,716.666000,180441.000000,0.000000
1022.860000,1096.124000,180451.000000,0.000000
1022.860000,1287.604000,180467.000000,0.000000
1022.870000,1073.760000,180453.000000,0.000000
1022.870000,1063.708000,180452.000000,0.000000
1022.870000,511.138000,180431.000000,0.000000
1022.890000,1205.288000,180468.000000,0.000000
1022.900000,1161.603000,180469.000000,0.000000
1022.900000,1176.597000,180470.000000,0.000000
1022.910000,1142.622000,180471.000000,0.000000
1022.910000,1127.672000,180472.000000,0.000000
1022.920000,1303.094000,180484.000000,0.000000
1022.930000,1074.607000,180473.000000,0.000000
1022.930000,355.317000,180432.000000,0.000000
1022.940000,493.316000,180443.000000,0.000000
1022.940000,1236.569000,180485.000000,0.000000
1022.940000,512.088400,180442.000000,0.000000
1022.960000,820.972800,180454.000000,1.000000
1022.970000,795.768700,180455.000000,0.000000
1022.970000,977.649200,180474.000000,0.000000
1022.980000,941.380800,180475.000000,0.000000
1022.980000,1315.790000,180493.000000,0.000000
1022.990000,914.425300,180477.000000,0.000000
1022.990000,921.399700,180476.000000,0.000000
1022.990000,713.142400,180456.000000,0.000000
1023.000000,872.503300,180478.000000,0.000000
1023.010000,1040.265000,180486.000000,0.000000
1023.020000,637.527000,180457.000000,0.000000
1023.030000,972.426300,180487.000000,0.000000
1023.030000,787.995200,180479.000000,0.000000
1023.030000,966.704000,180488.000000,0.000000
1023.040000,1126.113000,180494.000000,0.000000
1023.050000,547.920200,180458.000000,0.000000
1023.070000,484.583300,180459.000000,0.000000
1023.080000,1005.917000,180496.000000,0.000000
1023.090000,444.211500,180460.000000,0.000000
1023.090000,446.895000,180462.000000,0.000000
1023.090000,804.281400,180489.000000,0.000000
1023.090000,426.745800,180463.000000,0.000000
1023.090000,982.214800,180497.000000,0.000000
1023.090000,453.484300,180461.000000,0.000000
1023.090000,995.798000,180495.000000,0.000000
1023.100000,1314.879000,180511.000000,0.000000
1023.100000,1327.049000,180510.000000,0.000000
1023.110000,374.621800,180464.000000,0.000000
1023.110000,746.254700,180490.000000,0.000000
1023.120000,550.959000,180480.000000,0.000000
1023.120000,345.106000,180465.000000,0.000000
1023.130000,508.738300,180481.000000,0.000000
1023.130000,334.646300,180466.000000,0.000000
1023.140000,1030.769000,180501.000000,0.000000
1023.140000,479.824600,180482.000000,0.000000
1023.150000,1180.798000,180513.000000,0.000000
1023.150000,638.981300,180491.000000,0.000000
1023.150000,451.456400,180483.000000,0.000000
1023.160000,982.208300,180502.000000,0.000000
1023.160000,1162.074000,180512.000000,0.000000
1023.170000,1305.981000,180524.000000,0.000000
1023.180000,550.189100,180492.000000,0.000000
1023.180000,738.799200,180498.000000,0.000000
1023.190000,1067.152000,180514.000000,0.000000
1023.190000,694.239100,180499.000000,0.000000
1023.190000,896.390300,180503.000000,0.000000
1023.210000,822.594700,180504.000000,1.000000
1023.260000,860.018700,180515.000000,0.000000
1023.270000,837.311300,180516.000000,0.000000
1023.270000,1014.971000,180525.000000,0.000000
1023.270000,844.927300,180517.000000,0.000000
1023.280000,629.956500,180507.000000,0.000000
1023.280000,644.754100,180506.000000,0.000000
1023.280000,637.685400,180505.000000,0.000000
1023.280000,1166.128000,180529.000000,0.000000
1023.280000,461.889600,180500.000000,0.000000
1023.290000,784.362200,180518.000000,0.000000
1023.310000,729.573200,180519.000000,0.000000
1023.310000,533.055800,180508.000000,0.000000
1023.340000,451.864000,180509.000000,0.000000
1023.340000,836.425700,180526.000000,0.000000
1023.340000,640.230200,180520.000000,0.000000
1023.340000,1188.312000,180540.000000,0.000000
1023.380000,708.260900,180527.000000,0.000000
1023.380000,524.466400,180521.000000,0.000000
1023.380000,906.244300,180530.000000,0.000000
1023.390000,877.277900,180531.000000,0.000000
1023.410000,431.001900,180523.000000,0.000000
1023.420000,416.389200,180522.000000,0.000000
1023.430000,940.482400,180541.000000,0.000000
1023.440000,1079.219000,180549.000000,0.000000
1023.440000,1264.139000,180563.000000,0.000000
1023.450000,704.481100,180532.000000,0.000000
1023.450000,699.289200,180533.000000,0.000000
1023.470000,628.259900,180534.000000,0.000000
1023.470000,1190.786000,180564.000000,0.000000
1023.470000,1192.453000,180565.000000,0.000000
1023.470000,824.241500,180542.000000,1.000000
1023.480000,1340.084000,180576.000000,0.000000
1023.480000,792.980400,180543.000000,0.000000
1023.490000,1328.439000,180575.000000,0.000000
1023.490000,952.902900,180550.000000,0.000000
1023.490000,1326.704000,180574.000000,0.000000
1023.500000,1299.919000,180577.000000,0.000000
1023.500000,748.206500,180544.000000,0.000000
1023.510000,353.260200,180528.000000,0.000000
1023.510000,536.254200,180535.000000,0.000000
1023.520000,1055.241000,180566.000000,0.000000
1023.520000,1227.101000,180578.000000,0.000000
1023.520000,506.699800,180536.000000,0.000000
1023.530000,840.912200,180551.000000,0.000000
1023.530000,458.331200,180538.000000,0.000000
1023.540000,804.062700,180553.000000,0.000000
1023.540000,440.663800,180537.000000,0.000000
1023.540000,816.922800,180552.000000,1.000000
1023.550000,1136.003000,180579.000000,0.000000
1023.550000,782.993800,180554.000000,0.000000
1023.560000,371.098700,180539.000000,0.000000
1023.560000,929.987400,180567.000000,0.000000
1023.560000,578.363500,180545.000000,0.000000
1023.570000,1076.542000,180580.000000,0.000000
1023.570000,708.218800,180555.000000,0.000000
1023.580000,1254.066000,180587.000000,0.000000
1023.580000,863.421200,180568.000000,0.000000
1023.580000,503.470800,180546.000000,0.000000
1023.590000,834.658800,180570.000000,0.000000
1023.590000,488.231800,180547.000000,0.000000
1023.600000,1008.325000,180581.000000,0.000000
1023.600000,822.571700,180569.000000,1.000000
1023.610000,1340.481000,180599.000000,0.000000
1023.610000,1166.136000,180589.000000,0.000000
1023.610000,1164.129000,180588.000000,0.000000
1023.620000,771.064400,180571.000000,0.000000
1023.630000,538.606700,180556.000000,0.000000
1023.630000,364.404200,180548.000000,0.000000
1023.650000,662.016700,180572.000000,0.000000
1023.650000,504.968100,180557.000000,0.000000
1023.660000,474.335800,180558.000000,0.000000
1023.660000,476.804400,180559.000000,0.000000
1023.660000,476.799900,180560.000000,0.000000
1023.670000,1338.635000,180606.000000,0.000000
1023.670000,450.657600,180561.000000,0.000000
1023.680000,405.484000,180562.000000,0.000000
1023.680000,959.715300,180590.000000,0.000000
1023.700000,706.764800,180582.000000,0.000000
1023.700000,895.788300,180591.000000,0.000000
1023.720000,843.366900,180592.000000,0.000000
1023.720000,666.956700,180583.000000,0.000000
1023.730000,991.975500,180601.000000,0.000000
1023.730000,1010.561000,180600.000000,0.000000
1023.750000,756.957900,180593.000000,0.000000
1023.760000,536.177700,180584.000000,0.000000
1023.760000,362.697700,180573.000000,0.000000
1023.760000,1101.653000,180607.000000,0.000000
1023.770000,1246.223000,180612.000000,0.000000
1023.770000,1069.351000,180608.000000,0.000000
1023.770000,1248.761000,180613.000000,0.000000
1023.780000,662.053900,180594.000000,0.000000
1023.780000,1025.051000,180609.000000,0.000000
1023.800000,443.527000,180585.000000,0.000000
1023.810000,781.852200,180602.000000,0.000000
1023.820000,734.738000,180603.000000,0.000000
1023.830000,542.557100,180595.000000,0.000000
1023.830000,895.646900,180610.000000,0.000000
1023.830000,338.262100,180586.000000,0.000000
1023.840000,1221.099000,180620.000000,0.000000
1023.850000,473.927900,180596.000000,0.000000
1023.860000,439.880300,180597.000000,0.000000
1023.870000,412.083400,180598.000000,0.000000
1023.870000,784.266900,180611.000000,0.000000
1023.890000,1267.988000,180633.000000,0.000000
1023.890000,536.036100,180604.000000,0.000000
1023.890000,1085.364000,180621.000000,0.000000
1023.920000,824.061300,180614.000000,1.000000
1023.930000,986.996200,180622.000000,0.000000
1023.930000,788.879000,180615.000000,0.000000
1023.960000,893.451800,180623.000000,0.000000
1023.960000,348.159300,180605.000000,0.000000
1023.970000,1235.245000,180638.000000,0.000000
1023.990000,1171.858000,180639.000000,0.000000
1024.000000,950.984300,180634.000000,0.000000
1024.000000,581.082000,180617.000000,0.000000
1024.000000,583.830700,180616.000000,0.000000
1024.010000,762.337600,180624.000000,0.000000
1024.010000,1116.811000,180640.000000,0.000000
1024.010000,936.524200,180635.000000,0.000000
1024.010000,1289.133000,180655.000000,0.000000
1024.020000,1081.194000,180642.000000,0.000000
1024.020000,1097.421000,180641.000000,0.000000
1024.030000,1249.625000,180656.000000,0.000000
1024.030000,1236.703000,180657.000000,0.000000
1024.040000,1020.273000,180643.000000,0.000000
1024.040000,1023.338000,180644.000000,0.000000
1024.050000,648.128400,180625.000000,0.000000
1024.050000,997.555200,180645.000000,0.000000
1024.060000,596.418100,180626.000000,0.000000
1024.060000,412.815900,180618.000000,0.000000
1024.070000,1117.863000,180658.000000,0.000000
1024.070000,760.930400,180636.000000,0.000000
1024.080000,363.505700,180619.000000,0.000000
1024.080000,548.942300,180627.000000,0.000000
1024.080000,912.674400,180647.000000,0.000000
1024.090000,522.527500,180628.000000,0.000000
1024.090000,883.416100,180648.000000,0.000000
1024.090000,895.142200,180646.000000,0.000000
1024.100000,846.536900,180649.000000,0.000000
1024.110000,456.802100,180630.000000,0.000000
1024.110000,1020.808000,180659.000000,0.000000
1024.120000,428.745300,180631.000000,0.000000
1024.120000,446.348000,180629.000000,0.000000
1024.130000,1326.981000,180681.000000,0.000000
1024.140000,393.590500,180632.000000,0.000000
1024.140000,1303.992000,180682.000000,0.000000
1024.150000,901.946600,180660.000000,0.000000
1024.160000,519.144500,180637.000000,0.000000
1024.170000,1197.611000,180683.000000,0.000000
1024.170000,1036.459000,180673.000000,0.000000
1024.180000,636.954200,180650.000000,0.000000
1024.180000,999.417500,180674.000000,0.000000
1024.180000,817.198400,180661.000000,1.000000
1024.200000,569.572400,180652.000000,0.000000
1024.200000,585.134800,180651.000000,0.000000
1024.200000,768.100600,180662.000000,0.000000
1024.200000,744.172000,180663.000000,0.000000
1024.210000,900.926600,180675.000000,0.000000
1024.210000,1088.346000,180684.000000,0.000000
1024.210000,554.678300,180653.000000,0.000000
1024.220000,870.832000,180676.000000,0.000000
1024.230000,1049.521000,180685.000000,0.000000
1024.230000,1214.798000,180698.000000,0.000000
1024.240000,650.537800,180664.000000,0.000000
1024.250000,1338.204000,180710.000000,0.000000
1024.260000,591.700600,180666.000000,0.000000
1024.260000,591.534000,180665.000000,0.000000
1024.260000,412.402400,180654.000000,0.000000
1024.260000,944.731900,180686.000000,0.000000
1024.270000,553.740500,180667.000000,0.000000
1024.280000,518.826000,180668.000000,0.000000
1024.300000,836.345000,180687.000000,0.000000
1024.300000,466.178900,180669.000000,0.000000
1024.310000,814.092700,180688.000000,1.000000
1024.310000,447.153000,180670.000000,0.000000
1024.320000,416.455400,180671.000000,0.000000
1024.320000,608.975700,180677.000000,0.000000
1024.320000,965.887100,180699.000000,0.000000
1024.320000,1340.632000,180721.000000,0.000000
1024.330000,742.424900,180689.000000,0.000000
1024.330000,933.088100,180700.000000,0.000000
1024.330000,397.735500,180672.000000,0.000000
1024.330000,922.474900,180701.000000,0.000000
1024.340000,732.353400,180690.000000,0.000000
1024.340000,537.103100,180678.000000,0.000000
1024.340000,910.584800,180702.000000,0.000000
1024.350000,877.412800,180703.000000,0.000000
1024.350000,689.734200,180691.000000,0.000000
1024.360000,671.495400,180692.000000,0.000000
1024.360000,847.353800,180704.000000,0.000000
1024.370000,1012.496000,180711.000000,0.000000
1024.380000,795.279400,180705.000000,0.000000
1024.380000,608.657300,180693.000000,0.000000
1024.390000,946.669100,180712.000000,0.000000
1024.390000,592.136800,180694.000000,0.000000
1024.400000,366.242300,180679.000000,0.000000
1024.410000,334.259100,180680.000000,0.000000
1024.410000,1245.400000,180734.000000,0.000000
1024.410000,892.473700,180713.000000,0.000000
1024.420000,674.028300,180707.000000,0.000000
1024.420000,505.050200,180695.000000,0.000000
1024.420000,689.952300,180706.000000,0.000000
1024.430000,830.849300,180714.000000,0.000000
1024.440000,450.234500,180696.000000,0.000000
1024.450000,780.252900,180715.000000,0.000000
1024.450000,416.480700,180697.000000,0.000000
1024.460000,743.631800,180716.000000,0.000000
1024.470000,911.876500,180722.000000,0.000000
1024.480000,876.764600,180723.000000,0.000000
1024.480000,691.126600,180717.000000,0.000000
1024.490000,1226.091000,180748.000000,0.000000
1024.490000,1027.736000,180735.000000,0.000000
1024.490000,1213.146000,180749.000000,0.000000
1024.500000,460.885000,180708.000000,0.000000
1024.510000,430.871900,180709.000000,0.000000
1024.510000,1146.253000,180750.000000,0.000000
1024.520000,940.468900,180737.000000,0.000000
1024.520000,769.503100,180725.000000,0.000000
1024.520000,944.605800,180736.000000,0.000000
1024.520000,766.404300,180724.000000,0.000000
1024.530000,912.273200,180738.000000,0.000000
1024.530000,1277.688000,180759.000000,0.000000
1024.540000,1079.732000,180751.000000,0.000000
1024.540000,1055.940000,180752.000000,0.000000
1024.550000,682.835800,180726.000000,0.000000
1024.560000,458.102600,180718.000000,0.000000
1024.560000,1004.981000,180753.000000,0.000000
1024.560000,1181.984000,180760.000000,0.000000
1024.560000,821.498200,180739.000000,1.000000
1024.570000,424.104100,180719.000000,0.000000
1024.570000,616.242100,180727.000000,0.000000
1024.580000,945.903000,180754.000000,0.000000
1024.580000,599.270600,180728.000000,0.000000
1024.590000,754.616800,180740.000000,0.000000
1024.590000,382.061600,180720.000000,0.000000
1024.590000,737.489000,180742.000000,0.000000
1024.590000,568.756200,180729.000000,0.000000
1024.590000,754.781000,180741.000000,0.000000
1024.590000,1101.085000,180761.000000,0.000000
1024.600000,1274.315000,180765.000000,0.000000
1024.600000,1262.254000,180766.000000,0.000000
1024.610000,1245.958000,180767.000000,0.000000
1024.630000,800.763800,180755.000000,0.000000
1024.630000,815.663500,180756.000000,1.000000
1024.630000,639.196500,180743.000000,0.000000
1024.630000,639.436500,180744.000000,0.000000
1024.640000,410.330700,180730.000000,0.000000
1024.640000,1320.485000,180776.000000,0.000000
1024.650000,1295.794000,180777.000000,0.000000
1024.650000,386.037100,180731.000000,0.000000
1024.670000,330.635800,180732.000000,0.000000
1024.670000,339.824100,180733.000000,0.000000
1024.680000,485.130200,180746.000000,0.000000
1024.680000,502.898100,180745.000000,0.000000
1024.680000,672.470200,180757.000000,0.000000
1024.690000,833.178300,180762.000000,0.000000
1024.690000,819.069500,180763.000000,1.000000
1024.690000,474.027100,180747.000000,0.000000
1024.710000,1129.169000,180778.000000,0.000000
1024.720000,1297.015000,180791.000000,0.000000
1024.740000,1236.267000,180792.000000,0.000000
1024.750000,1013.230000,180779.000000,0.000000
1024.750000,649.077000,180764.000000,0.000000
1024.750000,473.566200,180758.000000,0.000000
1024.750000,843.044700,180768.000000,0.000000
1024.760000,815.078000,180769.000000,1.000000
1024.760000,813.049200,180770.000000,1.000000
1024.780000,738.877700,180771.000000,0.000000
1024.780000,1299.182000,180802.000000,0.000000
1024.790000,714.535500,180772.000000,0.000000
1024.800000,681.739100,180773.000000,0.000000
1024.800000,888.257400,180780.000000,0.000000
1024.800000,696.260700,180774.000000,0.000000
1024.810000,1227.805000,180803.000000,0.000000
1024.820000,812.810200,180781.000000,1.000000
1024.840000,765.718500,180782.000000,0.000000
1024.840000,1144.295000,180804.000000,0.000000
1024.860000,1062.389000,180805.000000,0.000000
1024.860000,1080.332000,180806.000000,0.000000
1024.860000,892.645800,180793.000000,0.000000
1024.860000,695.419000,180783.000000,0.000000
1024.900000,963.242800,180807.000000,0.000000
1024.910000,576.497300,180784.000000,0.000000
1024.910000,389.305300,180775.000000,0.000000
1024.910000,745.320200,180794.000000,0.000000
1024.920000,710.758000,180795.000000,0.000000
1024.920000,1271.064000,180818.000000,0.000000
1024.930000,1240.108000,180819.000000,0.000000
1024.930000,1247.215000,180820.000000,0.000000
1024.930000,496.975500,180786.000000,0.000000
1024.930000,513.669700,180785.000000,0.000000
1024.940000,846.355300,180808.000000,0.000000
1024.940000,662.809000,180796.000000,0.000000
1024.940000,668.188500,180797.000000,0.000000
1024.950000,460.508500,180787.000000,0.000000
1024.970000,756.669800,180809.000000,0.000000
1024.970000,936.436200,180812.000000,0.000000
1024.970000,382.815100,180789.000000,0.000000
1024.970000,399.577900,180788.000000,0.000000
1024.970000,1306.248000,180829.000000,0.000000
1024.980000,366.438800,180790.000000,0.000000
1024.980000,553.800200,180799.000000,0.000000
1024.980000,543.995800,180798.000000,0.000000
1024.980000,919.513700,180813.000000,0.000000
1025.000000,1213.786000,180830.000000,0.000000
1025.010000,999.343600,180821.000000,0.000000
1025.020000,447.107300,180800.000000,0.000000
1025.030000,759.674300,180814.000000,0.000000
1025.030000,405.519400,180801.000000,0.000000
1025.030000,955.353000,180822.000000,0.000000
1025.060000,493.565700,180810.000000,0.000000
1025.060000,692.914200,180815.000000,0.000000
1025.060000,701.155800,180816.000000,0.000000
1025.070000,1030.497000,180831.000000,0.000000
1025.070000,463.277800,180811.000000,0.000000
1025.080000,1169.212000,180838.000000,0.000000
1025.080000,1007.967000,180832.000000,0.000000
1025.100000,947.969800,180833.000000,0.000000
1025.110000,1286.031000,180852.000000,0.000000
1025.110000,716.576200,180824.000000,0.000000
1025.110000,727.792400,180823.000000,0.000000
1025.110000,1097.236000,180839.000000,0.000000
1025.120000,1074.827000,180840.000000,0.000000
1025.140000,1009.848000,180841.000000,0.000000
1025.140000,1184.510000,180853.000000,0.000000
1025.140000,1183.730000,180854.000000,0.000000
1025.150000,610.058100,180825.000000,0.000000
1025.150000,1341.109000,180863.000000,0.000000
1025.150000,802.941500,180834.000000,0.000000
1025.150000,970.953400,180842.000000,0.000000
1025.160000,964.406100,180843.000000,0.000000
1025.160000,1331.150000,180864.000000,0.000000
1025.160000,1313.182000,180865.000000,0.000000
1025.160000,394.667100,180817.000000,0.000000
1025.170000,1287.808000,180866.000000,0.000000
1025.170000,741.551400,180835.000000,0.000000
1025.180000,1090.307000,180855.000000,0.000000
1025.180000,706.065600,180836.000000,0.000000
1025.190000,1050.471000,180856.000000,0.000000
1025.190000,870.575100,180844.000000,0.000000
1025.200000,1202.489000,180867.000000,0.000000
1025.210000,1162.713000,180868.000000,0.000000
1025.210000,1181.906000,180869.000000,0.000000
1025.210000,447.751300,180826.000000,0.000000
1025.230000,565.399700,180837.000000,0.000000
1025.230000,939.920000,180857.000000,0.000000
1025.230000,400.424000,180827.000000,0.000000
1025.240000,352.549100,180828.000000,0.000000
1025.240000,1078.272000,180870.000000,0.000000
1025.250000,869.155700,180859.000000,0.000000
1025.260000,848.815200,180858.000000,0.000000
1025.260000,1040.880000,180871.000000,0.000000
1025.270000,823.156600,180860.000000,1.000000
1025.270000,1186.911000,180880.000000,0.000000
1025.280000,612.250200,180845.000000,0.000000
1025.280000,800.419600,180861.000000,0.000000
1025.290000,954.960100,180872.000000,0.000000
1025.290000,1139.102000,180881.000000,0.000000
1025.290000,578.709700,180846.000000,0.000000
1025.300000,932.374100,180873.000000,0.000000
1025.320000,503.300600,180847.000000,0.000000
1025.340000,452.852400,180848.000000,0.000000
1025.340000,609.501000,180862.000000,0.000000
1025.350000,410.855000,180850.000000,0.000000
1025.350000,425.460100,180849.000000,0.000000
1025.350000,1137.011000,180887.000000,0.000000
1025.370000,705.662800,180874.000000,0.000000
1025.370000,914.556600,180882.000000,0.000000
1025.380000,874.518900,180883.000000,0.000000
1025.380000,328.704200,180851.000000,0.000000
1025.390000,1200.954000,180894.000000,0.000000
1025.400000,822.268500,180884.000000,1.000000
1025.410000,594.191500,180875.000000,0.000000
1025.420000,931.393700,180889.000000,0.000000
1025.420000,942.093400,180888.000000,0.000000
1025.430000,554.252000,180876.000000,0.000000
1025.440000,518.551000,180877.000000,0.000000
1025.440000,523.871500,180878.000000,0.000000
1025.440000,534.703700,180879.000000,0.000000
1025.440000,1245.660000,180904.000000,0.000000
1025.450000,1045.118000,180895.000000,0.000000
1025.460000,819.047200,180890.000000,1.000000
1025.460000,1185.185000,180905.000000,0.000000
1025.470000,987.158800,180896.000000,0.000000
1025.470000,814.532300,180891.000000,1.000000
1025.480000,1135.379000,180906.000000,0.000000
1025.490000,1286.172000,180919.000000,0.000000
1025.500000,1272.122000,180920.000000,0.000000
1025.510000,1244.193000,180921.000000,0.000000
1025.510000,506.997700,180885.000000,0.000000
1025.520000,837.827400,180897.000000,0.000000
1025.520000,1204.864000,180922.000000,0.000000
1025.530000,812.552000,180898.000000,1.000000
1025.530000,1000.166000,180907.000000,0.000000
1025.560000,364.044700,180886.000000,0.000000
1025.560000,722.871600,180899.000000,0.000000
1025.570000,889.907400,180908.000000,0.000000
1025.590000,462.820200,180892.000000,0.000000
1025.590000,818.344300,180910.000000,1.000000
1025.600000,428.732700,180893.000000,0.000000
1025.600000,801.119500,180911.000000,0.000000
1025.600000,809.589200,180909.000000,1.000000
1025.610000,780.301600,180912.000000,0.000000
1025.620000,931.775500,180923.000000,0.000000
1025.630000,517.183300,180900.000000,0.000000
1025.630000,1254.681000,180946.000000,0.000000
1025.630000,533.182100,180901.000000,0.000000
1025.630000,1257.936000,180947.000000,0.000000
1025.640000,879.254200,180925.000000,0.000000
1025.640000,870.216200,180924.000000,0.000000
1025.640000,1235.631000,180949.000000,0.000000
1025.640000,1240.563000,180948.000000,0.000000
1025.650000,1028.674000,180932.000000,0.000000
1025.670000,775.058000,180926.000000,0.000000
1025.670000,1316.103000,180959.000000,0.000000
1025.670000,1156.507000,180950.000000,0.000000
1025.680000,1119.192000,180951.000000,0.000000
1025.680000,576.586100,180913.000000,0.000000
1025.680000,391.770500,180902.000000,0.000000
1025.690000,533.680900,180914.000000,0.000000
1025.690000,553.757600,180915.000000,0.000000
1025.690000,910.414600,180933.000000,0.000000
1025.690000,900.794800,180934.000000,0.000000
1025.700000,882.042800,180935.000000,0.000000
1025.700000,696.899300,180927.000000,0.000000
1025.700000,333.950700,180903.000000,0.000000
1025.710000,1221.719000,180960.000000,0.000000
1025.710000,1032.837000,180952.000000,0.000000
1025.710000,657.534200,180928.000000,0.000000
1025.720000,834.670900,180936.000000,0.000000
1025.730000,612.969500,180929.000000,0.000000
1025.730000,1155.632000,180961.000000,0.000000
1025.730000,440.045600,180916.000000,0.000000
1025.730000,428.991100,180917.000000,0.000000
1025.730000,975.515600,180953.000000,0.000000
1025.740000,758.531400,180937.000000,0.000000
1025.750000,1115.591000,180962.000000,0.000000
1025.750000,372.386500,180918.000000,0.000000
1025.760000,701.217600,180940.000000,0.000000
1025.760000,705.600800,180938.000000,0.000000
1025.760000,901.614300,180954.000000,0.000000
1025.760000,1247.067000,180973.000000,0.000000
1025.760000,526.561500,180930.000000,0.000000
1025.770000,872.645700,180955.000000,0.000000
1025.770000,690.046300,180939.000000,0.000000
1025.780000,1002.372000,180963.000000,0.000000
1025.780000,471.224000,180931.000000,0.000000
1025.790000,981.848100,180964.000000,0.000000
1025.790000,804.792900,180956.000000,0.000000
1025.790000,1168.791000,180974.000000,0.000000
1025.800000,1152.097000,180975.000000,0.000000
1025.820000,526.897200,180941.000000,0.000000
1025.850000,814.479500,180965.000000,1.000000
1025.850000,645.496800,180957.000000,0.000000
1025.860000,595.636000,180958.000000,0.000000
1025.860000,972.218300,180976.000000,0.000000
1025.860000,984.715300,180977.000000,0.000000
1025.870000,392.758500,180942.000000,0.000000
1025.880000,380.169100,180945.000000,0.000000
1025.880000,376.308700,180944.000000,0.000000
1025.880000,367.516300,180943.000000,0.000000
1025.880000,1087.496000,180985.000000,0.000000
1025.890000,878.257000,180978.000000,0.000000
1025.890000,698.960600,180966.000000,0.000000
1025.900000,664.883000,180967.000000,0.000000
1025.910000,1197.433000,180999.000000,0.000000
1025.920000,1180.415000,181001.000000,0.000000
1025.920000,1175.770000,181000.000000,0.000000
1025.930000,597.312200,180969.000000,0.000000
1025.930000,598.623700,180968.000000,0.000000
1025.930000,1332.331000,181020.000000,0.000000
1025.940000,555.279800,180971.000000,0.000000
1025.940000,748.704200,180979.000000,0.000000
1025.940000,927.655500,180986.000000,0.000000
1025.940000,564.076000,180970.000000,0.000000
1025.950000,1085.808000,181002.000000,0.000000
1025.970000,853.980500,180987.000000,0.000000
1025.970000,837.577500,180988.000000,0.000000
1025.980000,988.547400,181004.000000,0.000000
1025.980000,805.720600,180989.000000,1.000000
1025.990000,1324.481000,181029.000000,0.000000
1025.990000,963.839100,181005.000000,0.000000
1025.990000,1332.235000,181028.000000,0.000000
1025.990000,971.882000,181003.000000,0.000000
1026.000000,584.351600,180980.000000,0.000000
1026.010000,728.006700,180990.000000,0.000000
1026.010000,717.498700,180991.000000,0.000000
1026.010000,1263.033000,181030.000000,0.000000
1026.010000,918.320600,181006.000000,0.000000
1026.020000,876.073100,181007.000000,0.000000
1026.020000,516.341200,180981.000000,0.000000
1026.020000,339.622000,180972.000000,0.000000
1026.030000,683.311900,180992.000000,0.000000
1026.030000,500.462200,180982.000000,0.000000
1026.030000,1022.651000,181021.000000,0.000000
1026.030000,1038.234000,181022.000000,0.000000
1026.030000,675.023900,180993.000000,0.000000
1026.030000,666.119500,180994.000000,0.000000
1026.040000,819.398100,181009.000000,1.000000
1026.050000,800.118000,181008.000000,0.000000
1026.050000,438.213600,180983.000000,0.000000
1026.050000,620.109000,180995.000000,0.000000
1026.050000,784.017800,181011.000000,0.000000
1026.060000,390.212600,180984.000000,0.000000
1026.060000,778.690900,181010.000000,0.000000
1026.060000,963.530400,181023.000000,0.000000
1026.060000,773.837900,181012.000000,0.000000
1026.060000,1306.681000,181038.000000,0.000000
1026.060000,1310.867000,181039.000000,0.000000
1026.070000,745.840600,181013.000000,0.000000
1026.070000,545.423500,180996.000000,0.000000
1026.100000,1024.719000,181031.000000,0.000000
1026.100000,1024.967000,181032.000000,0.000000
1026.100000,663.907100,181014.000000,0.000000
1026.110000,821.184800,181024.000000,0.000000
1026.130000,375.298700,180997.000000,0.000000
1026.140000,358.716000,180998.000000,0.000000
1026.140000,1277.086000,181049.000000,0.000000
1026.140000,1075.542000,181040.000000,0.000000
1026.150000,692.091600,181025.000000,0.000000
1026.150000,888.094000,181033.000000,0.000000
1026.150000,863.738000,181035.000000,0.000000
1026.150000,1053.569000,181041.000000,0.000000
1026.150000,500.092200,181016.000000,0.000000
1026.160000,490.902600,181015.000000,0.000000
1026.160000,478.366800,181017.000000,0.000000
1026.160000,862.762300,181034.000000,0.000000
1026.160000,1036.558000,181042.000000,0.000000
1026.170000,461.774300,181018.000000,0.000000
1026.170000,1184.746000,181050.000000,0.000000
1026.190000,1139.634000,181051.000000,0.000000
1026.200000,913.759600,181043.000000,0.000000
1026.200000,371.234300,181019.000000,0.000000
1026.220000,870.844200,181044.000000,0.000000
1026.220000,1220.871000,181058.000000,0.000000
1026.220000,506.714000,181026.000000,0.000000
1026.230000,820.436500,181045.000000,1.000000
1026.230000,1015.276000,181052.000000,0.000000
1026.240000,434.701100,181027.000000,0.000000
1026.240000,790.789800,181046.000000,0.000000
1026.240000,632.261500,181036.000000,0.000000
1026.240000,1181.380000,181059.000000,0.000000
1026.250000,1333.854000,181071.000000,0.000000
1026.270000,1261.164000,181072.000000,0.000000
1026.290000,480.342900,181037.000000,0.000000
1026.310000,786.191800,181053.000000,0.000000
1026.310000,965.994300,181060.000000,0.000000
1026.310000,1161.412000,181073.000000,0.000000
1026.320000,1299.604000,181086.000000,0.000000
1026.320000,1127.046000,181074.000000,0.000000
1026.330000,927.539200,181061.000000,0.000000
1026.340000,875.022400,181062.000000,0.000000
1026.340000,522.700000,181047.000000,0.000000
1026.350000,1215.406000,181087.000000,0.000000
1026.350000,1037.366000,181075.000000,0.000000
1026.360000,455.941700,181048.000000,0.000000
1026.370000,1163.098000,181088.000000,0.000000
1026.370000,1337.862000,181099.000000,0.000000
1026.370000,793.205000,181063.000000,0.000000
1026.380000,773.695100,181064.000000,0.000000
1026.380000,759.932900,181065.000000,0.000000
1026.390000,548.965100,181054.000000,0.000000
1026.390000,1100.300000,181089.000000,0.000000
1026.400000,527.152900,181055.000000,0.000000
1026.400000,904.580000,181076.000000,0.000000
1026.410000,856.231400,181078.000000,0.000000
1026.410000,880.000700,181077.000000,0.000000
1026.420000,1029.820000,181090.000000,0.000000
1026.430000,448.482100,181057.000000,0.000000
1026.430000,628.539400,181066.000000,0.000000
1026.430000,1174.680000,181100.000000,0.000000
1026.430000,820.289000,181079.000000,0.000000
1026.430000,442.252800,181056.000000,0.000000
1026.440000,959.524600,181091.000000,0.000000
1026.450000,754.638100,181080.000000,0.000000
1026.460000,537.302400,181067.000000,0.000000
1026.480000,682.333300,181081.000000,0.000000
1026.480000,501.248800,181068.000000,0.000000
1026.480000,841.405500,181092.000000,0.000000
1026.480000,669.313700,181082.000000,0.000000
1026.500000,786.351600,181093.000000,0.000000
1026.500000,433.149700,181069.000000,0.000000
1026.510000,1305.606000,181113.000000,0.000000
1026.510000,1323.034000,181114.000000,0.000000
1026.530000,348.637900,181070.000000,0.000000
1026.530000,540.487200,181083.000000,0.000000
1026.530000,527.447600,181084.000000,0.000000
1026.530000,698.113800,181094.000000,0.000000
1026.540000,1039.066000,181104.000000,0.000000
1026.550000,660.470500,181095.000000,0.000000
1026.550000,1210.799000,181115.000000,0.000000
1026.560000,813.860600,181101.000000,1.000000
1026.570000,957.253400,181105.000000,0.000000
1026.580000,1314.236000,181128.000000,0.000000
1026.580000,760.883900,181102.000000,0.000000
1026.590000,920.265200,181106.000000,0.000000
1026.590000,539.956500,181097.000000,0.000000
1026.590000,895.087300,181107.000000,0.000000
1026.590000,901.442300,181108.000000,0.000000
1026.590000,540.841700,181096.000000,0.000000
1026.600000,1049.870000,181116.000000,0.000000
1026.600000,329.970000,181085.000000,0.000000
1026.620000,827.249000,181109.000000,0.000000
1026.620000,991.267200,181117.000000,0.000000
1026.630000,983.946500,181118.000000,0.000000
1026.640000,1130.723000,181129.000000,0.000000
1026.640000,389.977900,181098.000000,0.000000
1026.650000,926.246200,181119.000000,0.000000
1026.680000,460.996200,181103.000000,0.000000
1026.680000,1024.392000,181130.000000,0.000000
1026.690000,816.559800,181120.000000,1.000000
1026.690000,1165.471000,181141.000000,0.000000
1026.690000,630.916200,181110.000000,0.000000
1026.700000,1155.281000,181142.000000,0.000000
1026.710000,1296.730000,181147.000000,0.000000
1026.720000,546.848600,181111.000000,0.000000
1026.720000,892.675500,181131.000000,0.000000
1026.730000,1227.024000,181149.000000,0.000000
1026.730000,1244.027000,181148.000000,0.000000
1026.740000,839.799000,181132.000000,0.000000
1026.740000,667.993600,181121.000000,0.000000
1026.750000,813.142100,181134.000000,1.000000
1026.750000,816.859500,181133.000000,1.000000
1026.780000,721.043700,181135.000000,0.000000
1026.780000,353.752300,181112.000000,0.000000
1026.790000,1263.029000,181161.000000,0.000000
1026.790000,506.880200,181122.000000,0.000000
1026.800000,486.779200,181124.000000,0.000000
1026.800000,1222.576000,181162.000000,0.000000
1026.810000,463.351200,181123.000000,0.000000
1026.810000,652.473800,181136.000000,0.000000
1026.810000,477.251100,181125.000000,0.000000
1026.810000,642.199900,181137.000000,0.000000
1026.820000,1167.740000,181163.000000,0.000000
1026.820000,810.379100,181144.000000,1.000000
1026.820000,813.907600,181143.000000,1.000000
1026.830000,394.113000,181126.000000,0.000000
1026.830000,958.340500,181150.000000,0.000000
1026.850000,532.569500,181138.000000,0.000000
1026.850000,343.496600,181127.000000,0.000000
1026.850000,1094.401000,181164.000000,0.000000
1026.860000,871.726000,181151.000000,0.000000
1026.860000,1062.397000,181165.000000,0.000000
1026.860000,1241.344000,181173.000000,0.000000
1026.870000,834.024100,181152.000000,0.000000
1026.870000,464.412600,181139.000000,0.000000
1026.900000,1310.701000,181184.000000,0.000000
1026.900000,746.948400,181153.000000,0.000000
1026.910000,1263.048000,181185.000000,0.000000
1026.910000,725.411300,181154.000000,0.000000
1026.920000,892.866300,181166.000000,0.000000
1026.920000,333.867000,181140.000000,0.000000
1026.940000,629.967700,181155.000000,0.000000
1026.940000,1198.590000,181186.000000,0.000000
1026.940000,456.087900,181145.000000,0.000000
1026.940000,1011.879000,181174.000000,0.000000
1026.950000,1151.187000,181187.000000,0.000000
1026.960000,758.139200,181168.000000,0.000000
1026.960000,1135.884000,181188.000000,0.000000
1026.960000,772.760700,181169.000000,0.000000
1026.960000,590.344500,181156.000000,0.000000
1026.970000,750.121600,181167.000000,0.000000
1026.970000,364.663600,181146.000000,0.000000
1026.970000,915.765800,181176.000000,0.000000
1026.970000,920.219100,181175.000000,0.000000
1026.980000,533.542700,181157.000000,0.000000
1026.980000,1250.670000,181203.000000,0.000000
1026.990000,1056.402000,181189.000000,0.000000
1026.990000,488.046900,181158.000000,0.000000
1027.010000,452.068200,181159.000000,0.000000
1027.010000,441.161500,181160.000000,0.000000
1027.020000,1332.761000,181213.000000,0.000000
1027.040000,1260.623000,181214.000000,0.000000
1027.040000,541.566900,181170.000000,0.000000
1027.050000,868.191200,181190.000000,0.000000
1027.050000,516.815700,181171.000000,0.000000
1027.050000,1238.460000,181215.000000,0.000000
1027.060000,1021.963000,181204.000000,0.000000
1027.070000,1174.690000,181217.000000,0.000000
1027.070000,1188.597000,181216.000000,0.000000
1027.070000,813.690500,181191.000000,1.000000
1027.070000,1004.092000,181205.000000,0.000000
1027.070000,624.151000,181177.000000,0.000000
1027.080000,1330.889000,181230.000000,0.000000
1027.100000,725.081400,181193.000000,0.000000
1027.100000,559.109300,181178.000000,0.000000
1027.100000,724.836900,181192.000000,0.000000
1027.100000,552.500500,181179.000000,0.000000
1027.110000,348.624100,181172.000000,0.000000
1027.120000,493.676600,181180.000000,0.000000
1027.120000,848.910000,181206.000000,0.000000
1027.130000,1004.942000,181218.000000,0.000000
1027.130000,643.234600,181194.000000,0.000000
1027.140000,624.302600,181195.000000,0.000000
1027.140000,817.162200,181207.000000,1.000000
1027.140000,1175.684000,181231.000000,0.000000
1027.150000,789.813300,181208.000000,0.000000
1027.150000,407.140100,181181.000000,0.000000
1027.150000,772.466600,181209.000000,0.000000
1027.150000,947.273800,181219.000000,0.000000
1027.160000,573.234400,181196.000000,0.000000
1027.160000,1102.752000,181232.000000,0.000000
1027.160000,390.574600,181182.000000,0.000000
1027.170000,348.147200,181183.000000,0.000000
1027.170000,530.217000,181197.000000,0.000000
1027.170000,532.548600,181198.000000,0.000000
1027.180000,682.005400,181210.000000,0.000000
1027.180000,861.659400,181222.000000,0.000000
1027.180000,878.878400,181220.000000,0.000000
1027.190000,1220.335000,181244.000000,0.000000
1027.190000,831.543600,181224.000000,0.000000
1027.190000,844.166500,181225.000000,0.000000
1027.190000,848.995200,181221.000000,0.000000
1027.200000,825.403300,181223.000000,0.000000
1027.200000,453.497500,181199.000000,0.000000
1027.200000,989.360400,181233.000000,0.000000
1027.210000,417.297600,181200.000000,0.000000
1027.220000,935.884200,181234.000000,0.000000
1027.230000,1085.242000,181245.000000,0.000000
1027.240000,519.798000,181211.000000,0.000000
1027.240000,346.778800,181202.000000,0.000000
1027.240000,350.841100,181201.000000,0.000000
1027.250000,1048.387000,181246.000000,0.000000
1027.260000,649.100500,181226.000000,0.000000
1027.260000,815.759700,181235.000000,1.000000
1027.270000,794.892600,181236.000000,0.000000
1027.270000,424.963100,181212.000000,0.000000
1027.280000,1137.359000,181252.000000,0.000000
1027.290000,1297.687000,181258.000000,0.000000
1027.300000,894.199600,181247.000000,0.000000
1027.300000,887.713600,181248.000000,0.000000
1027.310000,683.144700,181237.000000,0.000000
1027.330000,617.059000,181238.000000,0.000000
1027.330000,625.621500,181239.000000,0.000000
1027.330000,448.986500,181227.000000,0.000000
1027.330000,1007.912000,181253.000000,0.000000
1027.340000,1152.553000,181259.000000,0.000000
1027.340000,1326.098000,181267.000000,0.000000
1027.350000,936.818700,181254.000000,0.000000
1027.350000,392.361300,181228.000000,0.000000
1027.350000,1127.427000,181260.000000,0.000000
1027.360000,538.469200,181240.000000,0.000000
1027.360000,1267.549000,181268.000000,0.000000
1027.370000,688.742200,181249.000000,0.000000
1027.370000,342.723400,181229.000000,0.000000
1027.380000,676.429400,181250.000000,0.000000
1027.390000,452.587100,181241.000000,0.000000
1027.400000,1157.089000,181269.000000,0.000000
1027.400000,423.936000,181242.000000,0.000000
1027.410000,939.663500,181262.000000,0.000000
1027.410000,957.311000,181261.000000,0.000000
1027.430000,887.778500,181263.000000,0.000000
1027.440000,1228.579000,181274.000000,0.000000
1027.440000,328.322900,181243.000000,0.000000
1027.440000,486.334700,181251.000000,0.000000
1027.450000,653.834900,181256.000000,0.000000
1027.450000,666.565100,181255.000000,0.000000
1027.460000,820.195600,181264.000000,0.000000
1027.480000,1306.688000,181291.000000,0.000000
1027.480000,1109.985000,181275.000000,0.000000
1027.490000,1280.562000,181292.000000,0.000000
1027.490000,1084.292000,181276.000000,0.000000
1027.500000,1246.690000,181293.000000,0.000000
1027.510000,1019.095000,181277.000000,0.000000
1027.510000,484.382700,181257.000000,0.000000
1027.520000,833.017900,181270.000000,0.000000
1027.530000,805.033600,181271.000000,0.000000
1027.540000,1121.500000,181294.000000,0.000000
1027.540000,754.770300,181272.000000,0.000000
1027.540000,953.408800,181278.000000,0.000000
1027.550000,560.958800,181265.000000,0.000000
1027.560000,1071.277000,181295.000000,0.000000
1027.570000,865.218000,181279.000000,0.000000
1027.580000,476.169000,181266.000000,0.000000
1027.590000,804.922700,181281.000000,0.000000
1027.590000,817.295600,181280.000000,0.000000
1027.590000,988.986800,181296.000000,0.000000
1027.600000,1329.576000,181316.000000,0.000000
1027.600000,603.402400,181273.000000,0.000000
1027.620000,732.648600,181282.000000,0.000000
1027.630000,885.500600,181298.000000,0.000000
1027.630000,876.897500,181297.000000,0.000000
1027.640000,674.689800,181283.000000,0.000000
1027.640000,1020.613000,181303.000000,0.000000
1027.650000,803.026300,181299.000000,0.000000
1027.660000,602.713100,181284.000000,0.000000
1027.660000,974.676900,181304.000000,0.000000
1027.670000,569.695900,181285.000000,0.000000
1027.680000,726.215300,181300.000000,0.000000
1027.680000,1096.819000,181317.000000,0.000000
1027.710000,648.312300,181301.000000,0.000000
1027.710000,456.925300,181287.000000,0.000000
1027.710000,1008.212000,181318.000000,0.000000
1027.710000,465.843800,181286.000000,0.000000
1027.720000,979.752100,181319.000000,0.000000
1027.730000,393.885800,181288.000000,0.000000
1027.740000,749.196800,181306.000000,0.000000
1027.740000,731.814600,181305.000000,0.000000
1027.750000,350.278300,181289.000000,0.000000
1027.760000,693.464000,181307.000000,0.000000
1027.760000,331.871600,181290.000000,0.000000
1027.780000,458.445200,181302.000000,0.000000
1027.800000,758.857200,181320.000000,0.000000
1027.810000,532.100500,181309.000000,0.000000
1027.810000,532.971300,181310.000000,0.000000
1027.810000,713.522000,181321.000000,0.000000
1027.810000,545.561700,181308.000000,0.000000
1027.840000,636.826400,181322.000000,0.000000
1027.850000,433.879700,181312.000000,0.000000
1027.850000,439.163800,181311.000000,0.000000
1027.860000,390.378200,181313.000000,0.000000
1027.870000,362.863500,181314.000000,0.000000
1027.880000,336.495700,181315.000000,0.000000
1027.890000,492.814800,181323.000000,0.000000
1027.920000,411.358900,181325.000000,0.000000
1027.930000,397.228200,181324.000000,0.000000
1027.940000,368.365000,181326.000000,0.000000
